6.397424749320962389e-02 7.674152050312876838e-02 6.960800538736698628e-02 7.557440380585335460e-02 4.558248252993133548e-02 6.639178226822653461e-02 5.701383128443052173e-02 7.171349306582749938e-02 6.586390752000152726e-02 6.570562073519989332e-02
4.819943152302047507e-02 6.956136700804692319e-02 5.359995409094443775e-02 7.165272297730919393e-02 3.630093117794803287e-02 5.736204303068041799e-02 4.343459589238012064e-02 6.642137753592111671e-02 4.457636045376590223e-02 5.104198348797959334e-02
3.721939845259850110e-02 6.261021673389391418e-02 3.463931481128889461e-02 6.792876963513343191e-02 3.138658554809903994e-02 4.978193921997604160e-02 3.359254735387136315e-02 6.209187238800419756e-02 3.828310262786797230e-02 4.343834006363127970e-02
3.068499676992919936e-02 5.488596190310041784e-02 2.402276097001153007e-02 6.401315312470669261e-02 2.782552251277038008e-02 4.157386252271013521e-02 2.510568718140066685e-02 5.680866192845464291e-02 3.531690518250168304e-02 3.908560646730634830e-02
2.720113838907609397e-02 4.673061516463337256e-02 1.937539019167493215e-02 6.007991617094223663e-02 2.517047891123015343e-02 3.452300241161031930e-02 1.916373391383836486e-02 5.025638707112210779e-02 3.364577485888652075e-02 3.546931956296077437e-02
2.489323207211427760e-02 3.859373518043209689e-02 1.675037902777940652e-02 5.632878177839507894e-02 2.325861673119363968e-02 2.947063137724592954e-02 1.596768102605246320e-02 4.259337687326360256e-02 3.206938551772803292e-02 3.269168677628996739e-02
2.330134247131667585e-02 3.054623109851232338e-02 1.515978815296535782e-02 5.260235532070699216e-02 2.117808913954421016e-02 2.617533504745822928e-02 1.483641370838782204e-02 3.608290475351155074e-02 3.075364422293706823e-02 2.892908521546651637e-02
2.171041014274413192e-02 2.367308770934448831e-02 1.383353453567177926e-02 4.992538344832687935e-02 1.960740598115479419e-02 2.334663565441532848e-02 1.382742056533264180e-02 3.167950022888962880e-02 2.906017107510630582e-02 2.605097805961712615e-02
2.023475005385442366e-02 1.821569917609372480e-02 1.281538838627067044e-02 4.724832075371289408e-02 1.819933243099007211e-02 2.181143492391761363e-02 1.367990232910244568e-02 2.837031074651013424e-02 2.725813450032323754e-02 2.364276546694419126e-02
1.886714191318579134e-02 1.537087935706494581e-02 1.158971729941051833e-02 4.568699375747914404e-02 1.707767909987489147e-02 2.019263254514436570e-02 1.289310429327037051e-02 2.636443920780190062e-02 2.575253114808977867e-02 2.160231870008653618e-02
1.755432114667863919e-02 1.429898403607677768e-02 1.076063829867060506e-02 4.417734277386121261e-02 1.626849427381510393e-02 1.904715153122092317e-02 1.238044758141515836e-02 2.371268142572458687e-02 2.400078782056546886e-02 2.012610243516096270e-02
1.639493613862760824e-02 1.358545435671681435e-02 1.020579422862753077e-02 4.330370200378991924e-02 1.546326640232333419e-02 1.757077026038307219e-02 1.174801101072849366e-02 2.169107091582552979e-02 2.235568027144474793e-02 1.837808972427776993e-02
1.538724598819627906e-02 1.313580151845158625e-02 9.452637644415442728e-03 4.164401298654816369e-02 1.467790111366910552e-02 1.702037960768080019e-02 1.121312351687806137e-02 2.008840229000798464e-02 2.052907195178776609e-02 1.698460280326588578e-02
1.454193927130597794e-02 1.287232359701883863e-02 9.244682826926371721e-03 4.041419400000415690e-02 1.429603043731238372e-02 1.572775017199704722e-02 1.091327812552405144e-02 1.836217426566748301e-02 1.909296213480279197e-02 1.581643317678381108e-02
1.358920412366626009e-02 1.289174673136929059e-02 8.502246565892787253e-03 3.932740567030444667e-02 1.332567115913074751e-02 1.506005838222110836e-02 1.056496876899952128e-02 1.680961679524910560e-02 1.753683661351772977e-02 1.492099652716289380e-02
1.282579255597442701e-02 1.222098120980917232e-02 8.131713221906590808e-03 3.820029411426998506e-02 1.286335236240826810e-02 1.417793494304017861e-02 1.018204943494600313e-02 1.542409764105909242e-02 1.596371568333621732e-02 1.419822698598473786e-02
1.208111054392458326e-02 1.233383650997973979e-02 7.830769710093398589e-03 3.705819471856577202e-02 1.233546790656409910e-02 1.373450796548402429e-02 9.805179788648237665e-03 1.420955537785051521e-02 1.497285399218938398e-02 1.326845492755148945e-02
1.160661076205439166e-02 1.205305730651228327e-02 7.688076102746298733e-03 3.605507175207461890e-02 1.216777388534109536e-02 1.302849214449170248e-02 9.652638010892739678e-03 1.296667991546896631e-02 1.407700615397391823e-02 1.222716830833400423e-02
1.077474388874940202e-02 1.191032624700090990e-02 7.346776637458064807e-03 3.462379369761102443e-02 1.138309495506911219e-02 1.283600542986905631e-02 9.777213785918125594e-03 1.167892860774983471e-02 1.340377260835405593e-02 1.181400348341633474e-02
1.029673057524094042e-02 1.166161431989437731e-02 7.195513988304433686e-03 3.386211709219590776e-02 1.081373535430565219e-02 1.213234844866612795e-02 9.102003754730835991e-03 1.074661624466724877e-02 1.242523068400784754e-02 1.126503773368059402e-02
9.781554731267410804e-03 1.107814614215060257e-02 6.844829503611788747e-03 3.231697169778380285e-02 1.072038134682337836e-02 1.182840733225236363e-02 8.727675753791411944e-03 9.863862312662485463e-03 1.200616817520316210e-02 1.073312076233035386e-02
9.318667197435789168e-03 1.098388147127812159e-02 6.611733652476491953e-03 3.107228356344256259e-02 9.985733533700273321e-03 1.134791343106237617e-02 8.622697516327935616e-03 9.112612453932406389e-03 1.136090679740005965e-02 1.029705865010657750e-02
9.155445060783851813e-03 1.100703168391302215e-02 6.499822864238897178e-03 3.004467037222809805e-02 9.501054723373472330e-03 1.100893509085991429e-02 8.476145593130514355e-03 8.403785796602378233e-03 1.082140397351703635e-02 9.791140061626190522e-03
8.621427360459689090e-03 1.055034354163878092e-02 6.271974209086259196e-03 2.881532979626343083e-02 9.645951195479229856e-03 1.073651841501395421e-02 8.258887636840279642e-03 7.887150037895916330e-03 1.037719852977205502e-02 9.499657429165333372e-03
8.249733522575306358e-03 1.033798397563467572e-02 6.369820289304592431e-03 2.753898686177269628e-02 8.784844395476016504e-03 1.062333388963142972e-02 8.124793801232748497e-03 7.644717742884057747e-03 9.988464791485348465e-03 9.079329985910959341e-03
8.091211332532856348e-03 1.042653960946205577e-02 6.113467589646787159e-03 2.631562981796982739e-02 8.793239695975509432e-03 1.045786511058501185e-02 8.036603636654144137e-03 7.288191182596126007e-03 9.563005123441914099e-03 8.680934438599732447e-03
7.737103474052882401e-03 9.976182130011624835e-03 5.927612972892418175e-03 2.505942722092876704e-02 8.347758508135908612e-03 9.848894449311314248e-03 7.868200253478075876e-03 6.913477512727763362e-03 9.106894511534390294e-03 8.419556086813651669e-03
7.511026504614189483e-03 9.960677777093708204e-03 5.836955653770898970e-03 2.396280761211152036e-02 8.579313312717792503e-03 9.591625375952803068e-03 7.810271025503891240e-03 6.662380675708442189e-03 8.843005299175362571e-03 8.346679749478664104e-03
7.285525251525021458e-03 9.695900546997131969e-03 5.806551301652644777e-03 2.284187157209422933e-02 8.051810280950531459e-03 9.305634084807494488e-03 7.528834711634070989e-03 6.534505350700785600e-03 8.780172462830299410e-03 8.104796037219842708e-03
7.128610044710931640e-03 9.581291021460585505e-03 5.704850052093598557e-03 2.140809366210469356e-02 7.826850294136569047e-03 9.110091501962550367e-03 7.534905298363253970e-03 6.321419590891624689e-03 8.145553190955341638e-03 7.656512348664420119e-03
6.944979694213094558e-03 9.353774787934639873e-03 5.709313376683061193e-03 1.994532382636164669e-02 7.555362095478281026e-03 9.162038370614678656e-03 7.243312884938512240e-03 6.191039051854667873e-03 7.679849810752218710e-03 7.631100067870458421e-03
6.770658138825796056e-03 9.681507933998556234e-03 5.524212576276394358e-03 1.860123355673533319e-02 7.155301856769013570e-03 8.797769855170960510e-03 7.410014915170307082e-03 6.090209629515925573e-03 7.557999657670200558e-03 7.331979458776258923e-03
6.534742329564674664e-03 9.057525136337814600e-03 5.645783196071841627e-03 1.776065044926168970e-02 7.634818278211933339e-03 8.593505808538353871e-03 7.272030415287717049e-03 5.861699227792625637e-03 7.656534998484289603e-03 7.026619549603201932e-03
6.449840236915774412e-03 8.961178926173932885e-03 5.528123599059638071e-03 1.639289172652415652e-02 7.132119628637145076e-03 8.452135846351403400e-03 6.969569330273496163e-03 5.738984025274900154e-03 7.615786392065737771e-03 6.894766481833144653e-03
6.307882472004042521e-03 9.223610620926850009e-03 5.357198720926339974e-03 1.529181486396386132e-02 6.649560951279156681e-03 8.295717448707343178e-03 6.873235860689595224e-03 5.779955929365966812e-03 7.944996991980235110e-03 6.796713351408341895e-03
6.115828435627262798e-03 8.673440198054781919e-03 5.255998259039629597e-03 1.432555594258774941e-02 7.031156441675817659e-03 8.051168906846761786e-03 6.780144094974659315e-03 5.578647171467616961e-03 6.707412006092480956e-03 6.671255951622409412e-03
6.014239536399301929e-03 8.669076712546040786e-03 5.169238678623113911e-03 1.353004176584907993e-02 6.341855752994063344e-03 8.116645733073617891e-03 7.009555535424857875e-03 5.628831726633954334e-03 6.992620384440288370e-03 6.703921959819170162e-03
5.899060227605801635e-03 9.666260749783181158e-03 5.109727970247352619e-03 1.265437386782443559e-02 6.199693072150817483e-03 7.837736376610490718e-03 6.799798107326876680e-03 5.430830788983922672e-03 6.557127060129943827e-03 6.491115285863787061e-03
5.829648249889723272e-03 8.199245391114983253e-03 5.282965205665607518e-03 1.217607410151793322e-02 7.041330898925674507e-03 7.764743688990012778e-03 6.406502850153722277e-03 5.280415892901434323e-03 6.308935807505540623e-03 6.385537913036203224e-03
5.794685349219869108e-03 8.277861707842644814e-03 5.040445182297310228e-03 1.148568591095696853e-02 5.998412205510402807e-03 7.535767576325826979e-03 6.501278913619386833e-03 5.336481617471352384e-03 6.188885317650127428e-03 6.201098464553213112e-03
5.625097004178599217e-03 8.008500527657986742e-03 4.905938622991191933e-03 1.087049913452177094e-02 5.852882655244638285e-03 7.549298361105656087e-03 6.545622770754602575e-03 5.286618251322890323e-03 5.972268048055783506e-03 6.250913286292966199e-03
5.561413565545909876e-03 8.389108210668107246e-03 4.950534132172055776e-03 1.054779865733091598e-02 6.277005357123125774e-03 7.212794162112091782e-03 6.352249592623638447e-03 5.196966399373234048e-03 6.112706675917243919e-03 6.030507869586907745e-03
5.465067201469029495e-03 8.041070874845358471e-03 4.895718091819769094e-03 9.960362441863886140e-03 5.696046653460689821e-03 7.338738029418777342e-03 6.217047738641014523e-03 5.032599002501041488e-03 5.995459653167460948e-03 6.013608128661054181e-03
5.380688916229576374e-03 7.707855218911711243e-03 4.838998905634445645e-03 9.535970712689740073e-03 6.279718977829779059e-03 7.181326893745203742e-03 6.284001023254412281e-03 4.951189540750447829e-03 6.877915722164362235e-03 5.907012938891052257e-03
5.393898983227293255e-03 7.476819557261279656e-03 4.829123834630476113e-03 9.170280713644335738e-03 5.826999800918154955e-03 6.981154352662587333e-03 6.086293381951677316e-03 4.893493652618417268e-03 6.322893665296779042e-03 5.716033597263900368e-03
5.203566311829560184e-03 7.475361329801931236e-03 4.810187788284138975e-03 9.025743228623433687e-03 5.441991452881785214e-03 6.882270422967379231e-03 6.055887562483091603e-03 4.844929318555319699e-03 5.528352087979084353e-03 5.849546359027724823e-03
5.206548423408870543e-03 7.135571420719929656e-03 4.666205007690574398e-03 8.596084719882468236e-03 5.314925495235383809e-03 6.784290615871923016e-03 5.904730052828944739e-03 4.793891720369013350e-03 5.575271209145307542e-03 5.646604348950481737e-03
5.123313777771315233e-03 7.011042093732430119e-03 4.592291143573296562e-03 8.267750555736400400e-03 5.220756474756734801e-03 6.715897587134263269e-03 5.791760050066746719e-03 4.705781145960910919e-03 7.012213969297841423e-03 5.527694612431021358e-03
5.128583388866438109e-03 6.753921364063352785e-03 4.644785977367400787e-03 8.040216503186875183e-03 6.023260174557855048e-03 6.522863718971110350e-03 5.719820270176848367e-03 4.795302583309215584e-03 5.567388519393733255e-03 5.602193335439818386e-03
5.033179839888738891e-03 7.324667088334170691e-03 4.597265852900293479e-03 8.006413795260744828e-03 5.788412386985486782e-03 6.469011030037468378e-03 5.655108108595438901e-03 4.775185267481404580e-03 5.266378623150523748e-03 5.546945978948628932e-03
4.994099371981765810e-03 6.649725186595034990e-03 4.702654269182741757e-03 7.669947451689809563e-03 5.486936645408923771e-03 6.487616696280053448e-03 5.530758473939649880e-03 4.571935480346667885e-03 5.890503852456951440e-03 5.550366361271721893e-03
4.973133355074397209e-03 6.934607183154284024e-03 4.523958483457157786e-03 7.575296358708339534e-03 5.468353946634132642e-03 6.995005901534895668e-03 5.462571099988856003e-03 4.701581914136533646e-03 1.004979156919021122e-02 5.540695864967699891e-03
4.980304748310960573e-03 6.304347251566144728e-03 4.763782244641138336e-03 7.456251340796491399e-03 5.612729232304636794e-03 6.570912161939472182e-03 5.479054004309378070e-03 4.872235493729596204e-03 6.390019814041433474e-03 5.255971594393490931e-03
4.977386082174645003e-03 6.524071951191518989e-03 4.569733998849267488e-03 7.172598018478301869e-03 5.034519725929709026e-03 6.396899171627678377e-03 5.303253299804170165e-03 4.414541177057348074e-03 5.303845632727331207e-03 5.247055145009511812e-03
4.838692582624985923e-03 6.456848947537295429e-03 4.402991114135340264e-03 7.033477154562356622e-03 4.769254830113343196e-03 6.083922968490387134e-03 5.500195901195430170e-03 4.364016040581749842e-03 5.847283209302041838e-03 5.136349518709997820e-03
4.775179571471359873e-03 5.884460539774361704e-03 4.463538438289228229e-03 7.021178835794523315e-03 4.763268272029921348e-03 6.132302366932741201e-03 5.268533720966982019e-03 4.336197917167316021e-03 5.199576720554515384e-03 5.200428912888139209e-03
4.831790411247259207e-03 6.883082494865665375e-03 4.348223310660027235e-03 6.821995381182095405e-03 4.719017108564971946e-03 6.074841703096322577e-03 5.283579148290968967e-03 4.376000834903987641e-03 5.021296716891440054e-03 5.096227741262124647e-03
4.895065279757611701e-03 5.830413283508986688e-03 4.404483823787389701e-03 6.656751378988461088e-03 4.743039301566860134e-03 6.073128678680671244e-03 5.044456516898880583e-03 4.303134719012518053e-03 6.417493831818703136e-03 5.405856592653946434e-03
4.641253713674790837e-03 5.486895236934768126e-03 4.244518177817557629e-03 6.612372276596863510e-03 5.692683885058817499e-03 5.889598327846092517e-03 5.047129202926523700e-03 4.377958414978398369e-03 4.864140834805795108e-03 5.139108668913206814e-03
4.667213508117760458e-03 5.649107096875874943e-03 4.265366040943521612e-03 6.523979657827219843e-03 4.480923959099610866e-03 5.712318454585618363e-03 5.051477324943847401e-03 4.359930241774240961e-03 5.438355064749892699e-03 4.994449351094813576e-03
4.708950286543486796e-03 5.468309981950772621e-03 4.329619219738606480e-03 6.485096531319721816e-03 5.471190828146412465e-03 5.707634052710813637e-03 5.007523487220001158e-03 4.563329804603328058e-03 4.802076012255766455e-03 5.296772863007589809e-03
4.626315711653529276e-03 6.253726225018178819e-03 4.183904871472588979e-03 6.575146766838271296e-03 4.533225014335115662e-03 5.708707957271920083e-03 4.829730716352819905e-03 5.163047388147585723e-03 5.134904018795028065e-03 5.374804939957733563e-03
4.710175998179054642e-03 5.806379440788382758e-03 4.145035659439276661e-03 6.302642421010150146e-03 4.717112448197333281e-03 5.698530915890749789e-03 5.010904015052566884e-03 4.268497223525014907e-03 6.554582117802090768e-03 5.092073007620660959e-03
4.473993960533664653e-03 5.169159589993820719e-03 4.275238217914246325e-03 6.192918812749235481e-03 4.502335496339085821e-03 5.564303769209260134e-03 4.936717638428514236e-03 4.279245442089314039e-03 5.792542359844569423e-03 4.730659551823139172e-03
4.503662454856211146e-03 5.336070745239243629e-03 4.102606691072706833e-03 6.127754731484330586e-03 5.162645429853707744e-03 5.524628522043437302e-03 4.858647412169495375e-03 4.026551421806725574e-03 5.589311494461843451e-03 4.887204350437325887e-03
4.450939617678851754e-03 5.184099684896764475e-03 4.162747005022500273e-03 6.145170112786923176e-03 4.317428000566785225e-03 5.501937141251822885e-03 4.765747622806239606e-03 5.065651603262096535e-03 5.036744525725054752e-03 4.962190013059118027e-03
4.468480082773288592e-03 5.005286065607862309e-03 4.114705466888911832e-03 6.049682422741996593e-03 4.536815315850976048e-03 5.516455913012836311e-03 4.673915925170082745e-03 4.047665876312413896e-03 5.241111665581696215e-03 4.722036303888932883e-03
4.434328906980413050e-03 4.908613485006814263e-03 4.089438039804511177e-03 5.980164260912342565e-03 4.353241212886682990e-03 5.592589752416949299e-03 4.717180030229695120e-03 4.538770696693580561e-03 4.708128378150798661e-03 4.582270484986467052e-03
4.325952080214861759e-03 4.874299528736122933e-03 4.031929023368708946e-03 6.007562731182973688e-03 4.517436013785619889e-03 5.345874735088470588e-03 4.514591831847066146e-03 4.163100043075957171e-03 4.728755811640139063e-03 4.616786680419030474e-03
4.298825563220361017e-03 4.787139395133134696e-03 4.096095662250798589e-03 5.887188532102430490e-03 4.235758112605049475e-03 5.322503034288696144e-03 4.497283498268526622e-03 4.157130516286932677e-03 5.407016636429868607e-03 4.771603031945786423e-03
4.375687350989805428e-03 4.846535683383569257e-03 3.976912326996834973e-03 5.891163762994339193e-03 4.307716890928911004e-03 5.279635784109128725e-03 4.444593261163550142e-03 4.130653380709540037e-03 4.964972230269706736e-03 4.444622362542273615e-03
4.259795870832147092e-03 4.667953009356102557e-03 3.975620488035389900e-03 5.783778493463769682e-03 4.376827213312012820e-03 5.159210445020463200e-03 4.646317346770030728e-03 3.956903391243216973e-03 4.496136767406990788e-03 4.615847459328033253e-03
4.322902450831184011e-03 4.852486200361706865e-03 3.974808439734914961e-03 5.765768258904423182e-03 5.729354374752921274e-03 5.345264039769351619e-03 4.356015850202539855e-03 4.375179543648892271e-03 4.690783110210965806e-03 4.801078347725914325e-03
4.398266838244052797e-03 4.734439225094723251e-03 3.973925258809454450e-03 5.864655159616545543e-03 4.347648948375546461e-03 5.254643538320694258e-03 4.318290462089598158e-03 4.420190260238020426e-03 4.434322440535438947e-03 4.629239648432091278e-03
4.276463401924207770e-03 5.114102186705061712e-03 3.922237009937555412e-03 5.749580982581900188e-03 4.058247610675671559e-03 5.128604314802928665e-03 4.321633276827326758e-03 3.960591285407805313e-03 4.598813454571990499e-03 4.649965044313415612e-03
4.151287100244375333e-03 4.816164125138432985e-03 3.950570393560001899e-03 5.661988137779266038e-03 4.086325872830589949e-03 5.143458255518647965e-03 4.450842074044255095e-03 4.104116472279241423e-03 4.517806932934499697e-03 4.838640115328486299e-03
4.139962715495735211e-03 4.388203982575945329e-03 3.878516093380056980e-03 5.909966914405748173e-03 4.576249001624651917e-03 5.035361684992333171e-03 4.235153956247268182e-03 3.945352343056933615e-03 4.544376335017122695e-03 4.725689626611948892e-03
4.124722688892401394e-03 4.489377533424676950e-03 3.906782778698777471e-03 5.568125619798605826e-03 4.665605850412949014e-03 5.073138789211387688e-03 4.262025733233932787e-03 3.921156964692670659e-03 4.449629041112846718e-03 4.741307326982813382e-03
4.154153951675438813e-03 4.208556225772363928e-03 3.881639190130359469e-03 5.788426564284011172e-03 5.512144820148835202e-03 5.047305562735077480e-03 4.293516879915314048e-03 3.796204932326612252e-03 5.081564356785165867e-03 4.663177653577307846e-03
4.096144348552528333e-03 4.332001561208362155e-03 3.844414768675145661e-03 5.553480760613150116e-03 4.064312521103414372e-03 4.983598896750067973e-03 4.294823345579725990e-03 7.393954434764807813e-03 4.583959718123820255e-03 4.546816322377575555e-03
4.093283293796818982e-03 4.277149233550748240e-03 4.167952087697938263e-03 5.617391166838798210e-03 4.731088805582184774e-03 4.966500830296001652e-03 4.155905371342172826e-03 4.005887903349450441e-03 4.434439753069879982e-03 4.679866674997622440e-03
4.064190317647524246e-03 4.545293163794220104e-03 3.843970686043993688e-03 5.426730611998116516e-03 4.226536420627128102e-03 4.845861349509126420e-03 4.491907336339592306e-03 3.917539905658232700e-03 4.290990741386297574e-03 4.635941718241839461e-03
4.111011533681266199e-03 4.070252523695219032e-03 3.858593753044404617e-03 5.566324004791118989e-03 4.216274840002888318e-03 4.796922475058478137e-03 4.128869552917382307e-03 3.845653766074084035e-03 4.306376384681365535e-03 4.606716367056815781e-03
4.041174170554011694e-03 4.104486530110978623e-03 3.756694738389991170e-03 5.425749857257044541e-03 4.047764411775203047e-03 4.821919119433184728e-03 4.235524329305815315e-03 3.873678615148033397e-03 5.188214218732867776e-03 4.658772721726735927e-03
4.028979817475066179e-03 3.959640871294660067e-03 3.815328934732231496e-03 5.409959095712380504e-03 4.091473516805945246e-03 4.822981937498456093e-03 4.099681363608917266e-03 4.306774244265501247e-03 4.367002777755116423e-03 4.581090693101501007e-03
4.006423291620483246e-03 4.721257127887292307e-03 3.946904668980896931e-03 5.403018889102070496e-03 3.862388995676644017e-03 4.847309596831911316e-03 4.229220467073118578e-03 4.163690952057973529e-03 4.340833267329345831e-03 4.444139104795010939e-03
3.941545018658247114e-03 4.081624081192252416e-03 3.949289752144709287e-03 5.329350427642401584e-03 3.899209844988418914e-03 4.698849525672896439e-03 4.013427504840689185e-03 3.834121661486927096e-03 5.519177883334999875e-03 4.772677965438008527e-03
3.977831756603340992e-03 3.872035191078944567e-03 3.768105653987567985e-03 5.366866398517111322e-03 4.004380953965162165e-03 4.705239407135890055e-03 4.074732112967770735e-03 5.554032085273743341e-03 4.305856989678393323e-03 4.282022184250416051e-03
3.969317087134143635e-03 3.843190105570622357e-03 3.748972062716493178e-03 5.278740226310552411e-03 3.793976554734034869e-03 4.735296032907019941e-03 3.927168394952109190e-03 3.974320429534078380e-03 4.243820761118064118e-03 5.026221625916556419e-03
3.941649323889942838e-03 4.403102865384129691e-03 3.962427348452798870e-03 5.193861553469962707e-03 3.756440309957928460e-03 4.618878007749641947e-03 4.014029987661144397e-03 3.916558783530556080e-03 4.574055182575570595e-03 4.200567577272455201e-03
4.042692864799512023e-03 3.856116255216889867e-03 4.043320571201711351e-03 5.190537861504336027e-03 3.728597145411578339e-03 4.641728216611120013e-03 3.962944725521204241e-03 4.680802363587099196e-03 4.221033720408132357e-03 4.497764332369521244e-03
3.951258008322047939e-03 3.888463412951730092e-03 3.702956005516897572e-03 5.258287744533769216e-03 3.927024444264430245e-03 4.561311218303523880e-03 3.879849540792275862e-03 4.254659638908626570e-03 4.765266786004153897e-03 4.343477807321276772e-03
3.958253825578808560e-03 3.751373938768049528e-03 3.706688383439943075e-03 5.170933181468750570e-03 3.818781731690869610e-03 4.552223670306139794e-03 4.159292996071697543e-03 5.922979275733483880e-03 4.194168077738275741e-03 4.346425482879624422e-03
3.934870222119080108e-03 3.791709798244985614e-03 3.952576829066557773e-03 5.137168223702780374e-03 3.845499532103586506e-03 4.630888567831285135e-03 3.818606010914090375e-03 3.853195816121116231e-03 4.353558095047677622e-03 4.202176732298758266e-03
3.929535612220816203e-03 3.717322262820428082e-03 3.802900747293014912e-03 5.108623896509691641e-03 4.484470463826478910e-03 4.670481246161731388e-03 4.043991714634461235e-03 3.900187516998146822e-03 4.886894310347589775e-03 4.241295716412260206e-03
3.872571374044060481e-03 3.848869068422541059e-03 3.696619478978788870e-03 5.493974356354691842e-03 3.738131765064211642e-03 4.679311876801653218e-03 3.775771250315396264e-03 3.849485393609982428e-03 4.264065465180721243e-03 4.531400497774876537e-03
3.858459416256461872e-03 3.943077257413955296e-03 3.691251854671040965e-03 5.118434817391945627e-03 3.909294630576274146e-03 4.459185178805450539e-03 3.954437962392037473e-03 4.448088295790749748e-03 4.184295194817661337e-03 4.469902189978221946e-03
3.945849101453506591e-03 3.830320125907037306e-03 3.647770159038868278e-03 5.069403535713604657e-03 4.172387248767389124e-03 4.441110233832906012e-03 3.797174914127424746e-03 4.029881807053577528e-03 4.234255958494561635e-03 4.340628660533969556e-03
3.800213190568943640e-03 3.684822478176781081e-03 3.782454449287412594e-03 5.032334384315290815e-03 3.734926337385013548e-03 4.422710370248578160e-03 3.768259564340148329e-03 3.969295828773496300e-03 5.937601922371316295e-03 4.220211746054138360e-03
3.789500555165439127e-03 3.704016776105712328e-03 3.726640608742009305e-03 5.002371813322913606e-03 3.592381214241805679e-03 4.439984218094916377e-03 4.266908630347708738e-03 4.500558241719880212e-03 5.946362143628977810e-03 4.495843875163801906e-03
3.839107839398458750e-03 3.780781904575581959e-03 3.640873517499251984e-03 4.983441630580670058e-03 3.689900106906503045e-03 4.519339697621559300e-03 3.616181034856044262e-03 3.900404331641978313e-03 5.054906060949837694e-03 4.573712686620921321e-03
3.820317226603689095e-03 3.617341783288599392e-03 3.670841977001439594e-03 4.981170816879661178e-03 6.401462138444684660e-03 4.498150920595961680e-03 3.794643478656850154e-03 4.111762193330556134e-03 4.525076798503927314e-03 4.415211089426013952e-03
3.857957820617564319e-03 3.664864778563130514e-03 3.617490135316029764e-03 5.316192380801098953e-03 3.833228129345751713e-03 4.397369967286817415e-03 3.610008956795658815e-03 3.808837537235095199e-03 4.562579731430070791e-03 4.460080477844912891e-03
3.758090707236677163e-03 3.529215443177999983e-03 3.733850397695946850e-03 5.086068204395462374e-03 3.819241195076173660e-03 4.394749631594830133e-03 3.871425809152677106e-03 3.701809460212682982e-03 4.375398240869889967e-03 4.137524954816982486e-03
3.829600699930580353e-03 3.521758989985348740e-03 3.813116514952876422e-03 4.999536328433622050e-03 3.562691263485618948e-03 4.384957567008801980e-03 3.567575487794414583e-03 3.723769224779592980e-03 4.056720446128639010e-03 4.115050968194279395e-03
3.770373229050293096e-03 3.649257992932368640e-03 3.629223930692623227e-03 5.024423943857534748e-03 4.062817383426954934e-03 4.358309064721392623e-03 3.643561498450658808e-03 3.937050942286797299e-03 4.378410642849027597e-03 3.911931946665468673e-03
3.775318067002729483e-03 3.669732661794358232e-03 3.663669579651839588e-03 4.874555325808560720e-03 3.719166476166131576e-03 4.393094352522197363e-03 3.834905074703019376e-03 3.665750736260969898e-03 4.443738512649776824e-03 3.997361324898618916e-03
3.733705115472158668e-03 3.732494485812024552e-03 3.668540548124557977e-03 4.943539795229067758e-03 3.647478560843402974e-03 4.290233630511396633e-03 3.558314063886291144e-03 4.090923025282911830e-03 6.667816605250353329e-03 4.036520961846095865e-03
3.736211498144568263e-03 3.442080639469367789e-03 3.577119268934679779e-03 4.840619621084328063e-03 3.771345620777497281e-03 4.382483406653613078e-03 3.463575607292664060e-03 4.307942598281466404e-03 4.327668100431736505e-03 4.122817843064474977e-03
3.940554500556377356e-03 3.709802975817687830e-03 3.587679666437743834e-03 4.892267393298957261e-03 3.596189341178373383e-03 4.264132032747927105e-03 3.700784087915964804e-03 3.747836280434908417e-03 4.414433119266889492e-03 4.580062101193616182e-03
3.695467293416728437e-03 3.656999047683856183e-03 3.651477431067471843e-03 4.909472895603399396e-03 3.628321847350705984e-03 4.299318262042011243e-03 3.619807729008285655e-03 3.741428458347353329e-03 4.173525060940623185e-03 4.201502671574901780e-03
3.742984370942923494e-03 3.424996820516305537e-03 3.620113827218514498e-03 4.832659076987751677e-03 3.553652010429160599e-03 4.311054097384968073e-03 3.547680936993738779e-03 4.563403160538852775e-03 4.279408923408926750e-03 4.148685578016876596e-03
3.691253123468201183e-03 3.513139793588472039e-03 3.669094505037764995e-03 5.016655746196281053e-03 4.113092326138986961e-03 4.372507209574439703e-03 3.637844009342191837e-03 3.945884929980716764e-03 4.122463268723738396e-03 4.083432619839441613e-03
3.780635167030416046e-03 3.451047982572301356e-03 3.654650832632776267e-03 4.971294745754231172e-03 3.885551489806362245e-03 4.158110235463422649e-03 3.695161970752727093e-03 4.228236483519853296e-03 4.257752526306148901e-03 4.209686364329988731e-03
3.875873384127808720e-03 3.288358860524936370e-03 3.562747408714988726e-03 4.835327661505887768e-03 3.756820106263023679e-03 4.222525356091146563e-03 3.428918924733588298e-03 4.081148377281774119e-03 4.430898814955037436e-03 4.629734163202982311e-03
3.771876990235350276e-03 3.378316330564329079e-03 3.556500441185507597e-03 4.777356590551921564e-03 4.175079716042575870e-03 4.364457557088126036e-03 3.929167860656689049e-03 4.020493515801959288e-03 3.973656881264220342e-03 4.114224820764950455e-03
3.709881173529252542e-03 3.382915354538347692e-03 3.583741335677669785e-03 4.792765614724829246e-03 3.595171420270949422e-03 4.194710080416535342e-03 3.454712760653639875e-03 3.718417053927856007e-03 4.078742619807024933e-03 3.989871114620588063e-03
3.699679843356577704e-03 3.492180100787174724e-03 3.577856164692735062e-03 5.442397393942938894e-03 3.656441841539723181e-03 4.174734853916368428e-03 3.329076969237671282e-03 3.714967957757575948e-03 4.043105590277259326e-03 4.284654227388277198e-03
3.644486653273769448e-03 3.323648956646968466e-03 3.664344691008686837e-03 4.855268531390226350e-03 3.611285857499334229e-03 4.204417067546482520e-03 3.560098336955619478e-03 3.731759705726031724e-03 4.012077425411808389e-03 4.061728893749664247e-03
3.644131360736740932e-03 3.528147346362015598e-03 3.530154038248442365e-03 4.745247034115628905e-03 3.692288077235743142e-03 4.140988730881586984e-03 3.751011408988022110e-03 4.412703187665269200e-03 3.799170217700020922e-03 3.957104440241456488e-03
3.631670106647397547e-03 3.246573701251581536e-03 3.815602202164122218e-03 4.764527902545096123e-03 3.690514261602331151e-03 4.080832096999907621e-03 3.481985620614848516e-03 4.225778757492513506e-03 3.984838151393614754e-03 4.002491968995741667e-03
3.600371970172716683e-03 3.449389982797233974e-03 3.619387090016683729e-03 4.701056324420015489e-03 3.739299965736344808e-03 4.086432784739813147e-03 3.460920344282115112e-03 4.214189589044854689e-03 4.000785797165412432e-03 4.090742464102402852e-03
3.655519390294556959e-03 3.381240554977652576e-03 3.503615230871612914e-03 4.700254128170561901e-03 3.615680040387389202e-03 4.133051649146819197e-03 3.502478744264922103e-03 3.530289667833788527e-03 4.115927757888371112e-03 4.224636241552641967e-03
3.750897782221518460e-03 3.256747491786315171e-03 3.676856054501749516e-03 4.728240231537656976e-03 3.469093886115989095e-03 4.166236324740010301e-03 3.482016468529920694e-03 4.167797174611647185e-03 4.526131537368468377e-03 4.119890860283475717e-03
3.616150231149128751e-03 3.217365386267086701e-03 3.506518945845672319e-03 4.831151879068661288e-03 3.506036619895560799e-03 4.069375100489614969e-03 3.577078771999797450e-03 3.423058267379458074e-03 3.841715522280436668e-03 4.068594449915902307e-03
3.663995888878864796e-03 3.396840098359474574e-03 3.549091763688961773e-03 4.826780103209779398e-03 3.508083154230992942e-03 4.062140056463582616e-03 3.330560505581298819e-03 7.860812786447563330e-03 4.581964169987407832e-03 4.272650467570579709e-03
3.629295535008364264e-03 3.255746885312283453e-03 3.485295197084862118e-03 4.624577045426074735e-03 3.771193040890503164e-03 4.215561980602792157e-03 3.535042755268585045e-03 3.708765038653362781e-03 3.766727791687581040e-03 4.316882969308434917e-03
3.639352359139711238e-03 3.201644299042270565e-03 3.490776980549429535e-03 4.660760370840157964e-03 3.521059177989494665e-03 4.010799951243389401e-03 3.354761962716131148e-03 3.492110931461664403e-03 4.756345580884949013e-03 4.393442267882252845e-03
3.636626385480657819e-03 3.303623456588141317e-03 3.503771121805227505e-03 4.727987997968936124e-03 3.423842585874717521e-03 3.987062299101549502e-03 3.584582835646611589e-03 3.537480994767497940e-03 4.879453406419501961e-03 4.385549271256147623e-03
3.651120793372146945e-03 3.200818764866690189e-03 3.516456726978848049e-03 4.722097933584565310e-03 3.373800371799543559e-03 4.117528685206013964e-03 3.333674087778666292e-03 3.838100653870779241e-03 3.964265285690209140e-03 4.091997541092476376e-03
3.619846131643879306e-03 3.213248473889227051e-03 3.656818521683428275e-03 4.701986018090447556e-03 3.589629458470341549e-03 4.008029824797793191e-03 3.268374279688185478e-03 3.661806342881107276e-03 3.851603554715482200e-03 3.972854450072013134e-03
3.593844846126552188e-03 3.253317517428222158e-03 3.462523275519397564e-03 4.636938330719059947e-03 4.265891792043070840e-03 3.972021631304912918e-03 3.517114802044281688e-03 3.969160140941476594e-03 4.336319052685016009e-03 4.173750963574019562e-03
3.631227799734558417e-03 3.168109620426207921e-03 3.481458215397785320e-03 4.613275731353326005e-03 3.420422864584136274e-03 3.955977242032110777e-03 3.298689291807767234e-03 3.795750542709541014e-03 4.167821507783655774e-03 4.250106805519112373e-03
3.619496626975475702e-03 3.300244423926062577e-03 3.467876648316002390e-03 4.645219978784130045e-03 3.861022787659234689e-03 3.949498723109841174e-03 3.218709511452793031e-03 3.766951087715121778e-03 3.932292886914657594e-03 3.974947540315335384e-03
3.543108573707151772e-03 3.283308740434566064e-03 3.481795975319054454e-03 4.639689763671565013e-03 3.524991902883184772e-03 3.933485025783144302e-03 3.290099474674059929e-03 3.456092222015811136e-03 4.269631727129762078e-03 3.971701695427110219e-03
3.503630319140094325e-03 3.177645679840361299e-03 3.552039685407766892e-03 4.574819958892971904e-03 3.360882670166602266e-03 3.859059311621182171e-03 3.291859319753099710e-03 3.496105732267548900e-03 4.415838754214156461e-03 3.939115622137693770e-03
3.603516214909635411e-03 3.143948484902488964e-03 3.495108405257542610e-03 4.586713826310735188e-03 3.501773286695423603e-03 4.016605262602992651e-03 3.748728507823068969e-03 3.545556303240439324e-03 3.865062867825327930e-03 4.116496489862889706e-03
