5.475736007644940034e-02 6.699380073267641178e-02 5.820179351795729678e-02 6.527449971288569464e-02 3.602407495944418697e-02 5.422015548366616866e-02 4.925838745784951594e-02 6.681570666179408036e-02 6.016381074183150407e-02 5.640564667943546301e-02
4.090003759420436646e-02 6.014453983020674743e-02 4.435622935964238234e-02 6.184879854446549002e-02 2.807969129700091729e-02 4.473291945482001791e-02 3.730719730400190726e-02 6.239617449730686799e-02 4.179055641068187693e-02 4.216889415676352421e-02
3.140833549335204228e-02 5.359188227877427491e-02 2.697472414340226776e-02 5.852622659392430621e-02 2.495696741677635652e-02 3.839805996487369311e-02 2.889121055881142125e-02 5.868249974303697131e-02 3.577561646164192921e-02 3.505401064370531478e-02
2.578907781168657959e-02 4.664303538115701503e-02 1.801496823990277746e-02 5.521540000072987925e-02 2.273876358824379953e-02 3.201665435937572218e-02 2.205457321020039621e-02 5.439162413022304021e-02 3.307747147490637529e-02 3.119457039367478160e-02
2.287593593414570872e-02 3.950034148459134059e-02 1.405155442085222368e-02 5.175514937586215419e-02 2.096902264072857819e-02 2.642310143854600599e-02 1.711484006650864156e-02 4.930695700935151110e-02 3.127365093220060149e-02 2.829639909189771152e-02
2.086722058765013224e-02 3.245337153978077732e-02 1.198271207187777930e-02 4.833499359265799183e-02 1.951114739443111229e-02 2.258796498191307719e-02 1.434466195721848317e-02 4.328218763103983818e-02 2.964291340142138562e-02 2.568736210007491194e-02
1.941643062920401716e-02 2.565164584319581595e-02 1.053525269123452464e-02 4.486567655269304428e-02 1.814359228472922289e-02 2.016908604334134367e-02 1.339824801011913619e-02 3.779442884654944657e-02 2.815622648073479520e-02 2.294987678104835893e-02
1.806105680152114007e-02 2.007119652626531900e-02 9.456203861976431035e-03 4.237056386947898878e-02 1.682297687829201888e-02 1.815637481450559088e-02 1.250076606564835824e-02 3.346759507101371850e-02 2.696422718526738163e-02 2.029481417120082218e-02
1.663799497897697904e-02 1.598414628439732976e-02 8.713733912903760814e-03 3.998323648245128564e-02 1.580223663417662863e-02 1.668991543889542309e-02 1.238860499914367676e-02 3.025540521374206829e-02 2.500331695126132431e-02 1.764223316958373616e-02
1.539777225306133111e-02 1.388775175561113642e-02 7.792610005394757719e-03 3.871078020894940658e-02 1.493073456224269790e-02 1.541622723802730556e-02 1.161807738517445579e-02 2.743470583893229883e-02 2.333304323712978232e-02 1.568807239527382838e-02
1.413904717729826642e-02 1.307916846016553281e-02 7.204601171509576220e-03 3.751963421622071110e-02 1.427868969657776141e-02 1.443854357740425101e-02 1.086731936656915552e-02 2.482813819817702300e-02 2.169810777284263484e-02 1.425985413510241079e-02
1.302008581522999357e-02 1.252484347068982991e-02 6.903011404460010318e-03 3.697459483123014673e-02 1.346785727363083648e-02 1.341627566032356327e-02 1.041142759911547165e-02 2.213927007232212307e-02 2.006856253848360999e-02 1.289439764075523027e-02
1.205368418672617473e-02 1.216198799973077990e-02 6.366516355172592741e-03 3.561049939001798698e-02 1.283604570695852549e-02 1.254162884937394702e-02 9.969028193221719444e-03 1.993139001544610295e-02 1.838536093728189436e-02 1.188482289707997949e-02
1.122809485946820937e-02 1.191926455252914456e-02 6.230785802731076892e-03 3.455339644134755583e-02 1.232456227269961187e-02 1.147567528598699219e-02 9.598235134247887212e-03 1.798130734564906338e-02 1.678995498071563300e-02 1.135686564046093500e-02
1.038122490091997890e-02 1.189779961632811411e-02 5.717056311159679494e-03 3.361732747901829271e-02 1.175030813421997292e-02 1.116331118454956008e-02 9.373841608005707357e-03 1.622450590406761262e-02 1.529673673332296313e-02 1.041810453827987301e-02
9.693452060353015959e-03 1.133331815466387046e-02 5.493902935175563884e-03 3.270068775103098652e-02 1.125763528303753459e-02 1.014540768704809588e-02 8.888207060378150795e-03 1.459486228125497428e-02 1.389500494023666530e-02 9.936765344708161501e-03
9.060503058904500334e-03 1.148021469848302216e-02 5.244046972193782546e-03 3.175335309786632421e-02 1.076384325724651439e-02 9.907221415390637595e-03 8.550687388928349120e-03 1.320655662115796485e-02 1.291188561034437889e-02 9.409289731729974723e-03
8.694528276360021651e-03 1.106800436705794068e-02 5.229408726087791080e-03 3.089406535379959559e-02 1.103020645391195390e-02 9.258243720518149686e-03 8.300068509219786853e-03 1.180773063498709481e-02 1.192293916043245770e-02 8.822885646737829018e-03
7.966903904225679581e-03 1.103591622330184728e-02 5.016843801702566309e-03 2.960543631170526463e-02 9.849932233563410411e-03 9.288566365686054191e-03 8.208248554975977954e-03 1.052968618161987877e-02 1.151822570832505312e-02 8.428688694937295361e-03
7.611872728132707336e-03 1.073218471859773739e-02 4.901330487730997700e-03 2.890794098282743405e-02 9.475899095479458842e-03 8.525949335859041647e-03 7.847031309371602092e-03 9.587265555224816840e-03 1.045843425737228924e-02 8.108531197749102234e-03
7.185885592429412314e-03 1.030051388763609729e-02 4.660093815504404158e-03 2.750442717403962789e-02 9.152223306540035672e-03 8.467771735155248114e-03 7.690548211229601694e-03 8.664766831072812092e-03 1.012727066406307087e-02 7.716837674009593626e-03
6.850309931801307727e-03 1.011487547319381286e-02 4.535405726304958182e-03 2.632019954605773621e-02 8.834282416960388684e-03 7.795891739298051702e-03 7.627560773399747265e-03 7.938162402939997683e-03 9.515047463234118166e-03 7.423028169109448585e-03
6.775753257221219829e-03 1.011645553177340472e-02 4.482942575319176157e-03 2.532686596334042181e-02 8.495577472021256099e-03 7.674647448311708656e-03 7.329367020169163909e-03 7.350691007858870148e-03 8.691071847825911773e-03 7.096198144776935841e-03
6.319817440689374892e-03 9.705727721741731415e-03 4.346872948498207816e-03 2.411820991725065200e-02 8.127675957421923864e-03 7.263818682716621095e-03 7.167702298867226728e-03 6.869275453384144671e-03 8.543895355887554804e-03 6.883629142282828364e-03
6.066651712090554219e-03 9.568694634227145612e-03 4.405242761559844886e-03 2.283563762337667905e-02 7.760537044958162704e-03 7.110542820790840754e-03 7.049690181588626897e-03 6.516671837313151028e-03 7.874479033664604291e-03 6.599554698748594239e-03
5.942778113756620566e-03 9.618646003260247768e-03 4.249340213786703506e-03 2.170515430126861156e-02 7.843119205546630890e-03 7.023000745051100405e-03 7.191800607501602771e-03 6.194239879031616415e-03 7.406314361766644198e-03 6.332151846341015772e-03
5.687137825573389260e-03 9.309120181200763317e-03 4.116584817652691602e-03 2.052900626015514290e-02 7.205313383014120936e-03 6.643918821123756188e-03 6.819892742117077133e-03 5.894876749813284661e-03 7.177620810937385826e-03 6.107821981246246840e-03
5.523754990660561907e-03 9.106150704858725561e-03 4.097769338871263753e-03 1.936287463571104844e-02 7.132707736733460112e-03 6.492089532142341843e-03 6.714771929433706668e-03 5.730242208594304998e-03 6.746261979061356218e-03 5.986919749458401857e-03
5.385250436563594582e-03 8.991979824334174476e-03 4.083003480438361817e-03 1.831195994939492644e-02 6.737176512228746500e-03 6.272570922016264434e-03 6.643068724993537663e-03 5.526880821221937315e-03 7.072795320090610911e-03 5.803158007698125224e-03
5.267655156935225659e-03 8.801088806168248790e-03 3.992942858062174458e-03 1.692726999055793949e-02 6.518342290708332293e-03 6.220580629018425747e-03 6.693500135416650780e-03 5.335543035161606149e-03 6.157055211441920216e-03 5.616578485767251619e-03
5.141268797185055001e-03 8.562335029181493071e-03 4.004195499593546544e-03 1.559825099074396877e-02 6.320550855797038570e-03 6.373587248163253838e-03 6.401543628200422227e-03 5.337871307486662109e-03 5.858556600010032984e-03 5.497214212628372641e-03
5.015263838959265613e-03 8.791386444408738968e-03 3.942254180372715099e-03 1.451277491564116617e-02 6.075333182341205104e-03 6.071186195991876491e-03 6.410133964864679623e-03 5.109514392304546383e-03 5.825337375864870354e-03 5.298836621113506458e-03
4.866342271918754937e-03 8.377425463254310756e-03 3.940403739681779677e-03 1.388712148421026964e-02 6.460284413154609648e-03 5.783965243040768353e-03 6.336751980622787675e-03 4.969775663743684208e-03 5.822163641036780940e-03 5.115340009276626680e-03
4.807587962770817382e-03 8.145408265083411634e-03 3.914548052508456250e-03 1.250063558739441562e-02 5.836611523698320182e-03 5.767380937688527422e-03 6.171640309082650037e-03 4.903530774904713875e-03 5.891986072129391967e-03 5.001510867594854276e-03
4.711937676349678764e-03 8.363082203792350164e-03 3.803774352259705564e-03 1.161657101042900229e-02 5.622245008379113049e-03 5.605518729014319704e-03 6.037998283137424246e-03 4.833596200116559508e-03 6.280511891949690229e-03 4.910328866681799506e-03
4.593886076290507048e-03 7.840233260280196972e-03 3.743241099732977969e-03 1.079239075768478363e-02 5.776840476697477599e-03 5.419000274846919735e-03 5.976967971660221597e-03 4.813861717849398855e-03 4.997254875836827995e-03 4.793588399226290583e-03
4.523569499274337005e-03 7.760623131453656467e-03 3.710089417975447404e-03 1.022761901494946037e-02 5.413994793177902796e-03 5.461443512929911072e-03 5.995109872135341578e-03 4.693863682516718865e-03 5.464434068624184244e-03 4.789908233670160317e-03
4.445018927370820126e-03 8.583587673177310931e-03 3.714470810306871179e-03 9.416421418860952339e-03 5.213269463599178553e-03 5.350402321632214547e-03 5.831572029469297806e-03 4.550496166829907756e-03 4.892518462043863453e-03 4.632840332859523846e-03
4.393476767223162063e-03 7.324065471646596173e-03 3.778663927527443119e-03 8.840830841283795274e-03 5.561323419199453756e-03 5.231906005667669168e-03 5.897042537970174393e-03 4.645280692854665897e-03 4.729744430143961384e-03 4.530455221219284283e-03
4.371273556651633814e-03 7.372711468127876415e-03 3.612476756756391374e-03 8.437852008059045644e-03 4.998264158325780096e-03 5.088970553206463229e-03 5.660742502655296583e-03 4.544511236759132475e-03 4.680038837122911868e-03 4.409806202137258810e-03
4.301337009972357704e-03 7.216063955550579626e-03 3.564276551253076075e-03 7.774353425972868430e-03 4.958519733522871557e-03 5.164264740596837336e-03 5.741290665307644502e-03 4.599764300090250502e-03 4.569518247243613447e-03 4.395679484753242314e-03
4.235101788791093870e-03 7.499019175370232222e-03 3.564076827531634153e-03 7.435102042662844468e-03 4.971507134996676174e-03 4.927516458036971907e-03 5.520995227682810869e-03 4.507994074357964641e-03 4.633559517739048450e-03 4.281410640132314593e-03
4.155636566553532266e-03 6.966744823185655466e-03 3.557209121769255682e-03 7.155596406744266051e-03 4.686500681363258043e-03 5.001176537959936552e-03 5.443840592396986637e-03 4.296646406154404699e-03 4.686755645802818254e-03 4.231152939823274069e-03
4.098484831398228369e-03 6.833332504310842340e-03 3.554151256742432187e-03 6.709668613272112142e-03 4.861123866891029627e-03 4.865079488258400309e-03 5.404294968741886647e-03 4.280479516198860794e-03 5.280985232435063577e-03 4.159763808647551180e-03
4.099056729179569383e-03 6.554582750507078129e-03 3.494170750372572673e-03 6.525157685540270563e-03 4.634159168506262437e-03 4.759969365902323377e-03 5.328851760267139075e-03 4.259982196643431404e-03 4.881636258845946374e-03 4.057151936384567267e-03
3.994758184453107465e-03 6.491839210484183151e-03 3.496189230134690625e-03 6.203544616354423301e-03 4.547314928510985330e-03 4.702791084744663980e-03 5.468644979671040407e-03 4.190365116878630621e-03 4.262340790482930727e-03 4.053428793905360268e-03
3.968819701023791266e-03 6.323925568637605958e-03 3.438842193715182030e-03 5.927044812258696303e-03 4.461207913570052093e-03 4.661594358864650477e-03 5.208710899276066883e-03 4.256089909632970736e-03 4.244472341784112299e-03 3.957817740233848802e-03
3.908721394070121570e-03 6.084533712435872058e-03 3.389016151534247727e-03 5.721371361658201919e-03 4.303764273468073560e-03 4.600501477674234264e-03 5.234366465106840040e-03 4.139994398493872588e-03 5.770903587175324825e-03 3.974984206943942000e-03
3.905458540685330816e-03 5.970898616480659581e-03 3.456912333800955979e-03 5.597318930649188354e-03 4.611437937768366781e-03 4.514792679129612032e-03 5.153210605994332054e-03 4.042636393207241566e-03 4.268172503559782179e-03 3.875537359431642948e-03
3.850811288829425211e-03 6.177785893033250521e-03 3.406891135789085704e-03 5.446618698846365618e-03 4.499410494438682399e-03 4.456694755044723552e-03 5.117388719021717658e-03 4.029438818550111143e-03 4.040526662140757168e-03 3.831829330691622661e-03
3.812732473937880361e-03 5.752250619118846019e-03 3.426721302781195275e-03 5.255839170776147561e-03 4.328135813730610987e-03 4.649130897854986989e-03 4.951494549386743424e-03 3.932719429102622677e-03 4.614371893899515964e-03 3.801796242846342943e-03
3.783328672717761135e-03 6.235037560304754548e-03 3.353497136537811427e-03 5.150815242895638059e-03 4.259009680910605909e-03 4.844256032717403349e-03 4.969890241277420163e-03 3.966343073762550533e-03 9.815031056542336887e-03 3.766395413822490670e-03
3.785099461289869252e-03 5.487681765739031541e-03 3.537338487038109609e-03 5.054184154446849167e-03 4.845244623485909889e-03 4.505588104528297083e-03 4.916178298749842787e-03 4.495708434773463061e-03 5.046682401548517778e-03 3.672453163325400515e-03
3.787219168734448378e-03 5.445394905292242314e-03 3.348379235788224301e-03 4.930023163381716533e-03 4.152281465020395308e-03 4.356843750685678550e-03 4.806028721499175024e-03 3.871069111520066604e-03 4.075714601839509031e-03 3.672848829305077993e-03
3.690815462299982651e-03 5.460549211682641339e-03 3.308337096579735265e-03 4.880629873999066740e-03 3.977870782669435008e-03 4.237772306098369635e-03 4.916782659041216315e-03 3.799838562119554290e-03 4.493288603771221183e-03 3.610072194522947857e-03
3.653983470078495197e-03 5.037221332631285076e-03 3.295597740991289964e-03 4.750387294038958125e-03 4.091268177413962329e-03 4.209037038383241572e-03 4.793410741334407608e-03 3.805770642625319264e-03 3.998626807894765760e-03 3.619008212955209837e-03
3.693012874347450201e-03 5.810564723801851621e-03 3.258174761803237212e-03 4.803913587471789898e-03 3.870133312785002319e-03 4.201703132382905194e-03 4.710344407496814927e-03 3.814787155222482910e-03 3.985610022568278517e-03 3.575597641167981358e-03
3.716921469096632832e-03 4.940586938558252234e-03 3.293265431833732482e-03 4.624372144390284309e-03 3.834803398894050079e-03 4.175503699553949170e-03 4.643201356068657644e-03 3.731128419238432387e-03 5.059672820409057831e-03 3.617472885752931119e-03
3.565402350889537112e-03 4.745927296824378055e-03 3.243444143393758514e-03 4.530279178989896592e-03 4.280653287601130126e-03 4.117858422759681711e-03 4.618620075166235579e-03 3.722235566651573273e-03 3.931853676590924690e-03 3.528628618014078514e-03
3.572438779828822440e-03 4.876493584275367645e-03 3.214184230692261439e-03 4.500680790996334363e-03 3.757708862048257225e-03 4.012654322960750204e-03 4.592952010042214428e-03 3.692139243084951571e-03 4.199445663625426747e-03 3.549778005175012723e-03
3.603022407673317409e-03 4.616711823748759214e-03 3.319416852786734404e-03 4.405331275467748615e-03 4.119453625169552761e-03 4.056550437645495277e-03 4.514659349321666938e-03 3.830293165169495941e-03 3.738496549762736210e-03 3.580934365129898132e-03
3.539985160198407324e-03 5.190875591158113957e-03 3.171421497471878150e-03 4.422030390621876396e-03 3.670848760220060941e-03 4.000679782879753253e-03 4.457239108594636748e-03 4.206900701524267892e-03 3.979139486917453866e-03 3.561508186117659167e-03
3.586563315337170516e-03 4.793660879413846367e-03 3.167155299857894648e-03 4.303202222936461721e-03 3.694921307062050148e-03 3.989904375401741657e-03 4.541177292256832858e-03 3.926877812489090389e-03 5.390596682510754613e-03 3.435780581860940763e-03
3.441818483045004304e-03 4.386117900439673485e-03 3.211949011751696371e-03 4.317512001425717963e-03 3.739910159019881834e-03 3.933707116039702849e-03 4.462765937819269772e-03 3.613575896560154189e-03 4.519457485147561175e-03 3.355491056157025153e-03
3.447204821340480591e-03 4.406259361152676385e-03 3.130808448415109413e-03 4.311247028407613757e-03 3.871961009784017933e-03 3.849546899100826907e-03 4.461940663168214097e-03 3.593585316594844793e-03 4.250393655407557099e-03 3.366648585531865478e-03
3.414986881754828937e-03 4.373785954237368635e-03 3.159060453429739929e-03 4.176229381463061711e-03 3.534284033915274185e-03 3.838031428893162299e-03 4.368924813136434646e-03 4.076524600367031036e-03 3.886438500012190378e-03 3.426699410640133506e-03
3.417031542580527010e-03 4.233709610581963892e-03 3.125373662340343896e-03 4.318892345235496831e-03 3.555322464877652515e-03 3.819278711038691636e-03 4.275345471436544156e-03 3.576930483024014749e-03 4.228541475807356780e-03 3.298610009430720958e-03
3.391876847371229440e-03 4.251634229569439642e-03 3.135393191862880825e-03 4.108933977677992760e-03 3.525384434078520420e-03 3.855057422196830723e-03 4.254518777219877534e-03 3.734507601955428836e-03 3.764105165594793748e-03 3.265884108522714834e-03
3.355689758050379654e-03 4.069752837667827729e-03 3.098166804091568791e-03 4.081623270313535813e-03 3.516932240227782069e-03 3.820231606843071774e-03 4.196676112069168060e-03 3.749119161551283178e-03 3.738907267572697587e-03 3.260871538974373634e-03
3.323292707623549426e-03 4.003267864677189682e-03 3.107303095536885756e-03 4.148045018072145720e-03 3.479747368228158517e-03 3.803179334119278967e-03 4.194160394427564990e-03 3.670769004695503043e-03 4.283046057050828026e-03 3.270491677064039319e-03
3.354431175559131634e-03 4.111121613545186577e-03 3.071375593494916293e-03 4.016531698733144529e-03 3.499658278181475794e-03 3.691760975974787192e-03 4.127746393700036827e-03 3.513987679553162539e-03 3.865487110594850902e-03 3.208759799416394456e-03
3.284723402192634908e-03 4.024578087907771350e-03 3.065208881024321461e-03 4.072771081896881841e-03 3.428273479251699001e-03 3.660147862250304023e-03 4.190564870755577806e-03 3.492372616566298115e-03 3.625599091778386723e-03 3.272488722931347210e-03
3.306800065306824115e-03 4.222120769298948542e-03 3.059203476853370081e-03 3.964016564424325748e-03 4.190292255126774716e-03 3.730431768890284539e-03 4.060485216953341539e-03 4.098825176526678209e-03 3.877964958828456973e-03 3.255517532653471550e-03
3.357557624737660205e-03 3.892685675328656173e-03 3.058024610598813597e-03 3.967550393047496703e-03 3.401666965476702730e-03 3.651052247115511764e-03 4.036463951013159399e-03 3.618120890708905347e-03 3.544057081474543455e-03 3.208631880965305896e-03
3.292827587722929692e-03 4.246728256778149919e-03 3.024606975828163496e-03 3.919846456048129216e-03 3.380224248630770735e-03 3.585824531444123994e-03 4.067379062491579926e-03 3.532258435691928208e-03 3.620546930553963406e-03 3.189127759037652110e-03
3.231893835852910329e-03 4.253679264080639094e-03 3.057602884647593437e-03 3.953746852584261173e-03 3.322042084415244637e-03 3.600272218280426133e-03 4.003320589260538249e-03 3.691113703552683332e-03 3.601462920564358402e-03 3.270052878005073448e-03
3.205381268527775305e-03 3.610781961579318314e-03 3.014038854776522700e-03 3.979631574643770035e-03 3.452537752943107482e-03 3.547388345311803734e-03 3.900962832143466553e-03 3.462345335762945144e-03 3.617078885586880437e-03 3.194274736712410245e-03
3.237810276256210002e-03 3.880906775165886280e-03 3.033186287447060727e-03 3.846293748392297981e-03 3.504010101290311752e-03 3.669602357910285283e-03 3.870711797313374815e-03 3.517200108269230661e-03 3.699159032922565756e-03 3.223720324010664884e-03
3.198837614830796032e-03 3.519618458836036839e-03 3.015599338074839274e-03 3.917395301625173354e-03 4.001780437338363361e-03 3.553315616014667260e-03 3.846389895486853911e-03 3.326774419936582260e-03 3.919462164728442985e-03 3.177803386027719650e-03
3.176502590856217136e-03 3.514188687766534383e-03 2.986685928148882178e-03 3.817790861315011660e-03 3.235625676490771173e-03 3.491282026647646395e-03 3.816115156144482025e-03 5.733843233348953627e-03 3.652989973246925474e-03 3.148236113131872363e-03
3.165512739377713235e-03 3.458187163908056118e-03 3.223262168104754251e-03 3.815012543254136124e-03 3.502787321128276576e-03 3.484397927626969784e-03 3.813410677037933679e-03 3.368809908095997657e-03 3.565256124412782314e-03 3.166775591047425557e-03
3.150090857545402231e-03 3.904701224643303097e-03 2.982872279560063161e-03 3.821697055621864521e-03 3.254491970433797971e-03 3.462131504339228602e-03 3.873979945027928359e-03 3.408627339592215470e-03 3.442768033766462413e-03 3.142203384996712992e-03
3.172637633947280808e-03 3.499852206507432593e-03 3.003487938476420271e-03 3.784419283263946825e-03 3.251544452350249581e-03 3.428231428470270015e-03 3.678960129860723519e-03 3.468206212060178165e-03 3.444737550424977965e-03 3.144893358223329206e-03
3.134885903679818491e-03 3.342946913498454683e-03 2.945087726074463452e-03 3.739665171643449977e-03 3.172761636459284218e-03 3.414853332796863664e-03 3.718973954293888252e-03 3.302384667596937589e-03 3.971055063693274857e-03 3.143056073306563485e-03
3.123790012469365805e-03 3.314537412064918424e-03 2.961933567846337153e-03 3.728652535911276562e-03 3.167387719889575275e-03 3.450081372356198200e-03 3.626138829983257140e-03 4.172451099195319257e-03 3.543561812453874769e-03 3.114423141786320810e-03
3.107035445553276310e-03 3.872743419199331169e-03 3.046442948432552013e-03 3.869701339601163293e-03 3.253560483470042605e-03 3.415947821522818863e-03 3.665914991857160358e-03 3.442213212608824166e-03 3.529308454084468909e-03 3.063816193180652053e-03
3.097303519778962528e-03 3.449694143319899462e-03 3.066885684669086714e-03 3.711472764287278379e-03 3.109974021934323440e-03 3.363077881299320320e-03 3.564583636533984017e-03 3.330408835860092925e-03 4.498020642653778427e-03 3.196251502876322828e-03
3.087153369004613356e-03 3.248765166508236265e-03 2.940208660781617935e-03 3.677192918595931226e-03 3.108741661817041643e-03 3.415950393700909610e-03 3.564279220983197077e-03 4.290323592840272933e-03 3.477033856618287622e-03 3.072202422550944761e-03
3.078968411033819897e-03 3.172926000680343760e-03 2.935038375750763893e-03 3.660132712698371642e-03 3.064257966571809922e-03 3.347127646508275389e-03 3.563073227062603029e-03 3.358052971059781022e-03 3.416685092219762243e-03 3.310822823018668565e-03
3.068046502584069468e-03 3.836734075184232168e-03 3.035741825743263917e-03 3.660229449468256971e-03 3.056173539444974937e-03 3.324473755750530831e-03 3.529732915371788619e-03 3.299154130084426626e-03 3.684525293599580104e-03 2.997661209699803084e-03
3.120328066839811801e-03 3.160726331216270110e-03 3.112952054847956031e-03 3.625085669530610320e-03 3.022019497461517212e-03 3.319868269599192921e-03 3.492368422424049334e-03 3.703828867665411462e-03 3.544364457878330238e-03 3.058793054516849123e-03
3.058441061597595365e-03 3.259185399787345103e-03 2.907358967126748555e-03 3.610773293767514935e-03 3.239462769076545314e-03 3.292330279849097451e-03 3.455191558499876373e-03 3.461009876028314693e-03 3.744359061667685337e-03 3.027281910310354162e-03
3.062411693366856678e-03 3.083500126424454976e-03 2.910226698889203153e-03 3.704574511874471603e-03 3.009682232840443609e-03 3.281160425887266838e-03 3.547652656950715279e-03 4.507358404670574331e-03 3.450594639503414170e-03 3.018830081094332329e-03
3.046550804075801467e-03 3.111944716470426558e-03 3.174786877067236734e-03 3.622618548663245671e-03 3.059944857118425919e-03 3.380089794008190977e-03 3.408038102784393796e-03 3.269523268088221201e-03 3.546839275001416152e-03 3.004591176230725358e-03
3.040483086740895357e-03 3.103251557899667883e-03 3.012725499356765958e-03 3.584892293119517053e-03 3.265054509496338655e-03 3.306487615047273409e-03 3.484743762065332928e-03 3.423272937357385495e-03 3.820737798485040939e-03 2.977450548405758280e-03
3.010354836961811296e-03 3.149618879505612732e-03 2.894857929071878704e-03 3.708867343622349565e-03 2.996148585642136042e-03 3.302483700684127627e-03 3.376062079315192855e-03 3.385229176858414214e-03 3.520253698025349858e-03 3.070193945168738555e-03
3.001283774658377798e-03 3.153330977811581899e-03 2.920898448398174391e-03 3.535094908464651072e-03 3.305702628254448237e-03 3.232755466209802885e-03 3.410355625149776460e-03 3.521650762649332442e-03 3.376488130821578802e-03 3.033889520812534275e-03
3.052647245121345877e-03 3.086797348077215553e-03 2.872590963383626732e-03 3.541169250584961029e-03 3.121240080621232298e-03 3.250570103907663225e-03 3.351248670359559777e-03 3.281008439295588809e-03 3.560530886665318542e-03 2.990556640348515215e-03
2.977546357569963408e-03 3.030792729853917788e-03 2.966720427038001262e-03 3.514482970690429708e-03 2.950604758789304293e-03 3.206982395458630401e-03 3.321365488914043099e-03 3.263605227053069640e-03 4.650059675192966431e-03 2.953273295231726402e-03
2.981665173904342412e-03 3.052429156725292199e-03 2.914246983337416812e-03 3.520879353388306227e-03 2.997390705833036500e-03 3.252786952257643097e-03 3.555949799297065689e-03 3.564291920423616044e-03 4.642594555435435380e-03 3.027269784075586976e-03
2.979206343151207404e-03 3.077584069476955401e-03 2.882147122600855951e-03 3.516388920241099100e-03 2.922432752081847301e-03 3.252876066261037920e-03 3.268860486099763908e-03 3.270861895610026153e-03 3.971827974936690230e-03 3.069817283327634216e-03
2.969576425748425910e-03 2.971864667481650957e-03 2.887502452807163850e-03 3.537918993453353575e-03 4.509335212459474225e-03 3.193162387572156483e-03 3.295936426952962746e-03 3.318709530942380321e-03 3.582897250790563048e-03 3.002565542388919810e-03
2.981909671592321721e-03 3.091065305325395654e-03 2.866227794285411152e-03 3.594564378626170960e-03 2.948964071303714768e-03 3.173295787090068924e-03 3.238964697196017057e-03 3.363980673929410029e-03 3.572067183179983719e-03 3.077265201179962047e-03
2.934744208178295764e-03 2.922370425827134494e-03 2.917331416772225242e-03 3.475918943017608596e-03 2.951384117382747224e-03 3.187600942604540931e-03 3.321150744467706376e-03 3.155488966558656592e-03 3.599901166786581477e-03 2.920724632745159196e-03
2.965342763814278904e-03 2.920930515452943750e-03 2.991383781974230830e-03 3.452637574313281114e-03 2.886408520720449428e-03 3.274205530591304918e-03 3.214441197831389898e-03 3.099833627510351595e-03 3.287480278658357416e-03 2.932664316012171916e-03
2.929299732047653624e-03 2.979857376412901535e-03 2.863181558818834321e-03 3.451073145157689936e-03 3.497075288145609466e-03 3.152647011508954988e-03 3.230804931229639722e-03 3.195608273822225700e-03 3.447959334598613146e-03 2.934944286885804703e-03
2.930075175351796318e-03 3.108261943310409135e-03 2.944075930644600870e-03 3.511705370469865670e-03 2.908955284482521268e-03 3.145081878073324212e-03 3.264906009778208336e-03 3.092306829225125592e-03 3.607525648752416252e-03 2.917249474221302215e-03
2.910729112074898761e-03 3.234984795188034119e-03 2.881721806057924249e-03 3.426848368608170596e-03 2.873758719264497049e-03 3.151086183708526247e-03 3.175320595028431614e-03 3.249873470882915904e-03 5.652335309751247740e-03 2.980586522239295991e-03
2.909568982378183104e-03 2.892360234358876559e-03 2.835076371493851048e-03 3.430112043720052670e-03 2.899107638592171490e-03 3.138578768867439275e-03 3.169501374820680485e-03 3.365074862299577245e-03 3.558596160398534540e-03 2.896777867030954096e-03
3.046049089703726110e-03 2.986936445595537830e-03 2.847745598411521775e-03 3.401694472901238813e-03 2.904233534240359405e-03 3.092041639709003451e-03 3.189658304530609226e-03 3.387570973674448697e-03 3.607247293715995159e-03 3.062796236543277161e-03
2.886420210654199164e-03 2.999791431203754476e-03 2.872657189263093293e-03 3.402680275367512153e-03 2.942559973121137464e-03 3.097905234637368319e-03 3.166696860168743619e-03 3.268856212267636299e-03 3.473302806492366539e-03 2.911066549740146114e-03
2.907148654157552369e-03 2.832894263021757016e-03 2.866648745085176569e-03 3.405424272641374532e-03 2.877167021774176565e-03 3.097562955248074103e-03 3.137830938002935180e-03 3.575568804734353262e-03 3.545384024995584544e-03 2.894821537533882536e-03
2.882857561014922406e-03 2.848385493708697341e-03 2.894625284012014490e-03 3.434374946997354253e-03 3.045548453874461371e-03 3.130831184184673308e-03 3.151738372477970625e-03 3.212657836457093533e-03 3.428235870098158417e-03 2.906954690776474438e-03
2.933444669282938861e-03 2.834010238085659349e-03 2.880549989809613222e-03 3.402259583787255008e-03 3.342683714198592566e-03 3.083000159443875874e-03 3.179264799948008664e-03 3.350695816084083012e-03 3.387061390872385044e-03 2.934888184186943555e-03
2.998545534606112881e-03 2.762933543455118983e-03 2.824696525172767057e-03 3.398703730682320085e-03 2.878547405661180392e-03 3.058338722731549809e-03 3.092737845154572545e-03 3.221059061904854581e-03 3.479690221466247377e-03 3.113445483808970158e-03
2.917136844013031201e-03 2.773588734685333845e-03 2.833764791939793158e-03 3.538273926077513051e-03 3.130528819293557953e-03 3.114507209627467160e-03 3.271535857308696584e-03 3.321330820296162969e-03 3.292692716500984686e-03 2.880658200325736384e-03
2.881203577766659751e-03 2.875107438383654040e-03 2.837727838739257259e-03 3.374880150892834926e-03 2.854715469198969898e-03 3.060660849150981504e-03 3.075644899854158409e-03 3.214720663066562498e-03 3.304262263935556221e-03 2.869097502751272611e-03
2.870692936300892062e-03 2.916456502682536651e-03 2.861931944683841853e-03 3.673251612642506377e-03 2.836649375939974578e-03 3.039096610188897051e-03 3.050921341047401966e-03 3.087365776132370079e-03 3.305963006596663190e-03 2.925676695000555688e-03
2.851834240672976913e-03 2.773666758823612171e-03 2.879683218042268338e-03 3.361870859638752419e-03 2.885692237582501447e-03 3.046840060124760951e-03 3.090248514627734391e-03 3.040473559876950057e-03 3.351267059767334099e-03 2.873026077739937196e-03
2.851445207695551057e-03 2.975619590995734649e-03 2.811269657129054217e-03 3.345071624246362743e-03 2.843636166453770986e-03 3.020148080268299229e-03 3.152237746773786480e-03 3.416233432922823748e-03 3.188613608161620320e-03 2.856103230937099766e-03
2.836451153698961794e-03 2.716041081270911643e-03 3.044386224854861347e-03 3.333128664583093724e-03 2.837874926530957204e-03 3.013430475110168323e-03 3.073704919732475529e-03 3.308347294853356251e-03 3.235933689960038186e-03 2.857031783882751138e-03
2.823165619267392016e-03 2.855158269699534408e-03 2.884907214392635946e-03 3.352514595460556312e-03 2.851450647032358413e-03 3.052045143320647642e-03 3.036366352496620846e-03 3.344958614577658602e-03 3.387554893889145949e-03 2.865938539906106100e-03
2.841820313736852580e-03 2.849320615434448433e-03 2.787749674066794092e-03 3.346910540320611419e-03 2.798124505747123791e-03 3.004732114118665448e-03 3.037781165175762205e-03 3.069852628303039455e-03 3.417772488737602816e-03 2.907362462503509590e-03
2.898290371243440917e-03 2.697912233249399622e-03 2.988263988547667453e-03 3.316041460853395850e-03 2.782488318356926820e-03 3.023202559183459526e-03 3.038960525397239442e-03 3.255957304171158608e-03 3.722935339479333233e-03 2.863104260335272867e-03
2.822508376274054497e-03 2.687456336059059012e-03 2.783036592192419251e-03 3.337130187558168433e-03 2.773557587785521923e-03 3.041703790261483624e-03 3.052513839766302257e-03 2.954494027032586890e-03 3.176594815154622220e-03 2.850658368176153465e-03
2.840364993669006188e-03 2.868987944035654263e-03 2.819461231402762072e-03 3.328421372232266955e-03 2.778695438083966969e-03 2.984527339376702795e-03 2.978749697603693715e-03 6.069589758651711998e-03 3.674095243192683491e-03 2.895909557649438675e-03
2.820994477438469247e-03 2.686067553112969370e-03 2.772964432163288820e-03 3.336331909597069212e-03 2.839360493075172680e-03 3.071893745052971161e-03 3.025233008024767918e-03 3.032503588833938401e-03 3.135451171176239886e-03 2.910660283898265817e-03
2.828428121543633683e-03 2.676431365431245976e-03 2.777090802990894117e-03 3.296193516521132068e-03 2.773643572082411506e-03 2.977719860621109733e-03 2.973921785575067266e-03 3.026846782952987303e-03 3.812850097801969221e-03 2.973790621538126115e-03
2.827321723685312024e-03 2.738554678979668311e-03 2.818285996608030711e-03 3.295835930699867432e-03 2.784490879068865152e-03 2.972838238515951997e-03 3.062829293707276367e-03 3.152351223873455215e-03 4.399669744236662898e-03 2.965140885279204767e-03
2.837370632702503320e-03 2.704787483218117593e-03 2.793814359909137148e-03 3.284644889140740827e-03 2.794541265928095295e-03 3.006532797755090847e-03 2.953059070379269752e-03 3.127388652560824430e-03 3.300892260666642933e-03 2.851371117872970613e-03
2.809638689235599736e-03 2.665034717628743041e-03 2.902826014693115492e-03 3.275930091287558490e-03 2.763355452012502839e-03 3.083840608403954405e-03 2.944154224162431280e-03 2.988254239612985787e-03 3.219577029548904065e-03 2.919295288795415236e-03
2.800074928554435218e-03 2.719579833115551987e-03 2.761315396465469692e-03 3.415902824000315637e-03 3.086158142242033560e-03 2.951093428041124799e-03 3.003168388431958109e-03 3.133331352258539228e-03 3.495549152591135612e-03 2.873776924054351461e-03
2.821435503261658217e-03 2.634058709053393576e-03 2.774236310128228890e-03 3.343119109379463251e-03 2.740161317063316646e-03 2.949471530639229122e-03 2.929376059488569047e-03 3.038568743993147209e-03 3.637588741304200943e-03 2.893253746368418602e-03
2.810568211188363939e-03 2.806476363553117755e-03 2.769150329859061243e-03 3.257729123251623324e-03 2.864830631375768575e-03 2.982914794360154182e-03 2.923986261343532699e-03 3.007522696113335264e-03 3.194923807085116307e-03 2.843911631559321515e-03
2.780128926687869435e-03 2.823896155892841823e-03 2.776488118258059294e-03 3.302763553138293208e-03 2.750494115465908131e-03 2.989131485404751022e-03 2.937107472172160744e-03 2.930184996527574175e-03 3.796190544339487181e-03 2.810404718732195575e-03
2.783004522456742312e-03 2.628233169651420301e-03 2.839066896027134766e-03 3.253155172757923614e-03 2.730409939685907259e-03 2.898243619235954614e-03 2.918759403755100037e-03 2.929281923419640825e-03 3.419158663699330570e-03 2.812855813440913542e-03
2.800606468599385612e-03 2.617716741246511186e-03 2.842708014401773391e-03 3.264573407404860496e-03 2.733128485564721277e-03 3.147867296655946709e-03 3.108367277308871513e-03 2.916254411984051977e-03 3.228996081139027391e-03 2.853384872279664773e-03
