8.254198700215924223e-02 4.649187849105157477e-02 9.461243954029041614e-02 8.436293603847691558e-02 8.233334088557318908e-02 8.492426310832822123e-02 6.507464039439592174e-02 8.186767835138496208e-02 7.639771957054387885e-02 7.970132116385331145e-02
7.600596021238693878e-02 3.153361794774470206e-02 8.166440236328295632e-02 7.460589112927862310e-02 7.686726401742445536e-02 7.700135548273871755e-02 5.226757887658835949e-02 7.516617743785611316e-02 6.264999628186827818e-02 7.448453325817039339e-02
6.802561592192644946e-02 2.322211932600074663e-02 7.330908167970213996e-02 6.975206214519050207e-02 7.355846770885934860e-02 6.818319378631927663e-02 4.153862772635006501e-02 7.250988778503472676e-02 4.520604552658372827e-02 7.220545766704784818e-02
5.535326100032778723e-02 1.834206630095927548e-02 6.558458109537620984e-02 6.538390908132848955e-02 7.050038779802690614e-02 5.869680770887676646e-02 3.307277613438213554e-02 6.951719091589478317e-02 2.696228287689396430e-02 7.008890991294537687e-02
4.404941813741098527e-02 1.553201013485881049e-02 5.672571017738372440e-02 6.053961744342081785e-02 6.707641494392974080e-02 5.084888773015563274e-02 2.649290956135712596e-02 6.279268675095853181e-02 1.782619182287213319e-02 6.742528573220590848e-02
3.426115482736872414e-02 1.353532975951652825e-02 4.661052106172076936e-02 5.543461743430246058e-02 6.275546018147153127e-02 4.430311333888302394e-02 2.265656415712558741e-02 5.272636303188803220e-02 1.348231784051341295e-02 6.388243987898555021e-02
2.692440859807222406e-02 1.211206910720374376e-02 3.689013562528718065e-02 4.889620815067382414e-02 5.705806917813634194e-02 3.777730668715795909e-02 1.959991248674179676e-02 3.854871859054301297e-02 1.153800404036048159e-02 5.963767255201522094e-02
2.139261617573702881e-02 1.115182522241241897e-02 2.936462933211485618e-02 4.445613260008800249e-02 5.049717564814774212e-02 3.152078030296848188e-02 1.739059235352061888e-02 2.852869507638513061e-02 1.022375072989344623e-02 5.484810141008296391e-02
1.809875757673278657e-02 1.042163872815416413e-02 2.482662520490629826e-02 3.933637227685893301e-02 4.361324185580514601e-02 2.656989438278712160e-02 1.592049748371584736e-02 2.283758274796629170e-02 9.539915147964768416e-03 4.969606312201024778e-02
1.616906853870742761e-02 9.726325652580039560e-03 2.118399304654145984e-02 3.580835724493951905e-02 3.819637387691085517e-02 2.281619862725599648e-02 1.492465567825695602e-02 1.941713346183104524e-02 8.945364522114364683e-03 4.444841481246227660e-02
1.404458801471977422e-02 9.179796289167308637e-03 1.906375143543657946e-02 3.233358306626589462e-02 3.424576465303426354e-02 2.051244204483531827e-02 1.391253622216206964e-02 1.748938063730820155e-02 8.687204436476593170e-03 3.855565350482689779e-02
1.400486742476737129e-02 8.625208113468839019e-03 1.729414476706748680e-02 3.084091053069544161e-02 3.138840272221109923e-02 1.909740338067813722e-02 1.371566772650545385e-02 1.612766042498414362e-02 8.262629044059985328e-03 3.336253645863098555e-02
1.369824007146014030e-02 8.378378823108746654e-03 1.613830583097729601e-02 2.772582373869753730e-02 2.913026224505253087e-02 1.801888092794545065e-02 1.351421509037012414e-02 1.491893585982000982e-02 7.938561060424042734e-03 2.917046798760379936e-02
1.192825389374402648e-02 7.929782406974762721e-03 1.545518259243743031e-02 2.610437963119564830e-02 2.717063468972395063e-02 1.732787256800076559e-02 1.272023170534766420e-02 1.411549393870013477e-02 7.674437459596376680e-03 2.551429268017771715e-02
1.386151781623632707e-02 7.718058844414210293e-03 1.467541518556860630e-02 2.503717472219356768e-02 2.576992620593910113e-02 1.676263119951468955e-02 1.170602722742152164e-02 1.328473643714443535e-02 7.476241413192971814e-03 2.302959316393972042e-02
1.194651294591255603e-02 7.502644674233126948e-03 1.431322459226135914e-02 2.355218586256193139e-02 2.403117840481440795e-02 1.616903083287600171e-02 1.128017721814670617e-02 1.242263217864710348e-02 7.190043289127429592e-03 2.092498149339955954e-02
1.115723868980341739e-02 7.437347618221668705e-03 1.390879010504151789e-02 2.265647661021392631e-02 2.276804362809508459e-02 1.579878915296901651e-02 1.165393807054985152e-02 1.192988056616586454e-02 7.109947432708592190e-03 1.934548801467386725e-02
1.002909243080944181e-02 7.125097718285914629e-03 1.340139615403250321e-02 2.344222475795363844e-02 2.150251548076161784e-02 1.541556249868728315e-02 1.085603124576563910e-02 1.113036021799941946e-02 6.912759377016625476e-03 1.818465218909435382e-02
9.799235605113996994e-03 6.961430740222407897e-03 1.305800367895624398e-02 2.167137381041166905e-02 2.050668644394588666e-02 1.509648547289767911e-02 1.062735785813849823e-02 1.091918521569573523e-02 6.863522299753506244e-03 1.708918813810278090e-02
9.457647277590266327e-03 6.800808727643376309e-03 1.278228642948104309e-02 2.051578544197678322e-02 1.972226662620206461e-02 1.474266454688677279e-02 1.050174051820170103e-02 1.010144846026757824e-02 6.752811943875917586e-03 1.647572372804122567e-02
1.023147748684565157e-02 6.733745097616768149e-03 1.243310931692873621e-02 1.983986382464605208e-02 1.867356145839232581e-02 1.447896902265409687e-02 1.009053412432404061e-02 9.658707489649590722e-03 6.640393889480763860e-03 1.539572757646984723e-02
8.943226205272110374e-03 6.536204978242242739e-03 1.221882227936221810e-02 1.982232609939831372e-02 1.785882807981922782e-02 1.438651560530065064e-02 9.966904635633370979e-03 9.515643055629270999e-03 6.463680545351141275e-03 1.476724897217542541e-02
1.087363380849207598e-02 6.382292906547722654e-03 1.189534091135741739e-02 1.911905572138363277e-02 1.714219588598658861e-02 1.400573983456118721e-02 9.968113431735961885e-03 8.780611741815765731e-03 6.433876104511630951e-03 1.410590845650598092e-02
8.298413094738672779e-03 6.363931233649718251e-03 1.196558905306492615e-02 1.927332929907971809e-02 1.640830605491737718e-02 1.379700749313164145e-02 9.817577184232505194e-03 8.872521767114071450e-03 6.290172736604051316e-03 1.363698000655135661e-02
8.744948602073671085e-03 6.130745023911796966e-03 1.146410951039701122e-02 1.816011067725098807e-02 1.580455252707801267e-02 1.352863796394060576e-02 9.579749297218999662e-03 8.340256127300472999e-03 6.228039834030319952e-03 1.304185511213024409e-02
8.152319087227336350e-03 6.033447888911686388e-03 1.132388802218766213e-02 1.774174822980304281e-02 1.525822292165303525e-02 1.331033583736925680e-02 9.584018072440187233e-03 7.863331924914526358e-03 6.255541302051127045e-03 1.259653909028748617e-02
8.171841736610261503e-03 6.144059483279193032e-03 1.112455643576005029e-02 1.705250247682587456e-02 1.465462175362287553e-02 1.318274161535172746e-02 9.520483156186325749e-03 7.509534428032853953e-03 6.123347471810130366e-03 1.251617104380679975e-02
9.048887282476301280e-03 5.897356117840934359e-03 1.108965336749900138e-02 1.667569742884286027e-02 1.448019930618652841e-02 1.305352337525623324e-02 9.311053458761636009e-03 7.516170600625683706e-03 6.016260293143730481e-03 1.192505301457598942e-02
7.546427562330313039e-03 5.826192314384752609e-03 1.065823617032964771e-02 1.626427325416208644e-02 1.366297426710030676e-02 1.288520145028307536e-02 9.078966180663788563e-03 7.179020302149532323e-03 5.904354479684854017e-03 1.134974970865229929e-02
7.675855524630453321e-03 5.626784300871532675e-03 1.050360185291608975e-02 1.665508785248264942e-02 1.323398712795867578e-02 1.265370474826388487e-02 9.634429533168535273e-03 6.817616613713266271e-03 5.895484197264202683e-03 1.113610414563061778e-02
8.840383695813148687e-03 5.625761064163725504e-03 1.056185224910685151e-02 1.590601297666258476e-02 1.284992865914742245e-02 1.244903963126924550e-02 9.121594415341771622e-03 6.597324090695905544e-03 5.774090401956731740e-03 1.122422779334903385e-02
8.111403977940422755e-03 5.649358583186296287e-03 1.016281036742503266e-02 1.567609145215664856e-02 1.234924890917320564e-02 1.229985961628119427e-02 8.936814906040492154e-03 6.390679221734217597e-03 5.685304872404626370e-03 1.063520022111362658e-02
7.363769774346374392e-03 5.438166462144186988e-03 1.000116320292412757e-02 1.475281914570865383e-02 1.258583746333256925e-02 1.209231839114622425e-02 9.321552610708022657e-03 6.254004227724842963e-03 5.681676434345260367e-03 9.903184171698015820e-03
1.161387844959356833e-02 5.435592479182555121e-03 9.974709153200094977e-03 1.457228066191432365e-02 1.165797134587972031e-02 1.208274903303130018e-02 9.398265932983283777e-03 6.031723264894807597e-03 5.607230482265930689e-03 9.884299485281874617e-03
8.336552390334523929e-03 5.337729258182654334e-03 9.635390116966758081e-03 1.375496195777360826e-02 1.136783357839382842e-02 1.184609172094790337e-02 8.872539195523712272e-03 5.936840838509806380e-03 5.728689711862436536e-03 9.249841024279323309e-03
6.782332591977598309e-03 5.372242263898400691e-03 9.513314222889425811e-03 1.318664462264200823e-02 1.082158380949866869e-02 1.186313152369456933e-02 8.922921534933285492e-03 5.687973907627718456e-03 5.551217788379392802e-03 9.198014798360675329e-03
6.770352293500132498e-03 5.285576564068752807e-03 9.347785152451873122e-03 1.293474870484148317e-02 1.092092972901795127e-02 1.167074936851003435e-02 8.418149027908586671e-03 5.610179627066187898e-03 5.479386381687686818e-03 8.821839460078270342e-03
8.327309771014354545e-03 5.231129521615196509e-03 9.181586607510772852e-03 1.250032556444785441e-02 1.032698197638051013e-02 1.150703836471685809e-02 8.422376269435361690e-03 5.525705089745524927e-03 5.475770649682855720e-03 8.524272993672076318e-03
6.604293682849357583e-03 5.061668668133176459e-03 9.094505190565186151e-03 1.215151522145013069e-02 1.005528272720865660e-02 1.139527600427885784e-02 8.376575047512884939e-03 5.387501650149377312e-03 5.492781553057358990e-03 8.437838794959739985e-03
6.538806050943242118e-03 4.969863585918698687e-03 8.865589147528038505e-03 1.191434509962839561e-02 9.948999258921389574e-03 1.146126598262197684e-02 8.536365975168063239e-03 5.464814684118272578e-03 5.289154481557236699e-03 8.086747400321565860e-03
6.523480846694562456e-03 4.952200232435829616e-03 8.804889595306810562e-03 1.155117149630690426e-02 9.351857750177966500e-03 1.115893983897357604e-02 8.463836026232214940e-03 5.319260405319436134e-03 5.353439525700887970e-03 7.735303068493193553e-03
9.053327891126627253e-03 4.937957775516740866e-03 8.634378396312897275e-03 1.117674368729725670e-02 9.166124215235060130e-03 1.096640620187921099e-02 8.437523114177001779e-03 5.100418556394901298e-03 5.332273290451765291e-03 7.592764702215686751e-03
1.004989395343162256e-02 4.919247678123226698e-03 8.482862886015189036e-03 1.099967249500997772e-02 8.995426081998894596e-03 1.099547071526568894e-02 8.727314983438708845e-03 5.120011411106007576e-03 5.236024628405823618e-03 7.395481956719104737e-03
1.273622076069980819e-02 4.873912004340430135e-03 8.330146891326994929e-03 1.020467845653208645e-02 9.124840984875832312e-03 1.088457193812177211e-02 8.331178228421635620e-03 5.065704060239832954e-03 5.245284128585282410e-03 7.723606591113707509e-03
6.256886929880696446e-03 4.805193157096127911e-03 8.275839453093070119e-03 1.098149421740278464e-02 8.692973652001386581e-03 1.074852684559395206e-02 8.052850006861237558e-03 4.797980235022184306e-03 5.195351498147132013e-03 7.195402035215780860e-03
7.767637727520156077e-03 4.801166268107815403e-03 8.150546377038794116e-03 9.915266551160010697e-03 8.132712280595083901e-03 1.064945737926228757e-02 8.285562798007690966e-03 4.824079935513527102e-03 5.153828781629552803e-03 6.944816441368769147e-03
6.367700190845572428e-03 4.852345441475340755e-03 8.019241249893668128e-03 9.400590006394222292e-03 8.468178036447206181e-03 1.054054301737582938e-02 8.381389606823774763e-03 4.600620166994773622e-03 5.103459792038236506e-03 7.029754630319449450e-03
6.037597873923860811e-03 4.668187472298616740e-03 7.844105085290944968e-03 8.981975426139838375e-03 8.108258565156945680e-03 1.051305654231130329e-02 7.992949612055693515e-03 4.693353543002989729e-03 5.151320131006214588e-03 6.894980755723099757e-03
7.533599230484339278e-03 4.633472064169476615e-03 7.749849693218405916e-03 8.755079776150498719e-03 7.815755371698655113e-03 1.042631769889557601e-02 7.768134720027613377e-03 4.545802729199843566e-03 5.100229312169415712e-03 7.036819428105499548e-03
5.972495975120095321e-03 4.738749800998792033e-03 7.640644672346363735e-03 8.562978079586516800e-03 7.736454884098854269e-03 1.030694757637254898e-02 7.781473676826782676e-03 4.534965225891895643e-03 5.079469702655465581e-03 6.465512340503295347e-03
5.960561163109207201e-03 4.641108817955823425e-03 7.535698406663799385e-03 8.116598834003561566e-03 8.020428680513001438e-03 1.023749656438889891e-02 8.217623907076579068e-03 4.373726294200103171e-03 4.995162142179968359e-03 6.336216312884140021e-03
6.226887051177334466e-03 4.604728386040241213e-03 7.453799004716704993e-03 7.838152858341050286e-03 7.305274200261233433e-03 1.022213762190199264e-02 7.884594073134167103e-03 4.564968878315775989e-03 4.913878715729995232e-03 6.242115409339550440e-03
7.454033688536317037e-03 4.600521593830787272e-03 7.336468083588230590e-03 8.226696332988756716e-03 7.122240825522331217e-03 9.952209256343364993e-03 7.832347681425357033e-03 4.971630519443622984e-03 4.911812889688474577e-03 6.145708772769676101e-03
5.842381067769324664e-03 4.563801698990576500e-03 7.245055777609432819e-03 7.505407460796482098e-03 6.946041698577321878e-03 9.862603071035260308e-03 7.575912949545506210e-03 4.510074292196078298e-03 4.908805960896767996e-03 6.143861031539773858e-03
5.685282005027342093e-03 4.515201374786617476e-03 7.106963244051832558e-03 7.342651339093367487e-03 7.061296523456822918e-03 9.721973082382659795e-03 7.315871202512970635e-03 4.304426445608653361e-03 4.875673982324424567e-03 6.041530413426700677e-03
6.193633800720715898e-03 4.451364623833915270e-03 7.012704580865021693e-03 7.108721219523453372e-03 6.840367432978547088e-03 9.681679244729056791e-03 7.381041501282751063e-03 4.198408938732688632e-03 4.920744246939806610e-03 5.964970874702314046e-03
6.687824716745087959e-03 4.459233984818960703e-03 6.841538791685053758e-03 7.106449231721203783e-03 7.381264524215929573e-03 9.873130521079739180e-03 7.355898185920199846e-03 4.367330294998122281e-03 4.829813000617189968e-03 5.871749944623844315e-03
5.816978675312375023e-03 4.463472517116763051e-03 6.761847934069557461e-03 6.843525619923272046e-03 6.501524292266403632e-03 9.583032422607468126e-03 7.285444169736193278e-03 4.056366600217254856e-03 4.747587197073755046e-03 5.818118777982535759e-03
6.248653763093993223e-03 4.389224936182702271e-03 6.727980869174292160e-03 6.677568806409794888e-03 6.516165780160292249e-03 9.472565021757735002e-03 7.795022784351109645e-03 4.421629976755784598e-03 4.803310697539078453e-03 6.081664639734264341e-03
6.660191797814742423e-03 4.334253454679636540e-03 6.688160067182429176e-03 6.650469145846486796e-03 6.939389530950473492e-03 9.410524446123886069e-03 7.233327889037501068e-03 3.996054674109790310e-03 4.851380422491967381e-03 5.752519153382019967e-03
9.663939225212209855e-03 4.360858032412112499e-03 6.589294619321118575e-03 6.574876000183464686e-03 6.163827513483214476e-03 9.401814554109780286e-03 7.229560667325896257e-03 3.973050412355508786e-03 4.816130081052718420e-03 5.615836744406446993e-03
7.982751571817880976e-03 4.346776525365615707e-03 6.520897187643688239e-03 6.613856721202372550e-03 7.919502695106734463e-03 9.373747837296206309e-03 7.117377691526162974e-03 4.027269182687097208e-03 4.804986543712591249e-03 5.582897016240576452e-03
6.402545603299776393e-03 4.321966806648046104e-03 6.479860224890957900e-03 6.388625632862146575e-03 6.425298257291953662e-03 9.260822796898151785e-03 7.113528813254325033e-03 4.133508918475022748e-03 4.658945354870789278e-03 5.507961044374402176e-03
5.377272326591322343e-03 4.324540879294788871e-03 6.325054566393649089e-03 6.259027926938395305e-03 5.895924005004429466e-03 9.054206920096988589e-03 6.884399728509993897e-03 3.842946278323148245e-03 4.729320711555852833e-03 5.556972651352104497e-03
6.067170252351519223e-03 4.266185914291700104e-03 6.278818420850021745e-03 6.333095063291188653e-03 5.798994013597356771e-03 9.435655947129825347e-03 7.140168678434621538e-03 4.404578983776274992e-03 4.651729905475847360e-03 5.443544284507028860e-03
5.587752484460433225e-03 4.247030085507588586e-03 6.181928281566410541e-03 6.367866297929669454e-03 5.634903021531915274e-03 8.995833607791818565e-03 6.949344305470563435e-03 3.904316707654076953e-03 4.691119730321876430e-03 5.399194117361226161e-03
6.494876640534747760e-03 4.260533981759902916e-03 6.145953445263885664e-03 6.216722214639720974e-03 5.913192878046697257e-03 8.887536751898504964e-03 6.869248735986607270e-03 4.570285338363538029e-03 4.631989353345692534e-03 5.675944405340149074e-03
5.595144730490751901e-03 4.256139726937191795e-03 6.033263223570396218e-03 7.108508264358662926e-03 5.551217013780201590e-03 8.878876549569475821e-03 6.971028783248317540e-03 3.881741933982694754e-03 4.701511350073440954e-03 5.342852933105963521e-03
5.849754069030694767e-03 4.252009553764171841e-03 6.061361105586706398e-03 6.093854866813182107e-03 7.896333178930356814e-03 9.080092243333816315e-03 6.582627052061816413e-03 3.823017802861733427e-03 4.615277875751216431e-03 5.222445370321736856e-03
7.344636183140846111e-03 4.207482946827972164e-03 5.933457089545462679e-03 6.124044127947099458e-03 6.254131880903600511e-03 8.852580308506455276e-03 7.269667280091672568e-03 3.760286039155927035e-03 4.646943737642690586e-03 5.283636140823351653e-03
8.238665314771466755e-03 4.131309341336627909e-03 5.853244237300791498e-03 7.029833435642465767e-03 7.447454675561190375e-03 8.676137791229882393e-03 6.633549119231249742e-03 3.768365960587399636e-03 4.555950247081892723e-03 5.166720162827189745e-03
8.637767304827612125e-03 4.127627967157185100e-03 5.842385810249894375e-03 6.082332285946383948e-03 5.897675907185183537e-03 8.585952311545335530e-03 7.015510727738462349e-03 4.070734645992702370e-03 4.625985636076358244e-03 5.096489763625208259e-03
7.801000219942478935e-03 4.128723084926762613e-03 5.731159866915357635e-03 5.887029234436578010e-03 7.243520677689519773e-03 8.770604554110146209e-03 7.378648083475910883e-03 4.035063715336879332e-03 4.544420765112317656e-03 5.074761587915374919e-03
8.133328473131319278e-03 4.091328148687630763e-03 5.668730497594935171e-03 5.786449803747629149e-03 1.464484917174184962e-02 8.449045316473212733e-03 6.544103007932021258e-03 4.191190866993060697e-03 4.480425265540800839e-03 4.998273842860029292e-03
5.992927982072214672e-03 4.084650106149699707e-03 5.672882289401796549e-03 6.342618145903170142e-03 8.381041190872092969e-03 8.407304662017158967e-03 6.650387054910747615e-03 3.760908727556271178e-03 4.456193692341909283e-03 5.214125127559692853e-03
5.181587664152781034e-03 4.090117493456636548e-03 5.628862766131581888e-03 5.780671401385386113e-03 6.152298595565447274e-03 8.375466530398174847e-03 6.384299021919738991e-03 3.739073594202305725e-03 4.523832885079005078e-03 4.963292379671395242e-03
5.750356674690350334e-03 4.055874494822963965e-03 5.563424955270990756e-03 6.149315843291280372e-03 5.961670655031495701e-03 8.276302042768959519e-03 6.337125526102718558e-03 3.547551312319801014e-03 4.510915065419216809e-03 4.975433953432745540e-03
5.712294007203870885e-03 4.039722131933798886e-03 5.514059113178683413e-03 5.771491738356490653e-03 5.462060918655078576e-03 8.240719213048450925e-03 6.448509765706233500e-03 3.553319298627863419e-03 4.435735637086751955e-03 4.937519263283313142e-03
5.279095822316623790e-03 4.058060599856818350e-03 5.472805914419517394e-03 5.699521180515536474e-03 5.681735161524199655e-03 8.154909745261861020e-03 6.432976303214585356e-03 4.013111258766879214e-03 4.471216137313082858e-03 4.935863905584770769e-03
5.253216024430725460e-03 4.074555347411162876e-03 5.435030630754592203e-03 6.191164278081162133e-03 5.108096265105908050e-03 8.130620143034422709e-03 6.360659888651963925e-03 5.344929027034844848e-03 4.516258966768365440e-03 4.916737850039691431e-03
9.095212474714453599e-03 3.996311001256822558e-03 5.411605539082179825e-03 5.994639759175894415e-03 5.300554981054713018e-03 7.935167807948813670e-03 6.353666478040350361e-03 3.577690355720209055e-03 4.470095999909386511e-03 4.852475396372939002e-03
5.557482436151016218e-03 3.974785993596226773e-03 5.462012667418678948e-03 5.562300666524651500e-03 1.015469846440306481e-02 7.872831031625929579e-03 6.147094316273443715e-03 4.167898717782593521e-03 4.484906990647879142e-03 4.845214438227590098e-03
6.593438298320659918e-03 3.978493149115368104e-03 5.457418387281886586e-03 5.795462561462184393e-03 5.152398434242284365e-03 7.862027373020673976e-03 6.203235591787597744e-03 3.676395384212718769e-03 4.396160479463510212e-03 4.795306516081797137e-03
4.847855688520417636e-03 3.978158185987376409e-03 5.502825086621524441e-03 5.563260085790377833e-03 5.278804104589175650e-03 7.915922469508646087e-03 6.111210799725779255e-03 3.946276504140433690e-03 4.341488873755487352e-03 4.754895007457770814e-03
4.930520326904125165e-03 3.953124123222203842e-03 5.261357481405903348e-03 5.615918372070124835e-03 5.279094685044848773e-03 7.838333819188409227e-03 6.417864252205995358e-03 3.665723366888605072e-03 4.339835345392956643e-03 4.755131410994037529e-03
5.251526511064299671e-03 3.965801246967419307e-03 5.220583906148643094e-03 6.068889999503291818e-03 5.408152197380050943e-03 8.058052599662883161e-03 5.903837870387866268e-03 3.477900174057617193e-03 4.337383650140516286e-03 5.032898163351133894e-03
4.779403113641865659e-03 3.936201531398225185e-03 5.287232510126058799e-03 5.778104129494980763e-03 6.903896520529239147e-03 7.841109327958100533e-03 5.954595014871441779e-03 3.443767007138869712e-03 4.351634661163700235e-03 4.762270920958069226e-03
5.049062398956144157e-03 3.946509701400497533e-03 5.215920359724317799e-03 5.703206740561662935e-03 5.313527346244382304e-03 7.683068911101063880e-03 6.131468969201826595e-03 3.454336777154277689e-03 4.374157376273634691e-03 4.890133525521823607e-03
6.567804656369113578e-03 3.995567743483058321e-03 5.214141329265623709e-03 5.573725704000618078e-03 1.362055270563586849e-02 7.658642752019326379e-03 5.792741421989463027e-03 3.748028720396273487e-03 4.333525653060746503e-03 4.811853747644805057e-03
4.964194282144450930e-03 4.232863175897058974e-03 5.189886324913396860e-03 5.572457503752214700e-03 5.453677568762761371e-03 7.550845165567635596e-03 5.804116622413483390e-03 3.535260098980201778e-03 4.280488591202109665e-03 4.661634172450135338e-03
5.174269703143079789e-03 3.894865363037129397e-03 5.188690116042209838e-03 5.549717557229149126e-03 5.106220205888655807e-03 7.395543368042379641e-03 5.956419482785752471e-03 4.840487137527376728e-03 4.305855958967405410e-03 4.654748006575511188e-03
6.955246610238984342e-03 3.875354338194708041e-03 5.069621380903373796e-03 5.832570533132058060e-03 1.554566539961275626e-02 7.583160072873589355e-03 5.690833482241754518e-03 3.795255622554163585e-03 4.435794334433433919e-03 4.584804234043592282e-03
5.551374566017414774e-03 3.900972775608721292e-03 5.082148418948279588e-03 5.445061370964095551e-03 4.900024106020953521e-03 7.437062773464798646e-03 5.667175053586813796e-03 3.672918817547288391e-03 4.239327889242448105e-03 4.684526088673895972e-03
5.510973153646137219e-03 3.893680071664579710e-03 5.046260219181540434e-03 5.430786966551152430e-03 6.445130231555633478e-03 7.307758234043405451e-03 5.629687798735976204e-03 3.449624620713023608e-03 4.325238344414992532e-03 4.540837230827217408e-03
5.417354803321051265e-03 3.831872185155963968e-03 4.997213512983095587e-03 5.395115201760732927e-03 6.610755327319819095e-03 7.295317257012106857e-03 5.599050067571104475e-03 3.512173462038507225e-03 4.273065536525836282e-03 4.530917344943094678e-03
8.254095487388635882e-03 3.928578554657552804e-03 5.044506038235510061e-03 5.437896997069085504e-03 4.928171653853236599e-03 7.228968653142433046e-03 5.853437160617275085e-03 4.165932357753122060e-03 4.225536899738000472e-03 4.497518650960784237e-03
5.489767879193674024e-03 3.830373606819686711e-03 4.970344503810140112e-03 5.385466498698673714e-03 8.208426821553139324e-03 7.142593684463258673e-03 5.828572425841125997e-03 3.392948047462947432e-03 4.350462650140927458e-03 4.627368859913185556e-03
4.980330783472574838e-03 3.791850432249265282e-03 4.964324453143908675e-03 5.665984277120225850e-03 6.292662458469952189e-03 7.049261852944987451e-03 5.461583762297617280e-03 3.488619971983290390e-03 4.212232413051755775e-03 4.605290809682907258e-03
6.881213954140952618e-03 3.822442308009130468e-03 4.906413923983816636e-03 5.361999086711821856e-03 4.980684753452391603e-03 7.079093105815735358e-03 5.491320159403867765e-03 3.892797663328287621e-03 4.166842018936466573e-03 4.608088311716892517e-03
5.639903821979814873e-03 3.966748025577490622e-03 5.214668659704061772e-03 5.435104581252197913e-03 5.385239783635705803e-03 7.008905706892450127e-03 5.854859279719591691e-03 3.919285194496904476e-03 4.237100399601984035e-03 4.626023430673010216e-03
1.016001877033026989e-02 3.797816126701227066e-03 4.926701544656050639e-03 5.343082802441996397e-03 4.906833208436532992e-03 7.068852553901040087e-03 5.563002495831251108e-03 3.457082211240346172e-03 4.161016934768523891e-03 4.628390073052606954e-03
7.916645907561607395e-03 3.766144893029834458e-03 4.884173013494104605e-03 5.365912376757316776e-03 4.679935931865488070e-03 6.950706618174051082e-03 5.436224599265136563e-03 3.840877489246408930e-03 4.187498827587296003e-03 4.501163880814468971e-03
4.918747624333067239e-03 3.777127609691079656e-03 4.932142653824993749e-03 5.499370086574754263e-03 4.662708092126092128e-03 6.971102960920760351e-03 5.601474212314525719e-03 4.141415309630139957e-03 4.137135920620923363e-03 4.438148413686147237e-03
5.147733853803055856e-03 3.764738517673109353e-03 4.871248038699298004e-03 5.352451112298969860e-03 4.900834179048470240e-03 6.839137206146751052e-03 5.493562654343008174e-03 3.694164410146966518e-03 4.158112037043282770e-03 4.409554429286022953e-03
4.967606137239684305e-03 3.731909775621893369e-03 4.903730263953654314e-03 5.332825193122869498e-03 4.636029263161588719e-03 6.727753866174123257e-03 5.332089531632622399e-03 3.526276319458761591e-03 4.172699198814716626e-03 4.504010924800799440e-03
4.780346437203743248e-03 3.842309503694737744e-03 4.843041894454560084e-03 5.272702738730999754e-03 4.667359677468512109e-03 6.669154249486525243e-03 5.379228274678198377e-03 3.506459679661861478e-03 4.068588595522590161e-03 4.425107834027154803e-03
4.496421078563733222e-03 3.791057063613545441e-03 4.835740642234367948e-03 5.241294703865386623e-03 9.001494353706031987e-03 6.654149624137776012e-03 5.325907487934457112e-03 4.754037874760487156e-03 4.132860685973860533e-03 4.387828003125262069e-03
4.807916027747533190e-03 3.727551632183235836e-03 4.761929309076616545e-03 5.257029487335650869e-03 4.615169136557109933e-03 6.661501052043017693e-03 5.626831602275253648e-03 3.379630451864284492e-03 4.258628844369649266e-03 4.513263959796417688e-03
5.178301842104694741e-03 3.702479946211287981e-03 4.834690134239943808e-03 5.383422923855725982e-03 9.286584584549563773e-03 6.782954315542849555e-03 5.282413846382887947e-03 3.886480858894236865e-03 4.191909644501613276e-03 4.371660597087458772e-03
9.403510781896301518e-03 3.740701200011430517e-03 4.769984830304235639e-03 5.224982117810301856e-03 4.650023546904140555e-03 6.667491244890603672e-03 5.353646739282658627e-03 3.341725534386302821e-03 4.126727233350878724e-03 4.310869950795438200e-03
4.820359197643954777e-03 3.877283667826504632e-03 4.777125704238277190e-03 5.457642436231147955e-03 4.500507226018757474e-03 6.647607509257812824e-03 5.316765966812338727e-03 3.287165039860420832e-03 4.165207221600754871e-03 4.288730295651965729e-03
4.827081441564201429e-03 3.708312332228885962e-03 4.770715565623998185e-03 5.286056381366371557e-03 4.531090358661966216e-03 6.467528127494938384e-03 5.392410130157054664e-03 3.180658332039668166e-03 4.116511556357489374e-03 4.359493627845294726e-03
4.932657783029042661e-03 3.672249344184261213e-03 4.911502167675716075e-03 5.155303206016278658e-03 4.450345602529345510e-03 6.466443352928598343e-03 5.154331209688394963e-03 3.345290331484784396e-03 4.056830903134600076e-03 4.344752670801457252e-03
6.441951778789916684e-03 3.756455098882241495e-03 4.744554644554708003e-03 5.141328320940339106e-03 4.531412240760329495e-03 6.391410253474414348e-03 5.063903751999139849e-03 3.330374043877016698e-03 4.041060629269153243e-03 4.351204109603457396e-03
5.066278010909970424e-03 3.668355342052048024e-03 4.705590528634429580e-03 5.155910296352921897e-03 4.348392833572990550e-03 6.390126761188923837e-03 5.166640302746760942e-03 4.673067869850800263e-03 4.040419424960250971e-03 4.271296760930191200e-03
4.682168116697163658e-03 3.655905625291824054e-03 4.684125029495950741e-03 5.508743374410875540e-03 5.863942724342392949e-03 6.324189707399636290e-03 5.437225997666933833e-03 3.420847752226239061e-03 4.020616720939353649e-03 4.300431299685437449e-03
8.454856432111275757e-03 3.690901982065350386e-03 4.618416142046601232e-03 6.063851306944247239e-03 4.532905696478982394e-03 6.310209597141292794e-03 5.056694643447828472e-03 3.603137120482310073e-03 4.083769535269607398e-03 4.261646324945754342e-03
5.834322641641329771e-03 3.655105451776627466e-03 4.609197775392984836e-03 5.148393851380082993e-03 4.674296202515176163e-03 6.292750874155120418e-03 5.000136411731333566e-03 4.268376822552871243e-03 4.001619346539917084e-03 4.217165230977144678e-03
4.997521653857753959e-03 3.617996371069524993e-03 4.729739273294393358e-03 5.135786566820863507e-03 4.353291768360772161e-03 6.304507946788824417e-03 5.069157199598333871e-03 3.556728391338004423e-03 4.105720882575166798e-03 4.262530230058680925e-03
1.202676064898580005e-02 3.655542171935274084e-03 4.677201738499935438e-03 5.358355776982841323e-03 4.378820448614447088e-03 6.196530782626370401e-03 5.267182337307608521e-03 3.352876644142786279e-03 4.003833667586028169e-03 4.222460970873928923e-03
6.257268782350123779e-03 3.658941997350297157e-03 4.645795801452649344e-03 5.161244926870472462e-03 4.701313829719264148e-03 6.146523770362333043e-03 5.412086254671004751e-03 3.416193343766764281e-03 4.047584026017915157e-03 4.188401475868695593e-03
7.897573375592787520e-03 3.609358862288499295e-03 4.615564006047989318e-03 5.185857170094059811e-03 4.628473260232406072e-03 6.084575201260301013e-03 5.019257526214408044e-03 6.411648909960728990e-03 4.100929152672717903e-03 4.355185843719687998e-03
6.520269710063638507e-03 3.627719519169482314e-03 4.598324349705089527e-03 5.166177717760048541e-03 4.323335218848508958e-03 6.130339186002883509e-03 4.838000679728807381e-03 3.373781078659002231e-03 4.002015417001759771e-03 4.150769904863712070e-03
5.591336896563586095e-03 3.618920066533990853e-03 4.550298101242897242e-03 5.222400919863992574e-03 4.862649205503256911e-03 6.057992225621671410e-03 4.861952563661152589e-03 3.267314929707157076e-03 3.988394795020747292e-03 4.173908926031719667e-03
4.460852460428044175e-03 3.647824142698765162e-03 4.708958544464689547e-03 5.141319786961927145e-03 4.469343973918603503e-03 6.055096911284478696e-03 4.951366360860644765e-03 3.208961698178584149e-03 4.015535035566346507e-03 4.247864243150441255e-03
4.598330484370811121e-03 3.748864129293914306e-03 4.520779568465949604e-03 5.047002059661716625e-03 5.273480788819620395e-03 5.977678040985119970e-03 5.069652126628328495e-03 4.071737699613076425e-03 4.027001477490190287e-03 4.222630622680060945e-03
4.702764439867663897e-03 3.709913257610109039e-03 4.581772447622595688e-03 5.336781367085810177e-03 5.502092856648922031e-03 5.947171988746459068e-03 4.924250064362609668e-03 3.775181337519746810e-03 4.047121694204898305e-03 4.305418279370675123e-03
4.776676300471755648e-03 3.639278687952102968e-03 4.598850739414228443e-03 5.203876242807243570e-03 4.433395987534192138e-03 5.914925435911965942e-03 4.795748144619940874e-03 3.152627174755067915e-03 4.082328252597969970e-03 4.192948776308246146e-03
4.952224767801152380e-03 3.584271332179911167e-03 4.607179684127378320e-03 5.069443657768468899e-03 4.211708921597328605e-03 5.936412973434937110e-03 4.719880925669620898e-03 3.114011302756605239e-03 4.027821123842260237e-03 4.312541967684661165e-03
6.141322460977625269e-03 3.557423717900106211e-03 4.510106208291819394e-03 5.503072135184261700e-03 4.903815742377429232e-03 5.853436815538279325e-03 4.758553892032670388e-03 3.472212447982654573e-03 3.962028250462553726e-03 4.163004786035230491e-03
5.763505631684388321e-03 3.620519499180006352e-03 4.506954416386994844e-03 5.033336304901833182e-03 6.919236285798795703e-03 5.793131276054361636e-03 5.117043403993317904e-03 3.196487996170303825e-03 4.032409642880166456e-03 4.148299822003765659e-03
5.109978710812842877e-03 3.557632639117114508e-03 4.564654979871605317e-03 5.109604941547505989e-03 4.490615586168668176e-03 5.820500970192128178e-03 4.890343858064510191e-03 3.111400226816273505e-03 3.956737802354505854e-03 4.105740612102115605e-03
6.187216203584387786e-03 3.550995481972960607e-03 4.536090998001123149e-03 5.028664534587670536e-03 6.910151917877405819e-03 5.987609840301159891e-03 4.867802115109626758e-03 3.216309446394752421e-03 3.985812894361135533e-03 4.251686794761945672e-03
6.236417477923542931e-03 3.594338075531376166e-03 4.484010214134685757e-03 5.108614142192088869e-03 4.268316463755359932e-03 5.835338706464699050e-03 4.859084021750692019e-03 3.461715438719068644e-03 4.025135727497253409e-03 4.085227354508237305e-03
4.206987989403100821e-03 3.690070048506972466e-03 4.568925673301538377e-03 5.079495825848504009e-03 4.303663659735273463e-03 5.790575937161195064e-03 4.715290995555175210e-03 3.548386213616373883e-03 3.920479231957489825e-03 4.191969378917704755e-03
4.321548337617282798e-03 3.608702778296072645e-03 4.502271680063368864e-03 5.037023611983553091e-03 4.636381729185352907e-03 5.688286883260841933e-03 4.877878404566327042e-03 3.412251635670451866e-03 4.072607789615885487e-03 4.088661957099029749e-03
5.374887192310285819e-03 3.525315713400609206e-03 4.577545732562240607e-03 5.028030215644771310e-03 4.479363021875583904e-03 5.734341841468295654e-03 4.753299365749697782e-03 3.227603152362821040e-03 3.899804221570640946e-03 4.056688259456097366e-03
7.654105710402733624e-03 3.549699129357654272e-03 4.427835580453371757e-03 5.055758389641408154e-03 5.641837889836109551e-03 5.683380419326007973e-03 4.602422050800262544e-03 3.434667607649236672e-03 3.948849657180009132e-03 4.093158643426790533e-03
4.128165869651360953e-03 3.550183324382105536e-03 4.490240142760969222e-03 5.068954232324166496e-03 4.395093615037272937e-03 5.611137780938615406e-03 4.632449718633649405e-03 3.702932419544430805e-03 3.911914171850409613e-03 4.070544407620274065e-03
4.396983874971690728e-03 3.552457186409474412e-03 4.440976156617484731e-03 5.505933266637709489e-03 6.288876497141176851e-03 5.585577732235820145e-03 4.665219305410994201e-03 3.957931084386094069e-03 3.931338209604297827e-03 4.090443729508701741e-03
4.193243378141782787e-03 3.517451246865005432e-03 4.476076232694202288e-03 5.143047515178073362e-03 4.675505033551927668e-03 5.526020095041363211e-03 4.901976777784295899e-03 3.318446033560943156e-03 3.854633585769914449e-03 4.057342025979037738e-03
6.133068685482218931e-03 3.525917574292185795e-03 4.405950217194322047e-03 5.310495848725664547e-03 4.440505162280479826e-03 5.525779517912942328e-03 4.605124776504159086e-03 3.117390798791405248e-03 3.969710166418435014e-03 4.058564970550550266e-03
9.199776115196412959e-03 3.500588293607019997e-03 4.396277897345214278e-03 4.982580523014544342e-03 4.594421041821933512e-03 5.569640139545400243e-03 4.595009380153436233e-03 3.107886321543477850e-03 4.030299245847051258e-03 4.092502001954914127e-03
9.625004413883146009e-03 3.504478387760798837e-03 4.433183796026724834e-03 5.067722104990558113e-03 4.320194995364806494e-03 5.502814221981252793e-03 4.570978103736589478e-03 3.298864202097487059e-03 3.894944835459152824e-03 4.031333807162620388e-03
5.807368265800358538e-03 3.491494226363577123e-03 4.355108031604831495e-03 5.013623835051887918e-03 4.418312479232874498e-03 5.469491370785108282e-03 4.848407489751156187e-03 3.241061786687043575e-03 3.915343804683310384e-03 3.997566409519023867e-03
6.685109697430957447e-03 3.553583568064485557e-03 4.382218772767513398e-03 5.013458531916149298e-03 5.995621069049374315e-03 5.376312822301028763e-03 4.541702060537763930e-03 3.051212339441337646e-03 3.909985886979921305e-03 3.987945412040201990e-03
8.698154735441896226e-03 3.491166969691998113e-03 4.393279397491608139e-03 4.975160700062617423e-03 4.403302869385052228e-03 5.420675564644351907e-03 4.895122978227708921e-03 3.109634372568871163e-03 3.817013559063752066e-03 3.995486101007523008e-03
7.268782586773083788e-03 3.517554869522818758e-03 4.385157400798710831e-03 5.133115601078265880e-03 4.038531270800744394e-03 5.383293301423147659e-03 4.818444320976442326e-03 3.697776507107538094e-03 3.775727571454791896e-03 3.972811465535889056e-03
6.651564539933004123e-03 3.471247917399514216e-03 4.417350866055401448e-03 5.051757937514279352e-03 5.086784680879656920e-03 5.413684952096964841e-03 4.640408329168376096e-03 3.405406154687597078e-03 3.888958894119509419e-03 4.054817340251127243e-03
5.660515518237302542e-03 3.450673492399447193e-03 4.364963231891766555e-03 5.303061578087346628e-03 4.108837117772840691e-03 5.499591954602082999e-03 4.529916395638375511e-03 3.441631550910572053e-03 3.852800169775150510e-03 4.020806812859216602e-03
4.339969171861751338e-03 3.468337358288632426e-03 4.388362818940076161e-03 5.380660473709638139e-03 4.081480122997263593e-03 5.366325620200770863e-03 4.560233273756675657e-03 3.145831641656791477e-03 3.904485059848446151e-03 4.002962581413459578e-03
4.368505664485732888e-03 3.487830929326603876e-03 4.384551402144301786e-03 4.966662315375480231e-03 4.303109226535714073e-03 5.339314451469989384e-03 4.597695580269526607e-03 3.621441452005019334e-03 3.791529742758036146e-03 3.993427642382573264e-03
3.987344207276066407e-03 3.447005920874427008e-03 4.359009675894322776e-03 4.961588438224080570e-03 4.141565860269446654e-03 5.314793543300216395e-03 4.465479001408334016e-03 3.753242910602490497e-03 3.778535595837415398e-03 3.987824399651387561e-03
4.044238281619472880e-03 3.448791826664251471e-03 4.397019335892989045e-03 4.964525404546051186e-03 4.021311509579139805e-03 5.291828936826334547e-03 4.530712982571545935e-03 3.049334035155157330e-03 3.803557257518047630e-03 4.177119866647122093e-03
4.210495288636603196e-03 3.464566802991923041e-03 4.336973957076177902e-03 4.956187264483262467e-03 4.182755897376098583e-03 5.200483069016481434e-03 4.549023748351838960e-03 3.175352309864369615e-03 3.899298533292492892e-03 4.364398503511682237e-03
6.301593271696680210e-03 3.431429514180133963e-03 4.309166271196895361e-03 5.089627842390598463e-03 3.918494618844238671e-03 5.303833574509935270e-03 4.963248122629273021e-03 3.100635945794127935e-03 3.772816091061124370e-03 4.026895356375363201e-03
1.042256975629145439e-02 3.410715526876401810e-03 4.314413415105035864e-03 4.930201936544303422e-03 4.083456688112108157e-03 5.261551755684081011e-03 4.752834765837434319e-03 3.096652778799209235e-03 3.767877430727077474e-03 3.944225013204380285e-03
7.926960672665272697e-03 3.433301409710895567e-03 4.325397776862326127e-03 4.962833974235337196e-03 4.473115000240598937e-03 5.166455176961634067e-03 4.553900801634710484e-03 3.172238684070811249e-03 3.810132854970024827e-03 3.982684227783381790e-03
7.871705332190752011e-03 3.487797220056044947e-03 4.391730692689631288e-03 4.949598717800982213e-03 4.205808435171884754e-03 5.170845876220592913e-03 4.413499985793980715e-03 3.267505465141118306e-03 3.816062548627353890e-03 3.954372127398168672e-03
7.187895897620926074e-03 3.406169321639279136e-03 4.295428146158144188e-03 4.983177293185693697e-03 4.403815411220510928e-03 5.199930801188704967e-03 4.599916774240118099e-03 3.067765178316702625e-03 3.809824426020811793e-03 3.964312462885581645e-03
5.134721735131203384e-03 3.420079251525051135e-03 4.308828188844158850e-03 5.141378558039437843e-03 4.240160644722896360e-03 5.136000110934724888e-03 4.369332115693527752e-03 4.028895872290302708e-03 3.769083251975541456e-03 3.975994243446435809e-03
3.919957617640298236e-03 3.415436004037020710e-03 4.540770096223595460e-03 5.203870659595464382e-03 4.321400281512828220e-03 5.127268911354115367e-03 4.619097360736276747e-03 2.948986136372704590e-03 3.770322729902141328e-03 4.065778106949814383e-03
3.826579060864311512e-03 3.389096348905368001e-03 4.265508037881241866e-03 5.121408665985604375e-03 3.935557994673599680e-03 5.064303133591392322e-03 4.483110175474341874e-03 3.108031228246977556e-03 3.793439792036144582e-03 3.898836441278464866e-03
4.128278881713315189e-03 3.384761757757799236e-03 4.249903144889244019e-03 4.963652033892211775e-03 4.346871515906515840e-03 5.101825882470071780e-03 4.685344106160065254e-03 3.570947936236320338e-03 3.807883178706963911e-03 3.875240750418755629e-03
5.371615755448436169e-03 3.402076686579863247e-03 4.283019931407661823e-03 4.939001255431840764e-03 4.204071206687700138e-03 5.118760217453911625e-03 4.401379650313057279e-03 3.386482896069129608e-03 3.692203921078876169e-03 3.970734738899888393e-03
4.557994369986237068e-03 3.421339680457507419e-03 4.269081453495201552e-03 5.053406461757224341e-03 3.818637677867236461e-03 5.021613232970178163e-03 4.563685982576356701e-03 3.424336521643538307e-03 3.733435322365620101e-03 3.880157950608784795e-03
4.665727458905653650e-03 3.433636197614541811e-03 4.312505031607789634e-03 5.005814652964094176e-03 4.270231867789353597e-03 5.007290265071974965e-03 4.329090629695740711e-03 3.140282816259713349e-03 3.787989206228332874e-03 3.930931839666781773e-03
4.156462206307020603e-03 3.476278828016757336e-03 4.251796110134092345e-03 5.186563531558072669e-03 3.999883197668838847e-03 5.005820056937052530e-03 4.222676800491035297e-03 4.130690548146648093e-03 3.735170727817756046e-03 3.898971602090539092e-03
4.497846515248909299e-03 3.384312614234573791e-03 4.245185752693339358e-03 5.001755161589415549e-03 4.838016321569786095e-03 5.088440789458759279e-03 4.358013068814540862e-03 4.404420607083880598e-03 3.715887806565492096e-03 3.904861608662248129e-03
4.164780525499858777e-03 3.361140900304930741e-03 4.238855948873664244e-03 4.875619655248008937e-03 4.247403506016785187e-03 4.986383057534400469e-03 4.728411271920958045e-03 3.314686108213064225e-03 3.715251739591315418e-03 3.855405678263007941e-03
3.899031554613556320e-03 3.349963883167309756e-03 4.330647733877096214e-03 4.888740382199643388e-03 3.853864363287509698e-03 5.021163718513132167e-03 4.326304855283164170e-03 3.088906595273423206e-03 3.740784333274228997e-03 3.862279584956859572e-03
5.794010680139344630e-03 3.454614876810726837e-03 4.273107569730502306e-03 4.919385566892675241e-03 3.680325568736902541e-03 4.995193894602462624e-03 4.409910425438897177e-03 3.160198456975405346e-03 3.714840120556612071e-03 3.895957760004518326e-03
4.392405356865825353e-03 3.350380887835015167e-03 4.332677600243795696e-03 4.852079434379005449e-03 3.978985563780321894e-03 4.982694013261217830e-03 4.248721776709115869e-03 3.292329961494957959e-03 3.642947967773846416e-03 3.865697648466127987e-03
3.890572589248971792e-03 3.560637275263754675e-03 4.238790398857742933e-03 4.872076305180141065e-03 3.871792161661340766e-03 4.953485042456981166e-03 4.262597456566369694e-03 2.997849886503389273e-03 3.680704238404007393e-03 3.854793954623457128e-03
3.832627502519610034e-03 3.355848562462923276e-03 4.268850325724217812e-03 4.892358679971417143e-03 4.101238171093298489e-03 4.970686630790021980e-03 4.307704803465449428e-03 3.232225246463731830e-03 3.684943877374585730e-03 3.847855990960693563e-03
4.783484836367801578e-03 3.341801659525319053e-03 4.228188235972633706e-03 4.836762729374199585e-03 3.822509225535545077e-03 4.952245538673163451e-03 4.286140482449943626e-03 3.644758229330526036e-03 3.793937626284782112e-03 3.852063989492801686e-03
4.288771893748007276e-03 3.317354979009494789e-03 4.329260781709842396e-03 4.878856545025554194e-03 3.832066562182388173e-03 4.928128954585055468e-03 4.302440698349897265e-03 3.329350673753569880e-03 3.807328716160576169e-03 3.860707477408620563e-03
5.987820027817230759e-03 3.341920674403143967e-03 4.196662008976540306e-03 5.210588319156151532e-03 3.810298861931347633e-03 4.934035476531663765e-03 4.406294949578668137e-03 3.608102206686635439e-03 3.741404486135558715e-03 3.856727418243087631e-03
5.775878104772471863e-03 3.342895917833245845e-03 4.157535938827139690e-03 4.935262918531217388e-03 3.827272967859692183e-03 4.894829349006929974e-03 4.389752884263550640e-03 3.531823379874557498e-03 3.703428969992987336e-03 4.111999548286964304e-03
5.027801884235942424e-03 3.371499407372463477e-03 4.232148527605252702e-03 4.912994620858528172e-03 4.053685175318196172e-03 4.950595732365584319e-03 4.378699020168682482e-03 2.963256536959780509e-03 3.666765616411486305e-03 3.878664571566969085e-03
3.795842629401612652e-03 3.453739537795599661e-03 4.276578123606490991e-03 4.954331002323455850e-03 4.281982993232382774e-03 4.901391152833928407e-03 4.194009221396551544e-03 3.365941862357876412e-03 3.668214677357984742e-03 3.801871254272739219e-03
4.007561562873221753e-03 3.340368810479518377e-03 4.242914595703741951e-03 4.890605300761783659e-03 3.858373886920856213e-03 5.027821257999179339e-03 4.206989697636436855e-03 3.135822572746336384e-03 3.710155613594402421e-03 3.847215833898646065e-03
4.188502524242021519e-03 3.310354548142900588e-03 4.222512263921440571e-03 4.943952249164424058e-03 3.937307523107297196e-03 4.861949614404948751e-03 4.308654226938901134e-03 2.966936416286258382e-03 3.818438624172638875e-03 3.811101844761359721e-03
5.260108186507034093e-03 3.325089333632734977e-03 4.175920023556359620e-03 4.899809630993195823e-03 3.990034488471978953e-03 4.898834163511410489e-03 4.289526719197515013e-03 3.239082415448834087e-03 3.660939190085110619e-03 3.801524058847326019e-03
5.661967571738377517e-03 3.392861153479502165e-03 4.214173252176363002e-03 4.897442361682829634e-03 4.502592891590179863e-03 4.945938195979696431e-03 4.171809610178384663e-03 2.979358886136479825e-03 3.678170412932701624e-03 3.832677456867360395e-03
5.783640961020662837e-03 3.300623572020420105e-03 4.223224775220556400e-03 4.899143596504145458e-03 3.902876212771293207e-03 4.914823744782715990e-03 4.458750041666700512e-03 3.820938669230772213e-03 3.781075131128001747e-03 3.809952139011450918e-03
3.776109156739240660e-03 3.293243060907517696e-03 4.234131488302145599e-03 4.957340415611589599e-03 3.996056713086167805e-03 4.790629800973327836e-03 4.137014526875763994e-03 3.367976359184118168e-03 3.816161539389334618e-03 3.837038889506516701e-03
4.120365824797525382e-03 3.273725357285156221e-03 4.188718562480348885e-03 5.179534939218710145e-03 3.896383569821318827e-03 4.819371461293713542e-03 4.191146843260679794e-03 3.118700781137019942e-03 3.714181239467848755e-03 3.815366834098266307e-03
3.967890519215330411e-03 3.296542435067544453e-03 4.285637186485908440e-03 4.905866593012732715e-03 4.219603544986033454e-03 4.859092370881600356e-03 4.139271491959379407e-03 3.441956483520011278e-03 3.726900700260510606e-03 3.787013435076309279e-03
3.790021783698736303e-03 3.324014761226365498e-03 4.143390703242988415e-03 4.900950695046381832e-03 4.187286043977033086e-03 4.746966177707038353e-03 4.381391974088669206e-03 2.853467410812374726e-03 3.725274697168563538e-03 3.779736096797014101e-03
5.775561552854235718e-03 3.272706619224890773e-03 4.285428338960349352e-03 4.917277135431141408e-03 3.712956115292349781e-03 4.733364314496849024e-03 4.542747223406316641e-03 3.620953071542832094e-03 3.705399186823021308e-03 3.798194924977346849e-03
4.351281436136354708e-03 3.306405904800238747e-03 4.175400993110557450e-03 4.886364224698167003e-03 3.755990489008544445e-03 4.715258555686437786e-03 4.272571974433251284e-03 3.188320837669358920e-03 3.709179717250830725e-03 3.773763108953804603e-03
4.804400170604273233e-03 3.261408080465461046e-03 4.219452106690797094e-03 4.818294352511678577e-03 3.610879260802586123e-03 4.743082561439472197e-03 4.092378421534263906e-03 2.887369845680382800e-03 3.630660405162345044e-03 3.800484730522959639e-03
4.036866196652342913e-03 3.279977478208672206e-03 4.215060848925596994e-03 5.092789284921505136e-03 3.613169325428660424e-03 4.766077458116180048e-03 4.091639795376808032e-03 3.243254351350552053e-03 3.670994522820613098e-03 3.740037996453963488e-03
4.076265655587562459e-03 3.242558901462227333e-03 4.148267890340836400e-03 4.878341137028636282e-03 4.031529324606270524e-03 4.792529279516902913e-03 4.137593420640463607e-03 3.018341599674026921e-03 3.751875676957211209e-03 3.738666690829242634e-03
3.548924483701956269e-03 3.247338844050669422e-03 4.090265214889815190e-03 4.877433755312052081e-03 3.737493562682224317e-03 4.779544740213863448e-03 4.125119288814122799e-03 4.171433433061709321e-03 3.739114219763175085e-03 3.779859532774650782e-03
3.720168824690349256e-03 3.315909737034268383e-03 4.525121435215326456e-03 5.095673506235537213e-03 4.035047183230955521e-03 4.789585234617320213e-03 4.120593908146401481e-03 3.173450478885062216e-03 3.637732560764155455e-03 3.889747204096416673e-03
4.557949209441284136e-03 3.283198555918752631e-03 4.122689432648471430e-03 4.982103475328383303e-03 4.199575631186222742e-03 4.744314353424873044e-03 4.298065428433662030e-03 2.943292360058788037e-03 3.752173099653959270e-03 3.723861685573848310e-03
3.835619125741981245e-03 3.228330525667048694e-03 4.176849087074089098e-03 4.910196905422019829e-03 3.745623492896475379e-03 4.728611450816697960e-03 4.270586159134975857e-03 3.047981368778852462e-03 3.643186275587755821e-03 3.776328058426687770e-03
3.502896687208046679e-03 3.240588670773771572e-03 4.153307479593514387e-03 4.890079088765525613e-03 3.532334463821762503e-03 4.741252917303882645e-03 4.252093237776598082e-03 3.085317230483942443e-03 3.784391302992439528e-03 3.729807472843941867e-03
4.205190791002646339e-03 3.314277760215437931e-03 4.146567379276328534e-03 4.804243062586937944e-03 3.830125563707357465e-03 4.671514147474639146e-03 4.162415012407402401e-03 3.310383961921840000e-03 3.630056895316614244e-03 3.708411919770054823e-03
3.744018663373861917e-03 3.220109408411316130e-03 4.073779082670487238e-03 4.835490562775352809e-03 3.950926121625797545e-03 4.798131659066149496e-03 4.021225880407683188e-03 3.050666684895014021e-03 3.710280936288882191e-03 3.708942912928005122e-03
4.057167273473842942e-03 3.267767195327386624e-03 4.106794666807965163e-03 4.912796124533256627e-03 3.685370508635784845e-03 4.732625592210242503e-03 4.212030239739748307e-03 3.159035125615858135e-03 3.666938689176069306e-03 3.791162318580478668e-03
3.727659489892612074e-03 3.209964812311643344e-03 4.128846135741721934e-03 4.900330933117856905e-03 3.558772234765737643e-03 4.796566652113377557e-03 3.991343471496889769e-03 3.006251447259171688e-03 3.625813675295007713e-03 3.727830323393019948e-03
3.996041846200394133e-03 3.471441970617385967e-03 4.220147829514171375e-03 4.904244454226322665e-03 3.960930244006213331e-03 4.672332693171442515e-03 4.087488512680789547e-03 2.994038343934718894e-03 3.821092225748925087e-03 3.789653715066224147e-03
3.782834677544213119e-03 3.215451320655390507e-03 4.085124610593073372e-03 4.923271995733711527e-03 4.937554610377520477e-03 4.635666220834222528e-03 3.977795080550830011e-03 3.315278375166798297e-03 3.768508178468751770e-03 3.688172434654315990e-03
5.333823117758862246e-03 3.219433458731841419e-03 4.152769257255155277e-03 4.877380040210185612e-03 3.748593883234636187e-03 4.709927936279636324e-03 4.802295967608333563e-03 4.384095250323459189e-03 3.742045285726643133e-03 3.683674714592380991e-03
4.951354121638936595e-03 3.161516221919783830e-03 4.119359970355224512e-03 4.831221787546664294e-03 3.591430960336783242e-03 4.791609314897944151e-03 4.140269105799326138e-03 3.504256526715165271e-03 3.564803123500789525e-03 3.678733053652241073e-03
3.937007659982230505e-03 3.172344134313063828e-03 4.086678462460300795e-03 4.991090733428107419e-03 3.896174449690341032e-03 4.744213923741562138e-03 4.062284792006047758e-03 2.974992438696769537e-03 3.728744847693075438e-03 3.686209643428474750e-03
3.708242591258460643e-03 3.187787337813524635e-03 4.090030728423137488e-03 4.798756481448608786e-03 3.680417407443356027e-03 4.605334006168576057e-03 4.072421374515123454e-03 2.859545020746947792e-03 3.606208182231656918e-03 3.675946000568033282e-03
3.444487047083963881e-03 3.189902464312963180e-03 4.123031090466476416e-03 4.969499802139025826e-03 3.542785820638920651e-03 4.640567221431792129e-03 4.049265392601376565e-03 3.066709538668835593e-03 3.625220706973956552e-03 3.712591694608123084e-03
3.600161947165014548e-03 3.221333488208365497e-03 4.066885787937366513e-03 4.904104316591158946e-03 4.451414783322733826e-03 4.764947595138496923e-03 4.414795123553472145e-03 2.870046073877555778e-03 3.805552162946159410e-03 3.685374834518099964e-03
3.916752359818221133e-03 3.170815384975469043e-03 4.208010023793828762e-03 4.987519197755410291e-03 3.772777673870149080e-03 4.550354976004999420e-03 4.080697694122802956e-03 2.913752097884542841e-03 3.619162207105211006e-03 3.672957162872924480e-03
3.467157884029644418e-03 3.205840329406117132e-03 4.122669652036290225e-03 4.823756522028798885e-03 4.055562385144112318e-03 4.652645039944109176e-03 4.294276383105426372e-03 2.943204152946910391e-03 3.532509169464432587e-03 3.694355150425451904e-03
8.764032985205586976e-03 3.179500443663166136e-03 4.081234675786505305e-03 4.867381349279612662e-03 4.184650083502706314e-03 4.700949244634169098e-03 4.275866554556547947e-03 2.873704766089870289e-03 3.594849155807397154e-03 3.674192799413032902e-03
3.544249372440971043e-03 3.330390679690896794e-03 4.125903983075166620e-03 4.811565505939674990e-03 3.992788254795326917e-03 4.602747752979671585e-03 3.958004172447829663e-03 2.946877278529493830e-03 3.512292804298926697e-03 3.657100828743633548e-03
4.157671989785078487e-03 3.247791829439238085e-03 4.124481136910806631e-03 4.961805948989833452e-03 4.499367745590439858e-03 4.618469046747349961e-03 4.008412888185634675e-03 3.455039038121124773e-03 3.528457022840183338e-03 3.644181266841729945e-03
3.771818556925548346e-03 3.159489633178059163e-03 4.077645012666518409e-03 4.825578359335079559e-03 4.405370376328162675e-03 4.636825303767290636e-03 4.185748519639967760e-03 3.213391864934969470e-03 3.524317694125219010e-03 3.661929467070676372e-03
3.500189627966588789e-03 3.188675918548379042e-03 4.099205562506508249e-03 4.908550181896171108e-03 3.559110487406432800e-03 4.605919560419491181e-03 4.059232820526848147e-03 3.104870392510699316e-03 3.498637566170195983e-03 3.671360217140917041e-03
8.521342494428896588e-03 3.156507386476905402e-03 4.074520333345639164e-03 4.953929109659078837e-03 3.393526144688636080e-03 4.559671741987965377e-03 4.181803252614276281e-03 3.009015502513366722e-03 3.485826367642049645e-03 3.667898810054272523e-03
4.505509388679451027e-03 3.153795461039446673e-03 4.026919641004660273e-03 5.010074738678784584e-03 3.455664402510074534e-03 4.515602489099445477e-03 4.012115743981238720e-03 3.126612685723963690e-03 3.540934005587074562e-03 3.626199917804723803e-03
3.616139979428578590e-03 3.174723844772847983e-03 4.205085518182420483e-03 4.890031005494495028e-03 4.469653548998925828e-03 4.545625285522352475e-03 4.084634113059330308e-03 3.659785030988627497e-03 3.533064136559176116e-03 3.705472918954171458e-03
4.202359293160867239e-03 3.181883471901657875e-03 4.042681756559548742e-03 5.302119049832696232e-03 4.462330400969571377e-03 4.573194889782649514e-03 3.943067209055650148e-03 2.838665615794814644e-03 3.548605083618364651e-03 3.696012414779167431e-03
3.816089773548189418e-03 3.159997951992601830e-03 4.053076873374838671e-03 4.929319804325887726e-03 3.495556033633157814e-03 4.605021228994993915e-03 4.062497070899652452e-03 2.946898639979197987e-03 3.500759167083738327e-03 3.633167961833721690e-03
5.351115118035771299e-03 3.158068081050711701e-03 4.170039194615940935e-03 4.948557561938033561e-03 3.832804482058367601e-03 4.623340925423711709e-03 3.890796204287622594e-03 2.939406737356110074e-03 3.554539674098322957e-03 3.615092539956275743e-03
7.496635447345995074e-03 3.139931797904795940e-03 4.097104433744657229e-03 4.826378675719169078e-03 3.514509701877143073e-03 4.536646428061169925e-03 3.893465695893770159e-03 2.938957541033130044e-03 3.534723859469444431e-03 3.667043932410833911e-03
6.986879607970105342e-03 3.164538393414585357e-03 4.056032383835930268e-03 4.843766477070263719e-03 3.876118666804737739e-03 4.496295032520468068e-03 3.848621751369055502e-03 2.852874100122220445e-03 3.602636044491274152e-03 3.634862724168608315e-03
3.366218683090236100e-03 3.134639245712040386e-03 4.044840650791618579e-03 4.815681401138594171e-03 3.605564531699539770e-03 4.516293559051419090e-03 4.163336722668753952e-03 2.873033824160801334e-03 3.503632080627404940e-03 3.631342735299178393e-03
3.435755277613681147e-03 3.265605771861830944e-03 4.033961742940009830e-03 4.933434126733084527e-03 3.694483283965722606e-03 4.602570400158528981e-03 3.972310521490000218e-03 3.450216902453172394e-03 3.463858303551274175e-03 3.646365276204108566e-03
5.633521991667686177e-03 3.155787186745093523e-03 4.038142222528659335e-03 4.801434704901795178e-03 3.503856973053901848e-03 4.571381555769006566e-03 3.979888560045724208e-03 3.245907170446377197e-03 3.568760691592306675e-03 3.666704988382314592e-03
3.502127497083684822e-03 3.166966800072000196e-03 4.003248097010378946e-03 4.821880391299245353e-03 3.751223967372644373e-03 4.508831853459193545e-03 4.045258877759962297e-03 2.987979001840108343e-03 3.532362972259437284e-03 3.585937321008263352e-03
