4.206536402241557726e-02 3.528067192798468865e-02 5.960232193893007235e-02 6.002021092019189236e-02 4.940393160617714829e-02 4.665119971492288908e-02 3.996507133696682035e-02 4.227426188085218334e-02 5.189422519584654947e-02 3.784770895280770153e-02
2.993663911644042774e-02 1.850021735042726295e-02 5.337565130238740296e-02 5.522457376848166621e-02 4.219255974583102642e-02 3.396491105271257083e-02 3.062323877483432225e-02 3.230391824000284490e-02 3.881155331158876731e-02 1.876134578978622125e-02
2.354505869255650238e-02 1.577369986435450677e-02 4.764772839532669529e-02 4.977348049518245943e-02 3.494332386140602126e-02 2.585856434558709074e-02 2.473804172224078335e-02 2.652915111519503141e-02 2.776580148591486705e-02 1.252988982549353703e-02
1.953798687632049558e-02 1.464553930599867340e-02 2.540188815188600818e-02 4.168874082784254642e-02 2.963385730747406313e-02 2.301569944733286924e-02 2.079462813549122838e-02 2.129764926262577365e-02 2.216475125274578253e-02 9.876509390694404242e-03
1.710794431090348344e-02 1.326382451569270426e-02 1.677927684169380068e-02 3.039040460521741718e-02 2.604612091486245562e-02 2.124177837922950826e-02 1.780648823052660701e-02 1.777143237262256842e-02 1.915684153157353950e-02 8.448151875727791596e-03
1.538846246314024870e-02 1.279113922486579437e-02 1.464642435791612199e-02 2.106448280030495321e-02 2.257964321033882268e-02 2.005881346392107689e-02 1.547801643854560677e-02 1.584130418167339210e-02 1.721779605732461776e-02 7.679015244880900252e-03
1.395634663063202371e-02 1.240503319305366094e-02 1.260495704522495049e-02 1.540694459415035272e-02 1.891913978718635231e-02 1.900276851569020209e-02 1.343655102484454973e-02 1.450336551025182587e-02 1.588658949973116227e-02 7.266234644574377267e-03
1.276999728608132524e-02 1.194335299571140825e-02 1.043285165106287542e-02 1.257196633042327247e-02 1.600255037132369829e-02 1.774780657773477460e-02 1.159885095058198028e-02 1.318107533055672999e-02 1.411273193753541204e-02 6.562341366389190869e-03
1.181298621311660177e-02 1.080619754786340918e-02 1.009588947669282956e-02 1.096346686663450011e-02 1.354063087936748996e-02 1.694880748314736563e-02 1.009312656638353470e-02 1.197283377281475186e-02 1.271707909575753824e-02 6.271295132015231727e-03
1.108722117328553129e-02 1.090069359718130564e-02 8.522067396053932195e-03 9.800072667186746772e-03 1.103063106962486051e-02 1.606162171543124018e-02 8.860220737690507886e-03 1.097929209146447649e-02 1.163364642919383421e-02 5.921239260449007863e-03
1.058519662858792114e-02 1.004494523035075193e-02 6.574396642088938154e-03 8.853000382227957377e-03 8.704069447975972332e-03 1.540557908586159819e-02 7.887803662903210278e-03 1.000016062599702778e-02 1.057586167343613562e-02 5.821354795207805792e-03
1.012052706841768540e-02 9.738837280401872049e-03 1.336810571792523654e-02 8.035769570120835856e-03 7.474656222434285929e-03 1.456573343292721402e-02 7.122088064503116767e-03 9.101565015962181926e-03 9.646271261534293887e-03 5.481178679737877708e-03
9.693191045259520397e-03 9.453813879973363421e-03 9.177435449838799303e-03 7.385352869214381437e-03 6.663263576979160628e-03 1.407932904798649652e-02 6.390275530924723404e-03 8.252495817136044909e-03 9.057132514885636587e-03 5.335329998896818325e-03
9.332087764456955398e-03 9.337456399368053439e-03 5.091222016616432471e-03 6.751856595244374280e-03 6.160084453452773293e-03 1.328029116789525808e-02 5.799187837239901458e-03 7.430817483091907774e-03 8.379784242359685636e-03 5.255277443921341565e-03
8.994592281990084967e-03 8.942623382113490393e-03 6.804970087548725677e-03 6.325039486873055075e-03 5.813668452303391056e-03 1.251619550653670053e-02 5.403144797155983066e-03 6.714154120779195628e-03 7.574098542408337457e-03 4.996524395274177556e-03
8.705739463539826847e-03 9.673041037253386418e-03 5.208536277523217670e-03 5.929362273195137173e-03 5.554770168390800109e-03 1.204124370683549300e-02 5.027281783684711507e-03 6.183574501134391638e-03 7.237605615594868737e-03 4.899067461388722372e-03
8.392171141935996295e-03 8.468209367709821772e-03 4.569116305194958517e-03 5.491224616631828342e-03 5.455536467182806742e-03 1.147926737599777591e-02 4.829974638454944194e-03 5.802145685916860508e-03 6.812664086271733206e-03 4.888640528981099027e-03
8.085515223223427306e-03 9.348482573236557153e-03 6.046510270523127069e-03 5.320109921969282986e-03 5.080537831359749693e-03 1.098990023405980142e-02 4.727451489052521272e-03 5.296114047767841969e-03 6.297756109869686973e-03 4.920346783434541987e-03
7.997638951582409714e-03 7.720572481351432870e-03 5.634264245252775492e-03 4.939021754710480779e-03 4.870363482480071469e-03 1.047314393388275658e-02 4.540632055332796679e-03 5.002836003049258851e-03 5.790241079816114446e-03 4.620298501162611524e-03
7.576072210129423945e-03 7.949592135290341546e-03 4.701911821581016351e-03 4.692284800616230121e-03 4.728973061524029825e-03 1.024173749644705783e-02 4.410457296452278964e-03 4.949301221859988414e-03 5.425997477433498230e-03 4.728505644442943488e-03
7.379821809399516111e-03 8.177643065620885526e-03 9.899770255224257104e-03 4.523219404202646378e-03 4.614968073597032656e-03 9.599190740546518705e-03 4.331971253810233680e-03 4.514253505671791955e-03 5.159873983440033118e-03 4.494046201386574756e-03
7.086539178906428940e-03 7.875611321500287573e-03 4.389059230428499041e-03 4.350431613267224419e-03 4.418032410918077031e-03 9.591595746944106896e-03 4.225553538764469617e-03 4.223217605465720559e-03 5.026067109199074644e-03 4.410756246712763985e-03
6.863062668795374618e-03 6.978627082926430747e-03 4.637143981769496250e-03 4.276467502808457138e-03 4.336302429971516069e-03 8.952115000605980616e-03 4.205134299324538374e-03 4.075049009414178497e-03 5.012723822561860818e-03 4.354849144376577580e-03
6.640354882712837074e-03 8.197185578039735063e-03 3.825397563335003557e-03 4.069876657289328049e-03 4.200621745708470536e-03 8.657754397967180188e-03 4.142456526219977404e-03 3.878460437900566743e-03 5.031453585591559585e-03 4.315868876938752131e-03
6.454965057562630885e-03 7.195016127887862885e-03 4.144164113819417961e-03 3.969423133355751490e-03 4.089677000709809711e-03 8.365263907865847989e-03 4.028472191866143588e-03 3.803098664045244121e-03 4.225715191509184926e-03 4.214594034347741991e-03
6.261147157333886264e-03 6.359371594501215565e-03 5.627815415320886611e-03 3.878981443482438802e-03 4.091342979875300240e-03 7.815065691900010755e-03 3.970179496262024425e-03 3.620755303673225262e-03 4.131505870417148674e-03 4.113993222763265116e-03
6.059803778573481618e-03 6.497528138216279378e-03 3.886049389464707373e-03 3.776367952920493473e-03 3.944379458246376202e-03 7.761240709752872773e-03 3.942906797522991585e-03 3.584043636304308153e-03 5.214639626080041189e-03 4.291518021830387566e-03
5.883706844609226140e-03 5.733869825234397255e-03 4.472144319533586168e-03 3.743329780003423930e-03 3.827148957657052018e-03 7.150030098731431812e-03 3.897421401307295859e-03 3.427300294551600870e-03 4.148342007586097724e-03 4.061287562331844514e-03
5.796569450566813574e-03 5.608645300340307088e-03 3.806937982803780453e-03 3.648625308608462528e-03 3.815476916188627506e-03 6.861940928672235866e-03 3.868609491798070434e-03 3.311822161775041570e-03 4.310959770788074484e-03 4.634195970279987239e-03
5.608569497542618097e-03 5.346331768170867367e-03 5.479034591251815550e-03 3.561730031395812963e-03 3.706494532526403030e-03 6.591190441008701155e-03 3.802838131319373569e-03 3.265228843917156436e-03 3.875527625315068961e-03 4.016069684192507920e-03
5.446009959034603387e-03 5.667849407934014670e-03 4.248540633200032640e-03 3.505749929120166933e-03 3.967974106295455057e-03 6.459929692753350883e-03 3.817368528352688660e-03 3.215905173122233802e-03 3.711459941449696699e-03 4.068456062987587177e-03
5.308195110860196818e-03 5.071959407343330957e-03 3.850675746421447238e-03 3.767689766407333711e-03 3.654750770844199682e-03 6.298686063548315436e-03 3.778259314316143383e-03 3.138010493104763290e-03 3.947214049528996460e-03 4.010105928120013055e-03
5.190111892741272256e-03 6.106293216856312905e-03 3.966397018922098242e-03 3.451967367441300706e-03 3.608910312771351683e-03 5.967025903134363235e-03 3.742578946743838151e-03 3.211338024900458644e-03 3.941158650267683611e-03 3.948366993681384600e-03
5.043914238643547668e-03 5.005402943333323723e-03 3.830948816341760068e-03 3.434184297370058113e-03 3.540161259978431146e-03 5.687593420175123329e-03 3.661993437187772635e-03 3.051913551793995327e-03 3.612769078901641347e-03 3.864651427312024504e-03
5.014073583116092706e-03 4.906695166422705458e-03 3.786860628023376758e-03 3.350021129099831855e-03 3.529063783229310219e-03 5.461535551839390157e-03 3.658739198829489593e-03 3.026075653042234036e-03 3.678711022423173434e-03 4.340871446342514650e-03
4.852347571688206233e-03 4.806315740497968739e-03 3.653669428742003285e-03 3.383824186506228550e-03 3.488544175099243805e-03 5.304400495657047437e-03 3.646367329571163513e-03 2.986978234087062610e-03 3.605526113348073939e-03 3.794197891989575105e-03
4.770765539173655971e-03 4.673985843333649734e-03 4.351967619731512624e-03 3.429794519523234660e-03 3.383008032312118541e-03 5.220640652452097040e-03 3.592389212154249983e-03 2.955427927591092532e-03 3.984828313591614636e-03 4.221344202500018628e-03
4.668932763190204380e-03 4.551763007894130998e-03 3.931555389521610051e-03 3.325115130777675163e-03 3.337319513682917866e-03 5.065782805081152362e-03 3.621980670179463478e-03 2.979811276205677865e-03 3.863675196988523158e-03 3.790065000082080190e-03
4.616923839479454041e-03 4.683476928647327224e-03 4.837380215390324131e-03 3.275407936987404910e-03 3.309433736448054095e-03 4.842567495357769439e-03 3.532384652816810550e-03 2.932005740073601908e-03 3.547567039740893904e-03 3.774411691191185969e-03
4.485579117716803274e-03 4.620494252654483436e-03 4.255715474861201768e-03 3.366022930875249477e-03 3.259958144285909042e-03 4.880507179600151665e-03 3.544868643842909173e-03 2.935277349593459675e-03 4.852118304318035064e-03 3.785616329054839694e-03
4.504335275843204985e-03 4.627141048049079018e-03 3.694344948533870819e-03 3.234183420374708417e-03 3.241308552211275441e-03 4.757155440929841141e-03 3.502224151537092298e-03 2.878896089032973848e-03 4.318191597542395642e-03 3.962212098099054600e-03
4.332165147314428685e-03 4.305774977200292966e-03 3.649541755773668111e-03 3.237506565830384521e-03 3.226917243128034352e-03 4.590830084190263873e-03 3.489059477859135592e-03 2.916874768529462581e-03 3.533374901075224568e-03 3.680794169551443885e-03
4.245430361199735610e-03 4.337201895517200922e-03 3.465016204023013777e-03 3.313583538647881226e-03 3.244742802768854975e-03 4.443080520895516250e-03 3.463529182920286904e-03 2.870644103195140687e-03 3.461553262060028651e-03 3.663186451880149318e-03
4.187226211472898710e-03 4.295877434474151130e-03 3.414728865808639314e-03 3.185518085441949119e-03 3.242534870475322507e-03 4.382768074097952160e-03 3.423845081339637296e-03 2.843408400374956672e-03 3.576172783412882600e-03 3.718046842479525403e-03
4.130458800596401719e-03 4.269132818587988328e-03 3.522909229864099826e-03 3.242704725801494759e-03 3.139403536184572682e-03 4.326470004378993491e-03 3.436829071240846308e-03 2.820840313576806254e-03 3.498426937128273212e-03 3.649804662660690625e-03
4.069396533398336215e-03 4.294454322637049522e-03 4.018752094893653266e-03 3.169678072985247178e-03 3.284422298092522837e-03 4.588775630880800524e-03 3.412854078223571605e-03 2.818750681053633269e-03 3.464577864865855516e-03 3.566347773811341920e-03
3.999981021638498828e-03 4.430098009427937099e-03 6.220582404163267631e-03 3.196753783475718425e-03 3.105548210215454494e-03 4.215273262040509367e-03 3.429732117506355347e-03 2.809229384064091620e-03 4.280694353262727049e-03 3.560572892287680504e-03
3.961447440234962085e-03 4.287868856746349447e-03 5.093960330299577427e-03 3.291301894544653578e-03 3.090140093111136757e-03 4.233010345185546537e-03 3.386748831563367399e-03 2.807080204046661937e-03 3.364818353803244403e-03 3.565027365702785021e-03
3.908326707374980800e-03 4.326133142725687407e-03 4.291347503595114438e-03 3.129334750709278704e-03 3.071056761246463394e-03 4.021951293422500011e-03 3.335867185298004543e-03 2.798016491643275962e-03 5.371968496621843878e-03 3.478502713020110472e-03
3.831167834772439447e-03 4.001917334577036883e-03 3.966474247955186112e-03 3.182892578071457555e-03 3.052537634299206173e-03 4.061382148435989728e-03 3.341621835824327633e-03 2.875862872882564269e-03 5.572538283884960822e-03 3.495853332339892740e-03
3.833221392260300567e-03 4.059134619252402661e-03 3.422645802641540239e-03 3.120094880215570042e-03 3.155973986797587071e-03 3.889638224878872851e-03 3.326659709693815907e-03 2.778185432308419821e-03 3.694678133108612525e-03 3.536792302908286969e-03
3.814107601644635328e-03 4.005384346348363905e-03 3.596726619526931235e-03 3.141082558674042260e-03 3.142431364906617293e-03 3.914015038879117662e-03 3.317706908906954168e-03 2.820982208964807787e-03 3.719218644054553442e-03 3.483435204101979245e-03
3.708315784027990756e-03 4.010113035647413018e-03 6.348755944519703098e-03 3.148002865955170423e-03 3.036919084514473014e-03 4.107480108283526402e-03 3.335009876777940939e-03 2.777655357760963617e-03 3.742956365562757123e-03 3.512187838666643025e-03
3.643113649298298628e-03 3.844966658586952343e-03 3.582676824770284103e-03 3.090944710973979759e-03 2.973717136281497225e-03 3.794807236301831702e-03 3.274217382059988520e-03 2.790734248938082397e-03 3.353321056253287004e-03 3.449621182971693723e-03
3.614359116946682087e-03 3.818104350207417001e-03 3.377596373240733963e-03 3.121555357131955335e-03 2.972216789357818439e-03 3.703465176030838746e-03 3.281901153306897821e-03 2.773340348002234241e-03 3.156402676250078497e-03 3.392379615243487721e-03
3.547793549282615526e-03 3.832993622868670954e-03 3.627423759376613085e-03 3.115047478409579441e-03 2.981689231820247935e-03 3.729242732154640534e-03 3.322046357765928368e-03 2.753694486228312061e-03 3.298597125989229800e-03 4.030843746864428909e-03
3.531013317867246360e-03 3.747124066074319741e-03 1.164682688079678521e-02 3.069600825367239851e-03 2.999861308973068852e-03 3.775974809419949552e-03 3.283063295203257365e-03 2.756218057804714957e-03 7.194606701545098147e-03 3.409251028355263745e-03
3.591184260381906877e-03 3.850652817418141836e-03 3.408422073061972198e-03 3.065972554968742977e-03 2.937173176207667335e-03 4.452858330653162479e-03 3.285946668844011952e-03 2.749577350932193472e-03 5.140685037938630408e-03 3.342789088688039208e-03
3.519374450477669083e-03 3.934844881325229651e-03 4.033916857753164741e-03 3.077264064884684559e-03 2.909519872881930098e-03 3.720820336086664258e-03 3.253077417707831483e-03 2.761752726666776361e-03 3.826382028352048274e-03 3.310020984666552177e-03
3.491920113225987967e-03 3.780349629883362605e-03 3.319730130188355659e-03 3.088474624972518522e-03 2.899914181552867322e-03 3.672108056759562644e-03 3.222224661610859509e-03 2.746260389170087583e-03 3.970999383353288580e-03 3.857059368831283579e-03
3.422393553986791907e-03 3.732134059865122640e-03 3.219725821098129697e-03 3.075243277146907060e-03 2.973458167323840984e-03 3.685975205042248560e-03 3.192952119583727672e-03 2.725947486338261162e-03 3.336337772426418383e-03 3.263286407851069115e-03
3.376553576582716487e-03 4.179753830681914341e-03 3.368380146490274150e-03 3.042758870535105381e-03 2.889156518378139821e-03 3.554068333069490028e-03 3.190007883188079006e-03 2.736094625190243438e-03 3.283621909076973877e-03 3.842003577914909589e-03
3.346605844817873536e-03 3.754959547183008960e-03 3.173094320145627891e-03 3.066246116171373638e-03 2.909874392061469021e-03 3.395031023843722313e-03 3.179498166925641064e-03 2.733054196862401333e-03 3.367845804557859958e-03 3.548995420990886350e-03
3.354622039382917312e-03 3.709489769900278788e-03 3.229212483658928847e-03 3.397578653517111576e-03 2.895995335045619453e-03 3.353444399699341896e-03 3.164476648279349741e-03 2.734277802117194948e-03 6.584416820957628320e-03 3.248218438258806615e-03
3.288415598107210288e-03 3.764989869948655050e-03 3.218492355511649947e-03 3.048293972569377994e-03 2.859714778482882504e-03 3.932418504531541570e-03 3.159447786928920587e-03 2.709999708983470718e-03 3.332152542397765274e-03 3.516491797856672718e-03
3.317289527364707200e-03 3.567336662464784796e-03 5.588719587709427804e-03 3.086973535019889303e-03 2.874415999811355624e-03 3.693211119785667993e-03 3.131359339016435376e-03 2.703588751664103614e-03 3.226082457384457473e-03 3.274747435973791518e-03
3.272781548901578484e-03 3.576670628715892392e-03 3.618308504877174557e-03 3.049243622522818543e-03 2.855138311758975960e-03 3.311459016608975583e-03 3.127886446615525239e-03 2.704299598687305312e-03 4.121278588750358282e-03 3.323342871624409330e-03
3.250597005777522593e-03 3.795677997356578307e-03 3.176219128001521366e-03 3.151484148405018712e-03 2.838646183978904818e-03 3.563045342945347829e-03 3.181923837077032819e-03 2.731787929570483799e-03 3.237879896622535263e-03 3.281230602027332497e-03
3.198587806225491881e-03 3.621303443049231179e-03 3.286813775497510366e-03 3.059500441911383508e-03 2.831486630215917025e-03 3.962671876009925265e-03 3.142770248588757243e-03 2.708847188486585619e-03 3.555830387363635367e-03 3.228051787387018010e-03
3.198841534703779962e-03 3.546963337644596509e-03 3.054114522906038482e-03 3.096862641428649050e-03 2.845236984711854711e-03 3.731442004677332485e-03 3.150942842932105085e-03 2.680670935823083537e-03 3.411649025286113586e-03 3.192545560527562925e-03
3.214142448450155176e-03 3.489444011539828087e-03 3.166571033672610676e-03 3.021680824559076946e-03 2.837712059009487014e-03 3.909982885812296124e-03 3.089247565039195381e-03 2.674805529181418888e-03 3.442850632371384761e-03 3.095900056037211717e-03
3.137332814555737585e-03 3.562683712010227769e-03 5.079599438542321127e-03 3.029640941939524320e-03 2.810016180650968826e-03 3.405330421647966357e-03 3.084048738239526626e-03 2.707097746495846363e-03 3.261844877273917861e-03 3.101266456274149631e-03
3.163539624912752122e-03 3.860208243744969910e-03 3.096570736268841779e-03 3.025976422022185093e-03 2.806566596968141508e-03 3.409448450587357609e-03 3.074409658327994285e-03 2.694550759883785219e-03 3.382748162228112112e-03 3.235271526303274033e-03
3.172126155917747835e-03 3.422343352989193430e-03 3.177708260383905418e-03 3.042366158341905900e-03 2.795156202730975266e-03 3.096841595900124734e-03 3.080420245474984036e-03 2.664435810292113075e-03 3.196120389210261020e-03 3.006988248951104458e-03
3.130489911643554238e-03 3.609671782132300825e-03 5.113505175519434884e-03 3.046538973868116035e-03 2.817288634907850944e-03 3.078763513153296751e-03 3.048254357131857314e-03 2.711178088670883422e-03 3.167845261949939900e-03 3.047359419622325087e-03
3.134437859144474647e-03 3.522205111697584816e-03 3.936748383076584673e-03 3.069677441054726418e-03 2.778494074997403963e-03 3.084307806336443036e-03 3.027411799095802367e-03 2.654929734640993320e-03 3.152053389672474989e-03 3.020610653228064484e-03
3.092286832572768620e-03 3.419198609519694294e-03 3.097089772341828865e-03 3.056631657477187902e-03 2.867315459832441710e-03 3.447088556207406149e-03 3.104254826418420977e-03 2.664874123407949460e-03 3.447565531482922867e-03 3.339172094456674747e-03
3.111364063147577155e-03 3.464655339949254589e-03 3.137772115727750343e-03 3.099716958177740466e-03 2.771284927687750563e-03 3.099113787839691617e-03 3.050033837899248854e-03 2.675496045602193326e-03 3.253743921350700508e-03 3.429767671962720508e-03
3.073898249209940699e-03 3.373898883970062688e-03 3.053242944853007314e-03 3.149386068141928844e-03 2.774339805610421053e-03 3.063273548792473308e-03 3.009253316613759877e-03 2.639681990470580612e-03 3.138982149297224553e-03 2.930819137427416975e-03
3.140997631334930054e-03 3.388245759845195243e-03 3.129842594266163056e-03 3.052237042726247199e-03 2.762418082623708214e-03 3.336383846611330143e-03 3.123586052908918376e-03 2.621810407351661543e-03 3.080838598651269421e-03 2.925145590318831233e-03
3.070762876746657363e-03 3.834170302714465933e-03 3.826762341891714637e-03 3.033569690540131002e-03 2.788459449374182473e-03 4.262253318110397968e-03 3.019585319016069181e-03 2.627689617179242501e-03 3.118692768141173230e-03 2.916003755975162589e-03
3.103381178585601710e-03 3.360827210648782096e-03 3.320068350553951556e-03 3.030521091977352813e-03 2.767951031730281862e-03 2.949004928358096422e-03 3.028874112897313869e-03 2.642604816209730232e-03 3.255478203780767885e-03 2.929627167308066892e-03
3.041591701377432434e-03 3.382448366597767039e-03 3.066516216992695113e-03 3.078073672789468848e-03 2.747356852288310083e-03 2.957359999441671466e-03 2.978564377973550847e-03 2.689489282727566388e-03 3.443821159629666378e-03 2.879848692971526038e-03
3.067028231218336867e-03 3.372237979221640557e-03 3.060142328945967324e-03 3.061751414677359433e-03 2.735631614553105974e-03 2.924384916621622279e-03 2.993230596624040039e-03 2.632722736662668900e-03 3.044393728866839552e-03 3.076400112425474280e-03
