7.801780583434417271e-02 7.114371890649942576e-02 7.865656486577772555e-02 6.749293307475429105e-02 7.143966818549907227e-02 6.547172473018501859e-02 6.587619642236482165e-02 6.695583986107754570e-02 6.244051810721513995e-02 6.603650183456180600e-02
6.984043336409011260e-02 6.883301694464766252e-02 6.272079438316284505e-02 4.632032452928745714e-02 6.256439481764200505e-02 6.003058660724455708e-02 6.022712188219639384e-02 4.755949599478462297e-02 5.476073389885783432e-02 5.893429351376074793e-02
6.400162192250785642e-02 6.789304816326782732e-02 5.276038953823184580e-02 3.309573320423794818e-02 5.369885850005743505e-02 5.496058723683747149e-02 5.672388893644891850e-02 3.588999970807114220e-02 4.989791069055555389e-02 5.487254401604973325e-02
5.934770578088829907e-02 6.710923088741825582e-02 4.446517439468504473e-02 2.615863228496827231e-02 4.550400357543759461e-02 5.085628794660855545e-02 5.430483975264852048e-02 2.818398168075219451e-02 4.539546070691801577e-02 5.160468299479465532e-02
5.528269079411646247e-02 6.676016216334308695e-02 3.720215211116106868e-02 2.243421712286007216e-02 3.804762684084714297e-02 4.685437115172232103e-02 5.186488241879607525e-02 2.298526849995351229e-02 4.143124480633893908e-02 4.803158261045029770e-02
5.170279508575278959e-02 6.589466748232282456e-02 3.156390195294415946e-02 2.008871222184979363e-02 3.170399025352213518e-02 4.238572802525746031e-02 4.965223151371393751e-02 1.935096507027585580e-02 3.766846326477440998e-02 4.403012046737385388e-02
4.850248807710128007e-02 6.503454095859895201e-02 2.762496416841871139e-02 1.838657220159497369e-02 2.685255444374185993e-02 3.829262044952979477e-02 4.737685857141707424e-02 1.681089727880772169e-02 3.420298097292084893e-02 3.980573921621334554e-02
4.564092138301318463e-02 6.421299998399544740e-02 2.485863491507794495e-02 1.720001751000824197e-02 2.338413889935296239e-02 3.347237538198351292e-02 4.479151524426163572e-02 1.487429574124126894e-02 3.141098604474017869e-02 3.586630982623822267e-02
4.309983869217123842e-02 6.333489671966252565e-02 2.288143703330940484e-02 1.626842359642865360e-02 2.076975422492471565e-02 2.936920607676633127e-02 4.188354844831903429e-02 1.348427798061814162e-02 2.904016197312704953e-02 3.244506074534563023e-02
4.088486177707079117e-02 6.267447047417133710e-02 2.166960081053356801e-02 1.530629594334775162e-02 1.879244807433681774e-02 2.603797990844401375e-02 3.902783332700122954e-02 1.242177541661548118e-02 2.680161569251780090e-02 2.953388909171272836e-02
3.870365032938375555e-02 6.116700119838121286e-02 1.988288387033049220e-02 1.475297757351981889e-02 1.736435284640730145e-02 2.347662791412994526e-02 3.568957839032105978e-02 1.165480956519761649e-02 2.476889440560808495e-02 2.704568115018547020e-02
3.694739004364688134e-02 6.030914260240232555e-02 1.855841880108059089e-02 1.429282337723178538e-02 1.599320097560005469e-02 2.172698161838263267e-02 3.198215828384586013e-02 1.118947638202012415e-02 2.278908694012567876e-02 2.507617151221365123e-02
3.544822214216390710e-02 5.858671391565485609e-02 1.749595213232343557e-02 1.417263105833941987e-02 1.494739358096388616e-02 2.025225488529590681e-02 2.875031841040116484e-02 1.059954777576115927e-02 2.095779948525799963e-02 2.332134232645699176e-02
3.411679371679717659e-02 5.715736813093585250e-02 1.638917811552973586e-02 1.358315186752811175e-02 1.440429208666083732e-02 1.921656441636619347e-02 2.643125699597741532e-02 1.022327180748116605e-02 1.925574771505298224e-02 2.205572332704868951e-02
3.331865198897256825e-02 5.561567524413271735e-02 1.563891387025792210e-02 1.299182597506019256e-02 1.314752369319257055e-02 1.867334327453889359e-02 2.489997442822366666e-02 9.873756267950166421e-03 1.775717475041174026e-02 2.076602081001410402e-02
3.200442890023596360e-02 5.394031075033151740e-02 1.473692006080435692e-02 1.268700872583590142e-02 1.242574300269147849e-02 1.781421553904068145e-02 2.364425443018305928e-02 9.662583079453519047e-03 1.615238873532942598e-02 1.983274240363598270e-02
3.106899972971789714e-02 5.221460199992808415e-02 1.396024472925885829e-02 1.246274667049694813e-02 1.176820567304078143e-02 1.714643729794571372e-02 2.265264458113535467e-02 9.357025431868261356e-03 1.478600149715784441e-02 1.908271405502065532e-02
3.025142027751517165e-02 5.040378509329515588e-02 1.333700662018140470e-02 1.219072892930417491e-02 1.116752461747067340e-02 1.669110695131337946e-02 2.174546005561732442e-02 9.233225095702526919e-03 1.340963390725478759e-02 1.836934425233367404e-02
2.947253525263315854e-02 4.853702407760288051e-02 1.268125035498689039e-02 1.176992323721968992e-02 1.073204345112148406e-02 1.630762281024124294e-02 2.100524913845178837e-02 8.905457017889584215e-03 1.225472839531264145e-02 1.777917858983266153e-02
2.873475184776160332e-02 4.655573547967610526e-02 1.208847900959863358e-02 1.155077194017474322e-02 1.011577729899415870e-02 1.572212690384693079e-02 2.037535003074206555e-02 8.889626069336326042e-03 1.121999087450744302e-02 1.726251634062753865e-02
2.807023520074815315e-02 4.441716738966914463e-02 1.155384714750825118e-02 1.137243033539190977e-02 9.632947413692463309e-03 1.541064237864558234e-02 1.978633144490512738e-02 8.556944923332296393e-03 1.051050689617203347e-02 1.693177818962661105e-02
2.735950257061947957e-02 4.245230263402621079e-02 1.102717179423773862e-02 1.130952157327078968e-02 9.203228638976969356e-03 1.492880481208582258e-02 1.921955270669634119e-02 8.414102003658099557e-03 9.753380137588581883e-03 1.651504816516485841e-02
2.658938188598266444e-02 4.062815271317467974e-02 1.061634864619376457e-02 1.083909985207312000e-02 8.741788541630017215e-03 1.462582514577591246e-02 1.871645862468131888e-02 8.280512901120347033e-03 9.102924694709758555e-03 1.643343188693098186e-02
2.601224736018528660e-02 3.953858325889030717e-02 1.013532252133801659e-02 1.067991462190819897e-02 8.355701407034550263e-03 1.431401874438302524e-02 1.834914680068239212e-02 8.082219171041774355e-03 8.591461490541855289e-03 1.600146838571087776e-02
2.545918386968245781e-02 3.724282471548421430e-02 9.757650569084412931e-03 1.089257126125765807e-02 7.935751680170292921e-03 1.392658634300729045e-02 1.788321176934546536e-02 8.032784102651981811e-03 8.350021139196460787e-03 1.570552956328713154e-02
2.481021515096495239e-02 3.555715333794179367e-02 9.413722749517610539e-03 1.037438328739994850e-02 7.703329153526200512e-03 1.359754032596933310e-02 1.737575752335661708e-02 7.801740801522810513e-03 7.891418761173390681e-03 1.534591601508293775e-02
2.420953683291669073e-02 3.381488939456431947e-02 9.198711364576023924e-03 1.030129137657582496e-02 7.351987732107525576e-03 1.326585302687817783e-02 1.706732499978273754e-02 7.688034195887686120e-03 7.587532223001207041e-03 1.520378985279616062e-02
2.362668821627150403e-02 3.196919893108414457e-02 8.781563049418015729e-03 1.008609574872670368e-02 7.079181731229415055e-03 1.281435126258065327e-02 1.672205006149362141e-02 7.601979324551402274e-03 7.377323282760799884e-03 1.484539354136864449e-02
2.354643503267128332e-02 3.004621294296805703e-02 8.510352294168282289e-03 9.844213130119310387e-03 6.836025036313833798e-03 1.235530864428775223e-02 1.647842224100778963e-02 7.480350425872077380e-03 7.303603726574934424e-03 1.464629566410685299e-02
2.273655589332979066e-02 2.815712821491318796e-02 8.237879201693268025e-03 9.678095760095678513e-03 6.482950554518219881e-03 1.195410776983574057e-02 1.626641562044645398e-02 7.408941051488800687e-03 7.021610043826065350e-03 1.449316349889432504e-02
2.224238833135238833e-02 2.601703657461920671e-02 8.006015360801602143e-03 9.673776036188583630e-03 6.387611181338273894e-03 1.173083463598535540e-02 1.591226552491103313e-02 7.406096760104621639e-03 6.814706420923874117e-03 1.437456453804132617e-02
2.215831180301112632e-02 2.375114989236690177e-02 7.808838286710197488e-03 9.479089051839414276e-03 6.208047086610539445e-03 1.112283232988916203e-02 1.612876189464573437e-02 7.376539112236472386e-03 6.616788063376988736e-03 1.406594682094500573e-02
2.145632942193543072e-02 2.084574916287328800e-02 7.606102526196833503e-03 9.507934321885532988e-03 5.946451689937494456e-03 1.074625607620216527e-02 1.551953902968728101e-02 7.208100706751314861e-03 6.603265579840082722e-03 1.392883667208897475e-02
2.095993504872127253e-02 1.816254793576826607e-02 7.463991314410634362e-03 9.014595053489976584e-03 5.726637675369555119e-03 1.040684832506808162e-02 1.532196136335700620e-02 7.081366747425490819e-03 6.546135691627377566e-03 1.374144026680462760e-02
2.077324802319991878e-02 1.610640278675132611e-02 7.266437790133378587e-03 8.918922301983270989e-03 5.709801193921499977e-03 1.004593121004238379e-02 1.519240083692052941e-02 7.010596704622985842e-03 6.331273598194285014e-03 1.361622050272429454e-02
2.005405189276072628e-02 1.475305515558728540e-02 7.081100524287490920e-03 8.843129562097491736e-03 5.816700169274072359e-03 1.015728225816102913e-02 1.495378104422434747e-02 7.011138262941117756e-03 6.281364219238056747e-03 1.352836053522899623e-02
1.985032691354680565e-02 1.387574320411450422e-02 6.935700538894268123e-03 8.844126850027354825e-03 5.480019671570973347e-03 9.384410108142563628e-03 1.485264816579832080e-02 6.882844062638521915e-03 6.300348934008968144e-03 1.347216878931931094e-02
1.937735371911847304e-02 1.351296960602201697e-02 6.800455329539655501e-03 8.581635141745242931e-03 5.468953406342180745e-03 9.233594138725036149e-03 1.461139362225527018e-02 7.061778460268647306e-03 6.063397740700349030e-03 1.315195880269594449e-02
1.919139829992365723e-02 1.274363740025122489e-02 6.675205371170691432e-03 8.860665419628661887e-03 5.245026032416340300e-03 8.869619330608013649e-03 1.450516743860116517e-02 6.713864387484140203e-03 5.954772659800751898e-03 1.312565950781018585e-02
1.868253422007772405e-02 1.240117123052641296e-02 6.548001935184428503e-03 8.500326285582187127e-03 5.224819274690894501e-03 8.600232933196597443e-03 1.437033474793542737e-02 6.669659314723593198e-03 6.316096666185298109e-03 1.290419537857746823e-02
1.832948570805227259e-02 1.177853378782564228e-02 6.436981399835783012e-03 8.371705866000641108e-03 5.125434598909121842e-03 8.390100505104292755e-03 1.420919062539893404e-02 6.595868287027713620e-03 5.927503093976688175e-03 1.276504913066099992e-02
1.788324737992457933e-02 1.143109193426656775e-02 6.335212144311464476e-03 8.163633519412249323e-03 4.896017297376315316e-03 8.180757848595513609e-03 1.410916741476590970e-02 6.570832495691878578e-03 5.987515271006075765e-03 1.268746049647132175e-02
1.752859041119828043e-02 1.098267530530715706e-02 6.270404688741111274e-03 7.970478762740288922e-03 4.832099242862016378e-03 7.895873559413412596e-03 1.413421082969014593e-02 6.492250518738606514e-03 5.859035085168624174e-03 1.261557783425942651e-02
1.716385038475649882e-02 1.063327368861055264e-02 6.149177876422749073e-03 8.023520766191232986e-03 4.705606163619736881e-03 7.637296252165063151e-03 1.383096919420691989e-02 6.665854451824546230e-03 5.844529587298639625e-03 1.248185177743854277e-02
1.697686984138304864e-02 1.025766978450506732e-02 6.024680511376096989e-03 7.725100872968787037e-03 4.612398727049769540e-03 7.408846510720563244e-03 1.393243195221061971e-02 6.426010490198665742e-03 5.739494218614760342e-03 1.230002178577814693e-02
1.669593230324175476e-02 9.965189563002813805e-03 5.942404246329005026e-03 7.790031060452436672e-03 4.634477949570907709e-03 7.149308108477909866e-03 1.365157776777746121e-02 6.359727480669380949e-03 5.917127881444514056e-03 1.223548621033891323e-02
1.655237914162240725e-02 9.578474022113281708e-03 5.883356310664812627e-03 7.576457689389749263e-03 4.570970811110353083e-03 6.966680234009790113e-03 1.354272923878930245e-02 6.274819799667361898e-03 5.836795106028447831e-03 1.209799385157748521e-02
1.578875190558020822e-02 9.410363276100721860e-03 5.807538504759806978e-03 7.701180304645768859e-03 4.530616884601213791e-03 6.878138567378619568e-03 1.346390465495391625e-02 6.263475484193248115e-03 5.715474728537592135e-03 1.197552445986734167e-02
1.548527454966734662e-02 9.026070109656737436e-03 5.695857930814265425e-03 7.492763450095306886e-03 4.375750105384804481e-03 6.642092469933796352e-03 1.352998812997861094e-02 6.187687976380945587e-03 5.656465810497256393e-03 1.187432744384369666e-02
1.515097830307780315e-02 8.790749616134957770e-03 5.624431337059453313e-03 7.443843573036922935e-03 4.403046469583114450e-03 6.686197728220699514e-03 1.347981316529674525e-02 6.180619936940621485e-03 5.798165171258941146e-03 1.178149964188446135e-02
1.482213994086975864e-02 8.482878149242195978e-03 5.563486868218957965e-03 7.233413569889919278e-03 4.256312207239687159e-03 6.342105838212066388e-03 1.317083226648152125e-02 6.051016100382980781e-03 5.504378180608432598e-03 1.166460189320836678e-02
1.462687112576994616e-02 8.217351563785542032e-03 5.511311900824980223e-03 7.116483917796029117e-03 4.329657724437308529e-03 6.187180134949746280e-03 1.310074074696642756e-02 6.003186103569344706e-03 5.562492060533891745e-03 1.164970075043728938e-02
1.436674610201166269e-02 8.001221383793079983e-03 5.434119123659361672e-03 7.100552509766521955e-03 4.140906858517950928e-03 6.052609479746450492e-03 1.311786207938163071e-02 6.064492566282864670e-03 5.545400350879433823e-03 1.140781637784201059e-02
1.398554791945261395e-02 7.723040613439143692e-03 5.388564214794975410e-03 7.032638044405496551e-03 4.091525295067226231e-03 5.914351922129335547e-03 1.293865809680111098e-02 5.922476201530454086e-03 5.656079475786466269e-03 1.134946711796503901e-02
1.374626944891604342e-02 7.574503716006279232e-03 5.328656666822571310e-03 6.998845506513850893e-03 4.054617344228485937e-03 5.838074931695601266e-03 1.284483084847997010e-02 5.929292256950807923e-03 5.475219541932200423e-03 1.127792678105624113e-02
1.358607136020464380e-02 7.351034968771832934e-03 5.289373304677168902e-03 6.727743626566480561e-03 4.032053535879547186e-03 5.693602282427028677e-03 1.278111434763854436e-02 5.830381695818353388e-03 5.546906907310115813e-03 1.109004332015865561e-02
1.324635964485219343e-02 7.239844228901917006e-03 5.227845681344670849e-03 6.766440660634297569e-03 4.010098202404133519e-03 5.817366307772546194e-03 1.269676237780797447e-02 5.779307110144454342e-03 5.399966555624013780e-03 1.103036736361248660e-02
1.318724113936855548e-02 7.072287525082597212e-03 5.160291629794810063e-03 6.759176301719590704e-03 3.947151656838772046e-03 5.543730543056075988e-03 1.265290771739011055e-02 5.776073815483695820e-03 5.423720900128597457e-03 1.089582181782417468e-02
1.290120994180623051e-02 6.825838194692784335e-03 5.125391529836568691e-03 6.519644901774576673e-03 3.952835167250446161e-03 5.355902929386125409e-03 1.255803049577860694e-02 5.747715028556143156e-03 5.288841436566609107e-03 1.085287794599560166e-02
1.273321992222797849e-02 6.709508607238810762e-03 5.081499504307392459e-03 6.485495510064174900e-03 3.897082084633551966e-03 5.225477148502364125e-03 1.247947388545305597e-02 5.662574932245890806e-03 5.313487271889833115e-03 1.070299438426356234e-02
1.246371484745462457e-02 6.524964978883205681e-03 5.081027995660189825e-03 6.341986081914371964e-03 4.051548617829498801e-03 5.158005846043928720e-03 1.250229526422973712e-02 5.610463972163860259e-03 5.411148356830076944e-03 1.059112653759574675e-02
1.206634638109946832e-02 6.400241344617263635e-03 4.990232312581538605e-03 6.269468903145189974e-03 3.849412637705283951e-03 5.048813012387333432e-03 1.240824749602727553e-02 5.590471252667919208e-03 5.207242173929675297e-03 1.063469597309233544e-02
1.185455849618233769e-02 6.311579708810279889e-03 4.961911819570877583e-03 6.239135917581237374e-03 3.851041750410743886e-03 4.959934460572541087e-03 1.226672613332476479e-02 5.679763864838746623e-03 5.256742588229758317e-03 1.044563425956147526e-02
1.166129169451704875e-02 6.132370118217309908e-03 4.920235715050760156e-03 6.176338239204205022e-03 3.768884113405203753e-03 4.897308622787335114e-03 1.219621790923900578e-02 5.547814503273739394e-03 5.249036140517023691e-03 1.047216222552528955e-02
1.164127926756450444e-02 6.047033543358747154e-03 4.895130965146256459e-03 6.022913805150975804e-03 3.775085996638954163e-03 4.878503420449421119e-03 1.213846756533445807e-02 5.473353132987558711e-03 5.188759376218338853e-03 1.026483514966286884e-02
1.127639740284554735e-02 6.144412139343753687e-03 4.895864777569387122e-03 6.029570754104434001e-03 3.732630772501142283e-03 4.752573269445689239e-03 1.205124159569038837e-02 5.417326471614767290e-03 5.221899329508413942e-03 1.017035441944729758e-02
1.104029453155171668e-02 5.864480899356280461e-03 4.816387904428752476e-03 6.627042299030541303e-03 3.793350281797198877e-03 4.804237331262975648e-03 1.200271574943695928e-02 5.436174862515170611e-03 5.294157242120988045e-03 1.007970521221191948e-02
1.121431842934240107e-02 5.759601992605594550e-03 4.797829314952446050e-03 5.842933853609718307e-03 3.703769222935760115e-03 4.614105544216188029e-03 1.200665504275822901e-02 5.345196689106660598e-03 5.150391264691430923e-03 9.970367084883354630e-03
1.068380759237263708e-02 5.638308322026717653e-03 4.747591181615711843e-03 5.759181836830210531e-03 3.670435846424182150e-03 4.511279050115163738e-03 1.187351109734267711e-02 5.326521490198680119e-03 5.346043274051387462e-03 9.880693447220296674e-03
1.048191669717186969e-02 5.531380563872026132e-03 4.728794044414552471e-03 5.794660923347873943e-03 3.709946082963049615e-03 4.416555912019486801e-03 1.179417386689436513e-02 5.282442133461622870e-03 5.241039155267294102e-03 9.842009339255686565e-03
1.068480059164449852e-02 5.460151737862043927e-03 4.768221216959360638e-03 5.658478009365758808e-03 3.780124568424321659e-03 4.341968258087569414e-03 1.177984702752997437e-02 5.253083993843837493e-03 5.232355928373960338e-03 9.710857288460219075e-03
1.012995060042137102e-02 5.383993029191716864e-03 4.682240092299064065e-03 5.664486308934950365e-03 3.618260456972703046e-03 4.284782333948185945e-03 1.169886042399941387e-02 5.375821042778484125e-03 5.213088485182588820e-03 9.690285726109545625e-03
9.914569723681656080e-03 5.314507253758154678e-03 4.687762939606288440e-03 5.489392002641771406e-03 3.616319916294229945e-03 4.297972876768974861e-03 1.156579438719601560e-02 5.219730148254120468e-03 5.197673487826970536e-03 9.583662663454331140e-03
9.739729814274998912e-03 5.211002385531023941e-03 4.636017808850563873e-03 5.489001711552784005e-03 3.572092663358128646e-03 4.160166484179128946e-03 1.147345533694557954e-02 5.305635610776089812e-03 5.044353545431451424e-03 9.569237003349549339e-03
9.530865430217826118e-03 5.184681703632590573e-03 4.602177153959505565e-03 5.365792416000938862e-03 3.561314231029352219e-03 4.146192023062889205e-03 1.140467632232416983e-02 5.156180195362038837e-03 5.176755548768362247e-03 9.427956096238816752e-03
9.330460149132333708e-03 5.040787556296502485e-03 4.576573349245938171e-03 5.350899846991902936e-03 3.565992144123123625e-03 4.050480923004330484e-03 1.131546958520065517e-02 5.151592867176647307e-03 5.104955189710269625e-03 9.357580265834051711e-03
9.133877330475589917e-03 4.996637399605526574e-03 4.602645065118498094e-03 5.314705177400898088e-03 3.572195114522831987e-03 4.010871820493015598e-03 1.132764438322441357e-02 5.161770549895686698e-03 5.025787597154312419e-03 9.218125031337448885e-03
8.925897867348167591e-03 4.992026971328547211e-03 4.508759793966137831e-03 5.437928577406157468e-03 3.512236379325679551e-03 3.959046972547407978e-03 1.120677079217963397e-02 5.027383364041822580e-03 4.958454538675323257e-03 9.293829345338419298e-03
8.946747270015561679e-03 4.901895275335617884e-03 4.500963225610045589e-03 5.094213905530941243e-03 3.497017760601639231e-03 4.061465367432974018e-03 1.108242303865102432e-02 5.000771917787684602e-03 5.131360011185010124e-03 9.061833919768353535e-03
8.573276284521088447e-03 4.820377150261085514e-03 4.471021498670484616e-03 5.159547183312872265e-03 3.533476915405386280e-03 3.881518006078334918e-03 1.101029546810546739e-02 5.039252435982696267e-03 4.869925888954832263e-03 9.021266348032708562e-03
8.412457070067276554e-03 4.777655484837072843e-03 4.525027752441976824e-03 5.064300062807402386e-03 3.637568320812024827e-03 3.848484244312880796e-03 1.091837932144531717e-02 4.948047888679571460e-03 4.871746973639054512e-03 8.978312403617098522e-03
8.257314565375678539e-03 4.717652153901527069e-03 4.423701111876373118e-03 5.150090789579224448e-03 3.441893981719893001e-03 3.839705797618529932e-03 1.083436266684872223e-02 4.900901224720889508e-03 4.861721405431411805e-03 8.839779907349852237e-03
8.088075830660585580e-03 4.669813883276427782e-03 4.423973309425665960e-03 4.878343488448320248e-03 3.540351476095910700e-03 4.251552804197216220e-03 1.101251264484410207e-02 4.869523223908377683e-03 4.867233060016482558e-03 8.822230189058782868e-03
7.895265932145597090e-03 4.612868657552386675e-03 4.386527428788791240e-03 4.880106980126672905e-03 3.459346471750473183e-03 3.977769232733250997e-03 1.068557236465017719e-02 4.910175379302827992e-03 4.965977737001049490e-03 8.756654935294197126e-03
7.818650045257008116e-03 4.618126038571843811e-03 4.372040858431520960e-03 5.047053193625376279e-03 3.695611615407670691e-03 3.863440035775952183e-03 1.059333356515403460e-02 4.816569888908542839e-03 4.788096341415253206e-03 8.632662739943230967e-03
7.606144841099954021e-03 4.552808530282796175e-03 4.372717911286163640e-03 4.721354451381709443e-03 3.518086459678416988e-03 3.668358309106385055e-03 1.051132163556834503e-02 4.793021086331548421e-03 4.829739956296152936e-03 8.540099675584928926e-03
7.575759842963088707e-03 4.507185729230555639e-03 4.327467784443404103e-03 4.680258006529923812e-03 3.470188920613054024e-03 3.620086716906239458e-03 1.043740609579783471e-02 4.863369310782336696e-03 4.970129580344095042e-03 8.637571319670951306e-03
7.440913451599305214e-03 4.460201863840094517e-03 4.373323851544925860e-03 4.614290414610733825e-03 3.417989811898673475e-03 3.862361305442402627e-03 1.037082216026011770e-02 4.744709684674077582e-03 4.726609628328783640e-03 8.510641225696662093e-03
7.180722247771896376e-03 4.563651540676334599e-03 4.355110812578001991e-03 4.627462834193098867e-03 3.437163346517167848e-03 3.598508395313956311e-03 1.026933323344247050e-02 4.705800033134051492e-03 4.781943914792283895e-03 8.341461587983827961e-03
7.034001397183463865e-03 4.365868367653872803e-03 4.303360967635445726e-03 4.558415057958184816e-03 3.452591955250654699e-03 3.572029766616621315e-03 1.020248166085271219e-02 4.671246325527638257e-03 4.687021125345121851e-03 8.252137951726823753e-03
6.928706725855425866e-03 4.354338448580445491e-03 4.317513589992596698e-03 5.097403146700319777e-03 3.585050892455666442e-03 3.675711615632213953e-03 1.012565314590741124e-02 4.649302671202624852e-03 4.847598997848629084e-03 8.275388759267240935e-03
6.792921093667146464e-03 4.343945413813914656e-03 4.288688174354143672e-03 4.496920358158092330e-03 3.403902767095297321e-03 3.676259884505090128e-03 9.963789201840380153e-03 4.627502576914399417e-03 4.712038361040730289e-03 8.287997167577523111e-03
6.692004065992135896e-03 4.333301080031485251e-03 4.271715041786874889e-03 4.590089563970954460e-03 3.709816460225205063e-03 3.553233364713327506e-03 9.871312138489360746e-03 4.590631580313656902e-03 4.726245578597220928e-03 8.096591089743723074e-03
6.559886175665189008e-03 4.345056547310158050e-03 4.324843766721119843e-03 4.492644078759024107e-03 3.342844686957365755e-03 3.896107617041789841e-03 9.784389533841995890e-03 4.638278492424512643e-03 4.642935935360525089e-03 8.082888853167480986e-03
6.444000171747518192e-03 4.225813645547968518e-03 4.292826426595938716e-03 4.538173430189249187e-03 3.343550565657236583e-03 3.912916336098484771e-03 9.692328357236733305e-03 4.639119286226441562e-03 4.707208028258965532e-03 8.015266047005385752e-03
6.346984121448262864e-03 4.201866374594161527e-03 4.207808437212003094e-03 4.359025578170731656e-03 3.379515771232489800e-03 3.633239332783603105e-03 9.631069959055736651e-03 4.551720994696894715e-03 4.808187034877189903e-03 7.962461249126636526e-03
6.249842272299868662e-03 4.155892570321019150e-03 4.182761588476103035e-03 4.443308271312514102e-03 3.328168642656549343e-03 3.711968483571394251e-03 9.486371952625173576e-03 4.520660630725288967e-03 4.562295466369497773e-03 7.892542963065473510e-03
6.472153708872867978e-03 4.110423627659993626e-03 4.186375638692182467e-03 4.207564249094228326e-03 3.303943939676516010e-03 3.626457922924609598e-03 9.428377453009808423e-03 4.486161787762720302e-03 4.665885643525526962e-03 7.829905308276525686e-03
6.200555242936444354e-03 4.145187048632073892e-03 4.155656021935630155e-03 4.154661946105279655e-03 3.487747465763173065e-03 3.562743271957795853e-03 9.311190618330687438e-03 4.514855107075751821e-03 4.629212769276084410e-03 7.783788406942689433e-03
5.984854340485445783e-03 4.095331607294124508e-03 4.144933203702454161e-03 4.097967468146649153e-03 3.285343741537856323e-03 3.400138236907371790e-03 9.187958352898538059e-03 4.500976221901430673e-03 4.554871075265224875e-03 7.726166911657339487e-03
5.888840090474819697e-03 4.074363870035423163e-03 4.170397784310577588e-03 4.100772222394477758e-03 3.315568119808441887e-03 3.375563446007449550e-03 9.061755436143448944e-03 4.480670426981812719e-03 4.597056206090597251e-03 7.648909066953586515e-03
5.893785089191319604e-03 4.037035899476988134e-03 4.128920643931807515e-03 4.070931781331337158e-03 3.267988318216789607e-03 3.353825122754687006e-03 8.986161690842320304e-03 4.521084047636953276e-03 4.557958697921772433e-03 7.559020230420957984e-03
5.796677957219859879e-03 3.987003201525882168e-03 4.124350929425470332e-03 4.050560078528994863e-03 3.267698525529375096e-03 4.024245534962939477e-03 8.869990486928679141e-03 4.405422306055151692e-03 4.497264085638456345e-03 7.504608941691737894e-03
5.692201416628435776e-03 3.949865936891251532e-03 4.094639647545784966e-03 3.986764879965654443e-03 3.276216129500567585e-03 3.454310794279645460e-03 8.792742281389475181e-03 4.475996451897791203e-03 4.763869669294939352e-03 7.452330253680825543e-03
5.608503624716967319e-03 3.930813623169591466e-03 4.144747921456290451e-03 4.434419454634270542e-03 3.497446370610493658e-03 3.812882473506665811e-03 8.628632385820428352e-03 4.332691096701474578e-03 4.433652665674555141e-03 7.434229117937389553e-03
5.528506141280806370e-03 3.918447211147262250e-03 4.213787450791327965e-03 3.950925411230995533e-03 3.338635373114180998e-03 3.488615105061401885e-03 8.563369070937401281e-03 4.312384129894738898e-03 4.532651376275112151e-03 7.378807169971522348e-03
5.633257393073370749e-03 3.913766001637548550e-03 4.105076493752051435e-03 3.991552091914559071e-03 3.306051060642285419e-03 3.336134801842313615e-03 8.406130473841427406e-03 4.289907886499751133e-03 4.460582430451853243e-03 7.342053019698310118e-03
5.426766844545364600e-03 3.954583527940177048e-03 4.100393226077725904e-03 3.880093699605600271e-03 3.290717276818465147e-03 3.378484683023242740e-03 8.289031800450642057e-03 4.367782252682017412e-03 4.465674402980770487e-03 7.305338507432833361e-03
5.371601198613622230e-03 3.938975281910416827e-03 4.042061448236930650e-03 3.798619188340300861e-03 3.233289700097748739e-03 3.382979144722985266e-03 8.194522129314292871e-03 4.281457962491003362e-03 4.480247046527872402e-03 7.235637165198334671e-03
5.299548038558266234e-03 3.816219042099957236e-03 4.094962815311865498e-03 3.812787230618111620e-03 3.226063824523223069e-03 3.290289928191187600e-03 8.077348180636314753e-03 4.366751044758345780e-03 4.411821318519991431e-03 7.224624564623660997e-03
5.289053264601229105e-03 3.871767162017865620e-03 4.027457136259173127e-03 3.973657483253598827e-03 3.255526062801327412e-03 3.380796945464768256e-03 7.960248152147608378e-03 4.245217559341705679e-03 4.364884706437833876e-03 7.273681096215953330e-03
5.208818016458460938e-03 4.013171683922438920e-03 4.063728394153628964e-03 3.834413343296747857e-03 3.234419417829650749e-03 4.364652466874595522e-03 7.864206579082667556e-03 4.199092444702724920e-03 4.468021163061057684e-03 7.056990182527779314e-03
5.137625335698553855e-03 3.779594555080294065e-03 4.026463386448614519e-03 3.749542209815976031e-03 3.239627125852450121e-03 3.563776114572810277e-03 7.766215643743832470e-03 4.207107805725108889e-03 4.374545713181400737e-03 7.047347932598722019e-03
5.130597836122441011e-03 3.768175288897995714e-03 3.998615447491700448e-03 4.068057189477050292e-03 3.223482971135159005e-03 3.280442026072744825e-03 7.665769762341779342e-03 4.157125430223834218e-03 4.343579903802029935e-03 6.964881711664617885e-03
5.089327114467304819e-03 3.750266684833916068e-03 4.009622118811242975e-03 3.686442402874430275e-03 3.182726952939922156e-03 3.977390682527950742e-03 7.554008676876582638e-03 4.144253674402928120e-03 4.334051123444948063e-03 7.014854385442169556e-03
5.057800212905821761e-03 3.736390490429460955e-03 3.982987230365024264e-03 3.644189021867841240e-03 3.404769551909516117e-03 3.762057581899148732e-03 7.462721768973078207e-03 4.146722078038322587e-03 4.377339912969795306e-03 6.848187620451726826e-03
4.965446249723098199e-03 3.713630824348292635e-03 3.996517228386712965e-03 3.860727160526387751e-03 3.255366775385453316e-03 3.239842183042295452e-03 7.359646881313686162e-03 4.092171112766469256e-03 4.337650259477838707e-03 6.843511017492199568e-03
4.931999850781196640e-03 3.676147477743557657e-03 3.967906158622478210e-03 3.781859455115435184e-03 3.341259728784815985e-03 3.338699430015370628e-03 7.289711609518466015e-03 4.105467557208354774e-03 4.563218120745803942e-03 6.777974337651088491e-03
4.895989554017115934e-03 3.628118068617642439e-03 3.948024523780404964e-03 3.620629047307837110e-03 3.257938974634651350e-03 3.377190984919296694e-03 7.193306510979341310e-03 4.161381246789783508e-03 4.307122164505820458e-03 6.727520193764000359e-03
4.859587653074695299e-03 3.631145446328994716e-03 3.949999008796037728e-03 3.552620671956932628e-03 3.180193860433029943e-03 4.433068156856714327e-03 7.121853695394988158e-03 4.158591832125219101e-03 4.266046961887685722e-03 6.706326278280371270e-03
4.853706942258003559e-03 3.599596578613997039e-03 3.931737048358746947e-03 3.482305879163877325e-03 3.215035549530748365e-03 3.276115698215198348e-03 6.962265816410315687e-03 4.060570861704689699e-03 4.339972902224876507e-03 6.695417197794198937e-03
4.807049682602819625e-03 3.590437299355923005e-03 3.930896769157844750e-03 3.461781134788640465e-03 3.170378401675357644e-03 3.452783689343663382e-03 6.888041807823618023e-03 4.006873103039257887e-03 4.353277545527648243e-03 6.589865673312723590e-03
4.752693163637166859e-03 3.727990887484877724e-03 4.023502092380774886e-03 3.628435767323680457e-03 3.215063793033694477e-03 3.170664156864266055e-03 6.786263165071431194e-03 3.994727386837529891e-03 4.463233471344133473e-03 6.591391291964432929e-03
4.734139224693066292e-03 3.544253726533424381e-03 3.914998764547573083e-03 3.462090876887962548e-03 3.164851528944293956e-03 3.657715322801552166e-03 6.712350729076018048e-03 3.970300710703892830e-03 4.266308199152340358e-03 6.544160883630147606e-03
4.698193292716533985e-03 3.562337046783520689e-03 3.941356219093548885e-03 3.568277046768893353e-03 3.203600165258317038e-03 3.375613286722858528e-03 6.706211854148294745e-03 3.938815899725551899e-03 4.367472105885420071e-03 6.510830184903431544e-03
4.658146735541021481e-03 3.518727568054991640e-03 3.979190440075751518e-03 3.403204562290262046e-03 3.151093369646429561e-03 3.595312446488080696e-03 6.513949375525882740e-03 3.919445397420185002e-03 4.270684193752527329e-03 6.501873538512526265e-03
4.637066448469869331e-03 3.589399641658697158e-03 4.047550807556603639e-03 3.349873820426663845e-03 3.192604202666254366e-03 3.147331622466970503e-03 6.426034796977070016e-03 3.941242936372713057e-03 4.434364801649292621e-03 6.362885924096415256e-03
4.611784110084816979e-03 3.575109454327013436e-03 3.909879644446910552e-03 3.367188276845742203e-03 3.146973594381087275e-03 3.294688838810292970e-03 6.349945567883591782e-03 3.885668080382748742e-03 4.252540677759465704e-03 6.325001287218155743e-03
4.574488602844317686e-03 3.487887197205698231e-03 3.880012232042132862e-03 3.332971426787230233e-03 3.148607589815399094e-03 3.274518423042453632e-03 6.287305402037104106e-03 3.879143646021075004e-03 4.207352092557123564e-03 6.266911763640666336e-03
4.661518352789674989e-03 3.549153653525469188e-03 3.875235933829912147e-03 3.295483285102127763e-03 3.150005672629641647e-03 3.172657069353095050e-03 6.190018086757500745e-03 3.871766176118500869e-03 4.174325671757576212e-03 6.228060770556678900e-03
4.559844445159041103e-03 3.520294445106346079e-03 3.894691671623847721e-03 4.594939736215193984e-03 3.260265569635750933e-03 3.154859125583711708e-03 6.147613841092459258e-03 3.985697526842862590e-03 4.152481795654257291e-03 6.182737438165605143e-03
4.495366635138688810e-03 3.486798094042685685e-03 3.867401016397229406e-03 3.310723884825457920e-03 3.125695127310307211e-03 3.172949532143514145e-03 6.124889109042166470e-03 3.823990375965266499e-03 4.131928684781426865e-03 6.159957965502914357e-03
4.468014297313542896e-03 3.427289238198670020e-03 3.859688006019062860e-03 3.838590690753904827e-03 3.288457242686391654e-03 3.046676034426894827e-03 5.982311735084973499e-03 3.851281807833104899e-03 4.262045032795432932e-03 6.120530991227937298e-03
4.445233329005323676e-03 3.474981049073825115e-03 3.848452999814005061e-03 3.493033099725101863e-03 3.134379858148120344e-03 3.103412039765907418e-03 5.967805774271390563e-03 3.793208201964543783e-03 4.106652756271962287e-03 6.076914150688248438e-03
4.430518615409631718e-03 3.521948536396766853e-03 3.842952047551861493e-03 3.509706978203558109e-03 3.118381250429644834e-03 3.173197281037179202e-03 5.842593302915351748e-03 3.859418074989023114e-03 4.283658343976242538e-03 6.034396071647282755e-03
4.407263929517467142e-03 3.575108461608444629e-03 3.833455109066722169e-03 3.303018051201500951e-03 3.193909417666482113e-03 3.191729226376927107e-03 5.774903746846099355e-03 3.774646361650519852e-03 4.147828466918973209e-03 6.184007231638476675e-03
4.402944369306566012e-03 3.370727488872945175e-03 3.840278249614636173e-03 3.867351892815542192e-03 3.093684943912851718e-03 3.202847612838166484e-03 5.721906004260359987e-03 3.758210659981280240e-03 4.076969871643827160e-03 6.117753349817080764e-03
4.370091842981350082e-03 3.431170978959027871e-03 3.879154681601385685e-03 3.176164102782449202e-03 3.109884813439970155e-03 3.137418744335752213e-03 5.656000538569024884e-03 3.742120678942432044e-03 4.090893923102319370e-03 5.913467933865663127e-03
4.346640355898274966e-03 3.358571777443529124e-03 3.823896343175718551e-03 3.448571856461780504e-03 3.207420986998705745e-03 3.103199490136562474e-03 5.741851647513078818e-03 3.745195378719194234e-03 4.057807760598726443e-03 5.920186581271746039e-03
4.329794945322171761e-03 3.378538304913285099e-03 3.871008633529684443e-03 3.385592471112973054e-03 3.097866041912989473e-03 6.731284928955309083e-03 5.564578190732980337e-03 3.829878239716533617e-03 4.044252688076000607e-03 5.963679589195666590e-03
4.330444682379364953e-03 3.362640173016722984e-03 3.816691057304078243e-03 3.171013880328220347e-03 3.142558810805926462e-03 3.103504566533528842e-03 5.490798816201717183e-03 3.684373246294982140e-03 4.078685252015230162e-03 5.884640523144600566e-03
4.286810654962265252e-03 3.358620128507028464e-03 3.881925118451612280e-03 3.537432327337462334e-03 3.077684816001534374e-03 3.023362319397899112e-03 5.459987301175966458e-03 3.680672366444609316e-03 4.198475185673394318e-03 5.772049431435506694e-03
4.261855828551180080e-03 3.316820424942508970e-03 3.800283989914509525e-03 3.085390558731573949e-03 3.105723063160722216e-03 4.439292257134649575e-03 5.411638632097809723e-03 3.777353566959714207e-03 4.161123100941423701e-03 5.731775231316356412e-03
4.250972847323477438e-03 3.317264288664147596e-03 3.849655565108265742e-03 3.360505466360295176e-03 3.201029684296579671e-03 3.172804745186611191e-03 5.356940633182732080e-03 3.692463461409364704e-03 4.022766027589197088e-03 5.780807506621483266e-03
4.234704956806680486e-03 3.279920486526682194e-03 3.815338496162713929e-03 3.350834792830804498e-03 3.080010842995905499e-03 3.007248185031610819e-03 5.296836989837855857e-03 3.724737612535614344e-03 4.073471663222986462e-03 5.631679952048869106e-03
4.233167255337050468e-03 3.549447040059325927e-03 3.923888695678987883e-03 3.299715814797371007e-03 3.070744174030688549e-03 3.013069963365599263e-03 5.260974064438342541e-03 3.617748711125215195e-03 3.965024204024113728e-03 5.591324267769108916e-03
4.224828238769095558e-03 3.304191932039527747e-03 3.841761994908744326e-03 3.039557845829763457e-03 3.081684448905538075e-03 3.036315936366397981e-03 5.198070393403226609e-03 3.606809546628597738e-03 4.156896301315700891e-03 5.593613772145781225e-03
4.234266124728980167e-03 3.287747375985022782e-03 3.833602530514692696e-03 3.239096786294562349e-03 3.116465960742803576e-03 3.675690800600953274e-03 5.152085100933526986e-03 3.648687615865012918e-03 3.959476811034313461e-03 5.488432601607967122e-03
4.187893192034229488e-03 3.254002661712546499e-03 3.833396550304852667e-03 2.981410813549902235e-03 3.070777243835446420e-03 4.376625272934551135e-03 5.161285569434163716e-03 3.646741259304919335e-03 4.136516556845637980e-03 5.473397356560339051e-03
4.169352255285496169e-03 3.450296167065546992e-03 3.776332102761046066e-03 3.104797458554949072e-03 3.044247539072081170e-03 3.651942744458879560e-03 5.064751133990195824e-03 3.577645110881470195e-03 4.006275935879906672e-03 5.454971706039729584e-03
4.223853054380929083e-03 3.232373042002183606e-03 3.815460548946466093e-03 2.963064772941535491e-03 3.088348592067674710e-03 3.196740514447375756e-03 5.024153286549850640e-03 3.570575307404283763e-03 3.918192578448855684e-03 5.378461387246204033e-03
4.142522938690825635e-03 3.274889732673415439e-03 3.767919990847900472e-03 3.863355610824895613e-03 3.045407012383874283e-03 3.140147784891435950e-03 5.025610585977576157e-03 3.555221445759804404e-03 4.072489959297711029e-03 5.351171172011810230e-03
4.162036934854663334e-03 3.224180013654204171e-03 3.760703719243608037e-03 3.063709900889423788e-03 3.050167731380570586e-03 3.139822698924365010e-03 4.942667138391664862e-03 3.549964628807607617e-03 3.964563122566116052e-03 5.301817580178318917e-03
4.104058964994521629e-03 3.242608673018464865e-03 3.759018009220579416e-03 3.040447266027154673e-03 3.084007186429788862e-03 3.625529814919809749e-03 4.922150595945109369e-03 3.562251981757824995e-03 3.894508555879147484e-03 5.291654137138525164e-03
4.289375325599975586e-03 3.211153516040345015e-03 3.802327100926210408e-03 3.381951228060574993e-03 3.135100428494650392e-03 3.297782243298284701e-03 4.944476727699782977e-03 3.525516810681937618e-03 3.911000026728899022e-03 5.234180891359960404e-03
4.089233372335239307e-03 3.320435009323524211e-03 3.764929928981533818e-03 3.005985973622790977e-03 3.070574836744942391e-03 2.992582127646704112e-03 4.836599377137695659e-03 3.548500527254788012e-03 3.928880567647272115e-03 5.288621995408017591e-03
4.054983455503348433e-03 3.241492260608374622e-03 3.928794352753458598e-03 4.340686592647448327e-03 3.072979948746459855e-03 3.199027185961158485e-03 4.791887288904960601e-03 3.562376160028132583e-03 3.873642166514865322e-03 5.332850084131936751e-03
4.071689775596857436e-03 3.302896861929666573e-03 3.761146510238804266e-03 2.942409356215117729e-03 3.065697357075616945e-03 3.103873522823520203e-03 4.758226425569831060e-03 3.496457351544676306e-03 3.868188473998858661e-03 5.323078183135611027e-03
4.054747327377221724e-03 3.275762467697684172e-03 3.755516050812502185e-03 3.005658841830077897e-03 3.071604348463140201e-03 3.129009739601513150e-03 4.726150730704609809e-03 3.481974497520136727e-03 4.389698424280052101e-03 5.155497887291093234e-03
4.044855494518808693e-03 3.176438701885434500e-03 3.740389873420166267e-03 2.994786363565186786e-03 3.067225041822502305e-03 3.177683720888930304e-03 4.711540789363932898e-03 3.480872757693955193e-03 3.959243740640112051e-03 5.182930717937538068e-03
4.034210693923223449e-03 3.186098002859938903e-03 3.742240112790892487e-03 2.976201351614971881e-03 3.042248217205079878e-03 2.993495293596132312e-03 4.663308883303981731e-03 3.554885129877629300e-03 3.951121775889662562e-03 5.042875373006574027e-03
4.025564741011382168e-03 3.144735109811073494e-03 3.742336098392573356e-03 2.910975896093778281e-03 3.035737300282429722e-03 2.992612661695183852e-03 4.675633419590491911e-03 3.454505629407403442e-03 3.911872058540043738e-03 5.015361671477747835e-03
4.006031370703395239e-03 3.173341533402511058e-03 3.757632909924316349e-03 3.220305290747368585e-03 3.023780173521806083e-03 3.623010994985892581e-03 4.607670550434332137e-03 3.445706976195981892e-03 3.810686050609345902e-03 4.995698630812984986e-03
4.018663762367567088e-03 3.172492215338823876e-03 3.759354821216559939e-03 2.898038761481388711e-03 3.086582042166580164e-03 3.506090243290610649e-03 4.646423500412257858e-03 3.512423786004141742e-03 3.956643324415957778e-03 4.926935608645335862e-03
4.082924396416058761e-03 3.151941116390753923e-03 3.814769423211976720e-03 3.082094492503843330e-03 3.061023460563624954e-03 3.022302337098759645e-03 4.527394026105455160e-03 3.425118280312881413e-03 3.838212235537769544e-03 4.954749536960406306e-03
3.970087894253563308e-03 3.286004533137177989e-03 3.704875971941470718e-03 3.205583389673180572e-03 3.049611072011251377e-03 3.029955356932695180e-03 4.520804010447607851e-03 3.419096275437587176e-03 3.791319392030683983e-03 4.903185860915491683e-03
4.036664793965735742e-03 3.106864862480975074e-03 3.721730616348567586e-03 2.813971793790547363e-03 3.027627912158162553e-03 2.996407970181253887e-03 4.491053125623960945e-03 3.417009720101232047e-03 3.943274710269662614e-03 4.863959197886254422e-03
3.956761240808669491e-03 3.110646000406096495e-03 3.716266510728484865e-03 3.033587205340730446e-03 3.026531770014301292e-03 2.875516939884619622e-03 4.460506891518301389e-03 3.426803482971844776e-03 3.759884280739128355e-03 4.776218218339640248e-03
3.956124934637552347e-03 3.101615369054031967e-03 3.713093437710158259e-03 2.931603538351502340e-03 3.049951329399182374e-03 3.219576701496963851e-03 4.518919582106740995e-03 3.394734795511566289e-03 3.772877338145845527e-03 4.756164002918027156e-03
3.998386458700289164e-03 3.104491709910550939e-03 3.699422389178527466e-03 2.834548702998026214e-03 3.225800553236203832e-03 2.960768353943523268e-03 4.392658258642595862e-03 3.391144726467230572e-03 3.747713154762353279e-03 4.715555527640308796e-03
3.930043990071521547e-03 3.160863522215610899e-03 3.696854904235542198e-03 2.764761019847279330e-03 3.092716321447657249e-03 2.877802358529143924e-03 4.361590168430886684e-03 3.385110351063512664e-03 3.870252824529036868e-03 4.697667853100727202e-03
3.924187695260481987e-03 3.074685941366805866e-03 3.693995429392360908e-03 3.247447655289514151e-03 3.014530477454924196e-03 3.018948079677636048e-03 4.398398031613721601e-03 3.429549814174192961e-03 3.836036438102001424e-03 4.647524328938850216e-03
3.931706426290155175e-03 3.331469091497857998e-03 3.735135048330892344e-03 2.835196854393520673e-03 3.032596668046933560e-03 4.412512981797889894e-03 4.302459614620373490e-03 3.358924941016665309e-03 3.712668028112914905e-03 4.641461084574609840e-03
3.915372689407385642e-03 3.082151454649143842e-03 3.684939991998080391e-03 3.063182557437780628e-03 3.030574699368280590e-03 3.102004645486892889e-03 4.281266155762456470e-03 3.363702209152043439e-03 3.856515983890114810e-03 4.632947571429121142e-03
3.938255821689044811e-03 3.166331795181717874e-03 3.684821176575005502e-03 2.762953049469327790e-03 3.040917780793025472e-03 2.958324356778926304e-03 4.275570339126013968e-03 3.407937069265106877e-03 3.711433597035284151e-03 4.560531896742778604e-03
3.920163552180832255e-03 3.055919662523005464e-03 3.679218655831178152e-03 2.867581986974725161e-03 3.003235080619122421e-03 3.534606174256475601e-03 4.246608710794799561e-03 3.388777993524615378e-03 3.710476178987974927e-03 4.733793415682596879e-03
3.893817221542434075e-03 3.061334055289214803e-03 3.755997900531752969e-03 3.043558373161291825e-03 3.037781410244222956e-03 3.024164465051457171e-03 4.245476590406374595e-03 3.358686963196696931e-03 3.741073541001199276e-03 4.541004456657230653e-03
3.943245919810121035e-03 3.048832555850138938e-03 3.729216566252559640e-03 2.740895537300327197e-03 3.018714538625226484e-03 3.235617179668696247e-03 4.236099510744571750e-03 3.360710829584392760e-03 3.726718164190394311e-03 4.546820746263289907e-03
3.870934117080674069e-03 3.042790198636281546e-03 3.713947491620589285e-03 2.870861516808257807e-03 3.024011993018877690e-03 2.942465171763827998e-03 4.169279056082508123e-03 3.318956968038164895e-03 3.681215197074470726e-03 4.474112846575636557e-03
4.093954045722343789e-03 3.068287339205124330e-03 3.673551634164875287e-03 3.225775598249830053e-03 2.980849058973429697e-03 3.266966955016403253e-03 4.158571358053854590e-03 3.317666635877903648e-03 3.652246543230877867e-03 4.474076367789946510e-03
3.887088792624701899e-03 3.068451667807165720e-03 3.671898146374029479e-03 3.909454449390085615e-03 2.991903615674734902e-03 2.880235642511965160e-03 4.119189166748301462e-03 3.347060166301863565e-03 3.643137338321552048e-03 4.424412486777890528e-03
3.867398626344822985e-03 3.116686539018314380e-03 3.753460763812612247e-03 2.931983822832869100e-03 2.993215162508985894e-03 3.480277633304698116e-03 4.091445513466499331e-03 3.341538916534003006e-03 3.674201325584269383e-03 4.371095250210975391e-03
3.871370265042612703e-03 3.019668340839013788e-03 3.684851732836101103e-03 2.712365179412846994e-03 3.029340533331105131e-03 3.550313320741834387e-03 4.086043274104547360e-03 3.283130526836994158e-03 3.652052431146831160e-03 4.366299138424873695e-03
3.836001363168625722e-03 3.058398660023292897e-03 3.666802750373213907e-03 2.734119510285083852e-03 2.989167416235183946e-03 2.988116312451520682e-03 4.076910572274414918e-03 3.295785475393353450e-03 3.886750207684775207e-03 4.335310001682792132e-03
3.908210458715258989e-03 3.003877916604018230e-03 3.821525843995454783e-03 3.044222903652102439e-03 3.102224378638991902e-03 4.724789368756082165e-03 4.028411002037485603e-03 3.296477083710023202e-03 3.756582240852881106e-03 4.362827514181414137e-03
3.831319231279628826e-03 3.011561647324752233e-03 3.657327597193128429e-03 2.991851498453937646e-03 3.076503594824286578e-03 2.956663098526639971e-03 4.018983122180844712e-03 3.266799450688907553e-03 3.676506045367330944e-03 4.257949583399406497e-03
3.823166253731075017e-03 3.012034695558871589e-03 3.664685807574353301e-03 2.621517418267675127e-03 2.989282876362276808e-03 3.044706043736003422e-03 3.997505314790812496e-03 3.260580041149274428e-03 3.712669822345878931e-03 4.248014367078009092e-03
3.834124600382203974e-03 3.024011206587649825e-03 3.679595115723189626e-03 2.618705510167464515e-03 3.044077565770995225e-03 2.811570515909158057e-03 4.013619896739148603e-03 3.270883371908224740e-03 3.591836841953909964e-03 4.213935710564027139e-03
3.839154273075867912e-03 2.994739453505707982e-03 3.662459909743554214e-03 4.484246523112423929e-03 3.025437463988976759e-03 2.922710919795869049e-03 3.974701214116653850e-03 3.340081466141853368e-03 3.673692451196343411e-03 4.183068683192708859e-03
3.861868596239324044e-03 2.985196025228418603e-03 3.665553243626738355e-03 2.856596287253911504e-03 2.985909785405894100e-03 2.930540728632354246e-03 3.964178700468418137e-03 3.238617835283112700e-03 3.590472395395105914e-03 4.145953410651000148e-03
3.800459112598859445e-03 3.014013520644829615e-03 3.655551258989208924e-03 2.696912852757210859e-03 3.059575068726988218e-03 3.363388815302364391e-03 3.999606046816064214e-03 3.249283517191800183e-03 3.658427544549956462e-03 4.156970091186076334e-03
3.799315268269397305e-03 3.006546448194343316e-03 3.649851253763390906e-03 2.978495619720938035e-03 2.995369994576304457e-03 2.870966092902067952e-03 3.907220645882174444e-03 3.232719830784938891e-03 3.541545088268091730e-03 4.225991538203945942e-03
3.801111702815971466e-03 3.327897044545712404e-03 3.658716638451505864e-03 2.638838304885231332e-03 2.985142520222521835e-03 3.151904356596362759e-03 3.894089490218755230e-03 3.228187883040933327e-03 3.566349799089176247e-03 4.119615472069560608e-03
3.836919863816262277e-03 3.022649248294314445e-03 3.637168732654534782e-03 2.757214264325424848e-03 3.022714903427013017e-03 2.804373131919537989e-03 3.892124002839372245e-03 3.224676813477016322e-03 3.573976165233324828e-03 4.076483484940400873e-03
3.778033821403998290e-03 3.045476270561306952e-03 3.672300165918063880e-03 2.552021349580895285e-03 2.979845420192304625e-03 2.970403037680422950e-03 3.863214496371149276e-03 3.265759136875105891e-03 3.656756071429009131e-03 4.055817381801811276e-03
3.773113177512488897e-03 2.970905619674455659e-03 3.683431267799070711e-03 2.642850239062697996e-03 2.964562400721694121e-03 3.017708505566864437e-03 3.836343219517521653e-03 3.264887262281056853e-03 3.764614092678841926e-03 4.059286835650242203e-03
3.790189303477522424e-03 2.956414927474183049e-03 3.672989094907136605e-03 3.071253753804032566e-03 2.965338367612849104e-03 2.840983285311933417e-03 3.826101690504783714e-03 3.246007960930104123e-03 3.649057393820561487e-03 4.104632449154398122e-03
3.836420152222179848e-03 3.015159565145186186e-03 3.623578082573622981e-03 2.657962916027381377e-03 2.973319563537623559e-03 2.821823927095215047e-03 3.807010258654941210e-03 3.249621539662355448e-03 3.538453406276007192e-03 3.952741498497626925e-03
3.779407548827393507e-03 2.969358721559636326e-03 3.617352404451134370e-03 2.605480971316577812e-03 3.166253348877333656e-03 3.643603840355979714e-03 3.824861818496115215e-03 3.201762540260722802e-03 3.508013535576844956e-03 3.968391506560715182e-03
3.765177571568112912e-03 2.964767455573910290e-03 3.662700556251559207e-03 2.604203487092466435e-03 3.096807156580626101e-03 2.782014986898092949e-03 3.767754007678363916e-03 3.210302136741474428e-03 3.496058075807600453e-03 3.901431938417618695e-03
3.846798989369882692e-03 2.995763255789781528e-03 3.680026428171240954e-03 2.798220077033263149e-03 2.953878562157753566e-03 4.141095899842523430e-03 3.753601655456153402e-03 3.177241179920778716e-03 3.518581273528954920e-03 3.930814679257912427e-03
3.809269423098674261e-03 2.954924877063306362e-03 3.672768070683521836e-03 2.632970991014986321e-03 3.182591043397644658e-03 2.905636619138505291e-03 3.777885819362392962e-03 3.212828617698072851e-03 3.744119678383689680e-03 3.872349934690285430e-03
3.775857468164731893e-03 2.947224866671902671e-03 3.689739536048370662e-03 2.632659952405655944e-03 2.973936347035075964e-03 2.913116824897770633e-03 3.721251287531537281e-03 3.198264847907040295e-03 3.526498256968040035e-03 3.900166061579681941e-03
3.775366939050012714e-03 2.954192205458499188e-03 3.601350455366713211e-03 2.606768638561928354e-03 3.078145075488351260e-03 3.134269096973832467e-03 3.710265060609802251e-03 3.171131377439354287e-03 3.453028244476342729e-03 3.849906827957495694e-03
3.753245201196700898e-03 2.933330661912268537e-03 3.700362392757729994e-03 2.729013907188704551e-03 2.984805633099720315e-03 4.203430157574029533e-03 3.775297846450044112e-03 3.155847376684706683e-03 3.512669366179838135e-03 3.905132893434171224e-03
3.807394684385454961e-03 2.919217155186473473e-03 3.613096874645243487e-03 3.465457334700068788e-03 2.987046795810432021e-03 2.950800479344719684e-03 3.679335235681621078e-03 3.178222045646887390e-03 3.431135675001525682e-03 3.798481821665468990e-03
3.812397697797630797e-03 2.926821010820433982e-03 3.607743996999639591e-03 2.630841120205442904e-03 2.933840700100387010e-03 2.809555314668116255e-03 3.673174014093757381e-03 3.156146584085879787e-03 3.441581707187944036e-03 4.108251402722427718e-03
3.731710097626181940e-03 2.966387975592192985e-03 3.594003108298094579e-03 2.546038844014327212e-03 3.004241105056642148e-03 2.838891797063532001e-03 3.661090986749462178e-03 3.139089625388998689e-03 4.028024592570336390e-03 3.770527948101165365e-03
3.774240256977617891e-03 3.042415487625803588e-03 3.593262571590069392e-03 2.681761189319978051e-03 3.052435114194932634e-03 2.858562297410355713e-03 3.661604599903285195e-03 3.138475714564787061e-03 3.468920687836978250e-03 3.746076096013541395e-03
3.722741847770144347e-03 2.935511643158732892e-03 3.659601463937157961e-03 2.655887244164076115e-03 2.949521575998025405e-03 2.809103583711192956e-03 3.629734063833401150e-03 3.134260726113021096e-03 3.381580450846103855e-03 3.741731714966494739e-03
3.712978815459245293e-03 3.027770788580103067e-03 3.585531819263720107e-03 2.640517305165913584e-03 2.945103447127693508e-03 3.077370413727238078e-03 3.649420635937954214e-03 3.131118843643431165e-03 3.796630166485983910e-03 3.767640838485389245e-03
3.698845003879230788e-03 2.972223640863136396e-03 3.593804218492200383e-03 2.544670461918985445e-03 2.960186017840723757e-03 2.755371960222582385e-03 3.610111469352746388e-03 3.123408343343285921e-03 3.611692419166729218e-03 3.724553681621662563e-03
3.713627757250754884e-03 2.915083644011441568e-03 3.613159055206761807e-03 2.656981816958806693e-03 2.945076343242803135e-03 2.758526020475166561e-03 3.598264630112229644e-03 3.122161108978915335e-03 3.469233621098477723e-03 3.810981419233855274e-03
3.741200583589753860e-03 2.940545636188689974e-03 3.655189595105774649e-03 4.219089440068943611e-03 2.949510938133651731e-03 3.093962196107787575e-03 3.597457435861972468e-03 3.110913093752705992e-03 3.374043770247703473e-03 3.711731722511026500e-03
3.773176969046436891e-03 2.938196520335184352e-03 3.583044626973700894e-03 2.611593557784935588e-03 3.061520950179221628e-03 2.806323329607657031e-03 3.598142207473740365e-03 3.128019906767407366e-03 3.430180592275793635e-03 3.701680298234101205e-03
3.697034635756557292e-03 2.901149685004312390e-03 3.612061938783891948e-03 2.601207136698353937e-03 2.972942997590476057e-03 2.759356674318107997e-03 3.567881458744403753e-03 3.116543682645449981e-03 3.411158618096210137e-03 3.625361734660540857e-03
3.692175975092880803e-03 2.924506340632149985e-03 3.574167205689517124e-03 2.582455443745954038e-03 2.949285807330009977e-03 2.822515478011594550e-03 3.552526213226019167e-03 3.102047401518982696e-03 3.387681793215979037e-03 3.653271237728671853e-03
3.717661262928779152e-03 2.876033758567847921e-03 3.610329481277608707e-03 2.496201940761859448e-03 2.931561709523427053e-03 2.721118003947844456e-03 3.553021593121487645e-03 3.107673309270366294e-03 3.683023932280535435e-03 3.609461224160551672e-03
3.694677637415084200e-03 2.882888255778823152e-03 3.603319500722868343e-03 3.743052079885238366e-03 2.927901845296731597e-03 2.774429346859141367e-03 3.539995617090798807e-03 3.139447504962011078e-03 3.469346232390802236e-03 3.586525834011641996e-03
3.695925324290059728e-03 2.887698126098785668e-03 3.582089046798032136e-03 2.605743784112376366e-03 2.952717085646379847e-03 2.827687288367070409e-03 3.565116469706874208e-03 3.097670906332945610e-03 3.410229450774130127e-03 3.616162438440854391e-03
3.725233116910157440e-03 2.936705094594123291e-03 3.573739183832059206e-03 2.757883228420876000e-03 2.969002476886983127e-03 3.128666561119079585e-03 3.603133975982643778e-03 3.138554233652273741e-03 3.810469974642905801e-03 3.645960012170432803e-03
3.678273494206270224e-03 2.905548617967238130e-03 3.621398281462992735e-03 2.544335897580534203e-03 2.928608626688043119e-03 3.518121735703119875e-03 3.547246812843741527e-03 3.094961593825571421e-03 3.355095428896402981e-03 3.574571676861211088e-03
3.742253197752830676e-03 2.883256353548397429e-03 3.679531089131666665e-03 2.531899912461530160e-03 2.971232215416477491e-03 2.840320443613314396e-03 3.487395515500197555e-03 3.085503382569652463e-03 3.349454563654787748e-03 3.922833602080288105e-03
3.688234066485732154e-03 2.890781874452998980e-03 3.578701426730135707e-03 2.525477749982917713e-03 2.985771582420838899e-03 2.766417962134318578e-03 3.512902181949503679e-03 3.077996987072540401e-03 3.348453509090894373e-03 3.691897450703646687e-03
3.769320334780005850e-03 2.847851184886907201e-03 3.558073855797646862e-03 3.096776139384878508e-03 2.955273158640535618e-03 3.140939593701512142e-03 3.475290968499945409e-03 3.208723962787754166e-03 3.374085330046433084e-03 3.498456362283248154e-03
3.667496834764465575e-03 2.911445059880858003e-03 3.611919858701723770e-03 2.444940108446607210e-03 2.919948663681569672e-03 2.797126467883887923e-03 3.463612735478336681e-03 3.085413617270734050e-03 3.478552948584965557e-03 3.518922510423472868e-03
3.699484443248627751e-03 2.852367470624411587e-03 3.554496134840917816e-03 2.876414583010564619e-03 3.018440419303888757e-03 2.838099875097305127e-03 3.451493355290151822e-03 3.078030356971965271e-03 3.348690491760743758e-03 3.473434256404668401e-03
3.665971901722408187e-03 2.854944297834881208e-03 3.571743789644264960e-03 2.741761970672695111e-03 2.995888020666451993e-03 2.783653584875479727e-03 3.441439842247329302e-03 3.054548244324505751e-03 3.316062618113166816e-03 3.470773361616136254e-03
3.681470988855162305e-03 2.830678643868113874e-03 3.556446249576383431e-03 2.591374411558042008e-03 3.000153672889977006e-03 2.817019866361069290e-03 3.428194179147122343e-03 3.059201626772636504e-03 3.669551815304203986e-03 3.494129164970450393e-03
3.651338916563526531e-03 2.838832127883294133e-03 3.566386310112532390e-03 2.572164182141859802e-03 2.907921482818079297e-03 2.885884289801133630e-03 3.453244500482565392e-03 3.056966201083717756e-03 3.565088413064233103e-03 3.540300288922219613e-03
3.653908215487474635e-03 3.018882788020257630e-03 3.731482435226004916e-03 2.841142074512090134e-03 2.926052393208612972e-03 2.835466632565761952e-03 3.425268745108805361e-03 3.047644132781180976e-03 3.397368386146649814e-03 3.568552756133239797e-03
3.652143838262412665e-03 2.943026433887815062e-03 3.562608671125816039e-03 3.837663047496968870e-03 2.932918536089949846e-03 2.825482499519882309e-03 3.443603739346042230e-03 3.056770651982241085e-03 3.515699292422251512e-03 3.429687661309731208e-03
3.697486460703558030e-03 2.836581975682231967e-03 3.631822718073725743e-03 2.792194507749458810e-03 3.079062054451068252e-03 2.753067925083636965e-03 3.400317820256731818e-03 3.040027378229141417e-03 3.305958151382320208e-03 3.455420736233785588e-03
3.669057561911373208e-03 2.827448689990077861e-03 3.554396116085657611e-03 2.492183458763827519e-03 2.930872779044351763e-03 2.700894316444547340e-03 3.388168260287247914e-03 3.039360743987435526e-03 4.305133806989496111e-03 3.417817224647201526e-03
3.643179753424578664e-03 2.823823672992778304e-03 3.530495463449141724e-03 2.579770911907579289e-03 2.931524740985265356e-03 3.077511240956891814e-03 3.409432926309888603e-03 3.061746144421124104e-03 3.476513024165948408e-03 3.402052525349565527e-03
3.679753763510248531e-03 2.819103851223253663e-03 3.559566569589340222e-03 2.444530845990746520e-03 2.911891271956906866e-03 3.210071775751366461e-03 3.370507488546768161e-03 3.035348405694431387e-03 3.417007063177590880e-03 3.367387565788721761e-03
3.756360233560312838e-03 2.817975653174134044e-03 3.566453306662901480e-03 2.560554085914352931e-03 3.025571550886585383e-03 2.743548092113856640e-03 3.367511762412319157e-03 3.030879626844827993e-03 3.333141864888616423e-03 3.365368056633044700e-03
3.676983551149064309e-03 2.907696550414763225e-03 3.619520502663646153e-03 2.398906924799846206e-03 2.927059519967414696e-03 2.736142095696584339e-03 3.411196554778862192e-03 3.025433379509715002e-03 3.293884494050733445e-03 3.340422400765241748e-03
3.652179956336056976e-03 2.847141471071796236e-03 3.534240297114533622e-03 2.475046340285650629e-03 2.934121729229225220e-03 2.848617900109406617e-03 3.363206341728298965e-03 3.026381978024835027e-03 3.287430808112185281e-03 3.311791201478050950e-03
3.657815590796840294e-03 2.803241960744687084e-03 3.530119062931364946e-03 2.438807903617581235e-03 3.165710826624500585e-03 2.696337887358021736e-03 3.352245996569924898e-03 3.023527729202052285e-03 3.420111699281105228e-03 3.351583152381989398e-03
3.634279346230692362e-03 2.804092349107795406e-03 3.598979657010294674e-03 2.562688650275343153e-03 2.990069845308202488e-03 2.948630469679464853e-03 3.433180391664423202e-03 3.018594988219510007e-03 3.362634955314843920e-03 3.290905143802204304e-03
3.637537063357735006e-03 2.863878153958619548e-03 3.541015486535931556e-03 2.493268169912465047e-03 3.185290838293814916e-03 2.957874362696054273e-03 3.328335640070590254e-03 3.026532339007141116e-03 3.375680367416294698e-03 3.262810697972534906e-03
3.681117708845713273e-03 2.847620784287403610e-03 3.565135464547122216e-03 2.545489512890431252e-03 2.918952820259915377e-03 2.759374370700768027e-03 3.356378231124840326e-03 3.016801367723274951e-03 4.271961401490589373e-03 3.265684564727284068e-03
3.695322836753237462e-03 3.208572990359401505e-03 3.574659051567034493e-03 2.419638318414406384e-03 2.900557037455656420e-03 2.714504067061826540e-03 3.311906446829920598e-03 3.021345146380979754e-03 3.338716451859441176e-03 3.330288222824423668e-03
3.617585040685867854e-03 2.792318660547094683e-03 3.572310882367486784e-03 2.435950725109765295e-03 3.022617136572727965e-03 2.876474879356844244e-03 3.312841123795549729e-03 3.022819982752335179e-03 3.321799412809078866e-03 3.256965582709262039e-03
3.728092207551195539e-03 2.800189036326151525e-03 3.515708359681731215e-03 2.607990192072904157e-03 2.925888028256623356e-03 2.779743468944264814e-03 3.326469770437393003e-03 3.012173045814680542e-03 3.647993843846816624e-03 3.236019609664311358e-03
3.601505725044326731e-03 2.949958634534084485e-03 3.515177999362882784e-03 2.381697434398345314e-03 3.173108438091954645e-03 2.792584404187576502e-03 3.294454951020238300e-03 3.071751192032580978e-03 3.314950980437569340e-03 3.309443207948749820e-03
3.605436548015951686e-03 2.900148036745227916e-03 3.695430585437316229e-03 2.389884658113232852e-03 3.023707932103695487e-03 2.775626202236044105e-03 3.287693544611533340e-03 2.990918595124467463e-03 3.764678176609621493e-03 3.235700020534246820e-03
3.608455017059201270e-03 2.797698493456637469e-03 3.583250014714686564e-03 3.449320904548246712e-03 2.906416345139787617e-03 3.476865405870756265e-03 3.304404542497253218e-03 3.005118524374297221e-03 3.369770668730505663e-03 3.221259077796038896e-03
3.623551196821695689e-03 2.900571637202104675e-03 3.606770498467041976e-03 2.690035515936827024e-03 2.959693633779565507e-03 2.792281884326138115e-03 3.282183865948868316e-03 2.992213273640493155e-03 3.498665260250068652e-03 3.408682989884987899e-03
3.587309566786156100e-03 2.789086253793368348e-03 3.528093523565497755e-03 2.383488003886031700e-03 2.911082683963862276e-03 2.712698577117818310e-03 3.277130444867569058e-03 2.989463064396953845e-03 3.230841892912858591e-03 3.186469713175277448e-03
3.594719672733614167e-03 2.902410002669269119e-03 3.713133528499646362e-03 2.436904057456689299e-03 2.902042203846717360e-03 2.980593152172652648e-03 3.252760939378279530e-03 3.064952429421068710e-03 3.903151227239079653e-03 3.293169014759279607e-03
3.640789069513292869e-03 2.785239203152622880e-03 3.511381760187984660e-03 2.520185584409996397e-03 2.911603403699683512e-03 2.656584296951905802e-03 3.248882372070350470e-03 2.977512340658018588e-03 3.246343132712575796e-03 3.180213974775586080e-03
3.678911292321977809e-03 2.781664049039822215e-03 3.515036415009677260e-03 2.475246050461876388e-03 2.913385313067622714e-03 3.105102173033354781e-03 3.327823981470190862e-03 2.981659676872071198e-03 3.230426654708014149e-03 3.189501205146281874e-03
3.589680625774617929e-03 2.882590007250232511e-03 3.503913106495757084e-03 2.793566149013462091e-03 2.947681295969973529e-03 2.712190995879775954e-03 3.237746839542251370e-03 2.976650769596684513e-03 3.251199182239142369e-03 3.197495081433830016e-03
3.586882464408986098e-03 2.781936280361970663e-03 3.550801834326286575e-03 2.421124605773333164e-03 2.893870247886109852e-03 2.689858597055415357e-03 3.234337233985102016e-03 2.974038199944466394e-03 3.594975375301883574e-03 3.177698075465778659e-03
3.585215915817349143e-03 2.816525276968402918e-03 3.500696603540959587e-03 2.385435694903996744e-03 2.905554959971063441e-03 2.969975816296179221e-03 3.224377905143716548e-03 2.967498528710752967e-03 3.309487644121716747e-03 3.175656972224985206e-03
3.590123431874363714e-03 2.769739384528146966e-03 3.520449689292651750e-03 2.319652629898371482e-03 2.891487238381859268e-03 2.719913699531270601e-03 3.229286180829841601e-03 2.970425899771556803e-03 3.406102894854861046e-03 3.240342797900021016e-03
3.579386398559896397e-03 2.750499301910201699e-03 3.570843559101666634e-03 2.335977306595526243e-03 2.936128006234174723e-03 2.904613110808833363e-03 3.205233071332165909e-03 3.051243464794755559e-03 3.259469664007732560e-03 3.131070279468416411e-03
3.635229461590576330e-03 2.789563644473918354e-03 3.497430859466963034e-03 2.397155049883306025e-03 2.893983423390731041e-03 2.818482988043834875e-03 3.216834990877746620e-03 2.991870275120520756e-03 3.248048100685816363e-03 3.132469815445064910e-03
3.568195344696820266e-03 2.813442984762788007e-03 3.488862582239251730e-03 2.364326164670334587e-03 2.963792655914360835e-03 2.969939468801326317e-03 3.230241029371099318e-03 3.037045221879073643e-03 3.388608746907940429e-03 3.113311377825066055e-03
3.599826137276366037e-03 2.833145129095954000e-03 3.526485292234946521e-03 3.235535671153059664e-03 2.946021821953384752e-03 2.792131955815810827e-03 3.216195331095305504e-03 2.974178457452169959e-03 3.429858537307812431e-03 3.258416689899920268e-03
3.589891870997995952e-03 2.841330571710469315e-03 3.518188054082836518e-03 2.551751880218944279e-03 3.008606890361967354e-03 2.678827333149898238e-03 3.230789400002758750e-03 2.951271514951012490e-03 3.290551253209119970e-03 3.108932100752479291e-03
3.664680961267764627e-03 2.758034103931079374e-03 3.514597316583226595e-03 2.497848549290821157e-03 2.921293034077687006e-03 2.740834747959978394e-03 3.185835836584554812e-03 2.956892645109370030e-03 3.201677820820384747e-03 3.274899882102823030e-03
3.729602927107874243e-03 2.907482644184425716e-03 3.601799475110728250e-03 2.554016189324302428e-03 2.882790189624271672e-03 2.629980910369319937e-03 3.172395983698944946e-03 2.945099737752717491e-03 3.252796865202717269e-03 3.071144576918722040e-03
3.646127209991109445e-03 2.809933840732832446e-03 3.488062436102736062e-03 2.350916212328935020e-03 3.156662959796669842e-03 2.987387058100076168e-03 3.218080533968106609e-03 2.942867458032331733e-03 3.497051737348656677e-03 3.075388216518103873e-03
3.640173402288397492e-03 2.795987727026665211e-03 3.481635638584591741e-03 2.426283266424603732e-03 3.052796622887369270e-03 2.924575235700254457e-03 3.166081147805650375e-03 2.943235590782846463e-03 3.316730441857848426e-03 3.064801723710616418e-03
3.565525139298256468e-03 2.752220823887993519e-03 3.476499250887471904e-03 2.449469212847576061e-03 2.890950477997521976e-03 2.731601951588412836e-03 3.163035603692559289e-03 2.967844578066125647e-03 3.884311032705289098e-03 3.049627304568059208e-03
3.581825789423459614e-03 2.757104776536256976e-03 3.636039776043438043e-03 2.563635291827745868e-03 3.011838558223562615e-03 2.812709652596182431e-03 3.156376353772541877e-03 2.942714512327798161e-03 3.299781735247231916e-03 3.026399577990855627e-03
3.647547689654497254e-03 2.717399678486720049e-03 3.559003775127218740e-03 2.489943999535956277e-03 2.883661271143262827e-03 2.668152564748593834e-03 3.176590830845053316e-03 2.983358121822408688e-03 3.290271353779093255e-03 3.041493249636063271e-03
3.555953148433029908e-03 2.809060190917655759e-03 3.532228029178510406e-03 2.468570955254509400e-03 2.956861505975874344e-03 3.011787333719361751e-03 3.137168530763984921e-03 2.941944713903368435e-03 3.265206123924646684e-03 3.020413313244649407e-03
3.569930072701464445e-03 2.733334832852293231e-03 3.579755880367941744e-03 2.575209475101836957e-03 2.888324217110465730e-03 2.909905198129795947e-03 3.135598557098352116e-03 2.958208696861021076e-03 3.207420523943370350e-03 3.097277275625447655e-03
3.561802553892643320e-03 2.760087168987998552e-03 3.493563852656259277e-03 2.364218295505603022e-03 2.875623294364575144e-03 2.673510085296993029e-03 3.124419480373525487e-03 2.933019035459683618e-03 3.433582585019873384e-03 3.001908263719281402e-03
3.564929518002732389e-03 2.782842184945751203e-03 3.473388366011241710e-03 2.385804718389779571e-03 2.915802675416379833e-03 3.292524944667974286e-03 3.122349116973502457e-03 2.929135786072739264e-03 3.283668084297764085e-03 3.131050315338960478e-03
3.558618435500045252e-03 2.715797507146213308e-03 3.467225769046506159e-03 2.659315388482104327e-03 2.868175813976048174e-03 2.709789892993846178e-03 3.112612841669184713e-03 2.935199760273796490e-03 3.180530445182669797e-03 3.073412047779128069e-03
3.558705189646503911e-03 2.768788706548826282e-03 3.474946001847079372e-03 2.379094620051233448e-03 2.870001755338343150e-03 2.694549192567246947e-03 3.135653115026261917e-03 2.935955843104331650e-03 3.157234895384936849e-03 3.031582295831969278e-03
3.595025730061012035e-03 2.715522379260090508e-03 3.497584544077709297e-03 2.272845670393393476e-03 2.900365335977146079e-03 2.913829596374324215e-03 3.106976949630478428e-03 2.923632625807187548e-03 3.235706468408617534e-03 3.020978098934994430e-03
3.699743768640697660e-03 2.681434127333977898e-03 3.461656907696868211e-03 2.587396217778660610e-03 2.900836384628565062e-03 2.630199213397152978e-03 3.137704595748233138e-03 2.926437918445023208e-03 3.875722018571851803e-03 2.982389817855299330e-03
3.579223495631337487e-03 2.783759030012880002e-03 3.571600429238738165e-03 2.469239236364567918e-03 2.905241076405021012e-03 2.688384301799628517e-03 3.097273985199752722e-03 2.942806462487675394e-03 3.299413781520914996e-03 2.981947413189371589e-03
3.562927402105299166e-03 2.716736498875162078e-03 3.469314847240346274e-03 2.510808893489911622e-03 2.887987378384195784e-03 2.683131108677285544e-03 3.114770961903194028e-03 2.932217376624102114e-03 3.387182153498714474e-03 2.962045888220766424e-03
3.556766203169532247e-03 2.692367049544907437e-03 3.479973760061893118e-03 2.437541112912145012e-03 2.874507963096886633e-03 2.752758256147697785e-03 3.081676222165354462e-03 2.921869944486105326e-03 3.354115040134215790e-03 2.984719902978664324e-03
3.561585568899478665e-03 2.677473048452960053e-03 3.543634224783099185e-03 2.343030717576411338e-03 2.876721458894044778e-03 2.629273502348393032e-03 3.073588203272684637e-03 2.922658057927141669e-03 3.167865434360735057e-03 2.973824669833956009e-03
3.593220536869114537e-03 2.692707071088052458e-03 3.487091070884900702e-03 2.591184002329644572e-03 2.861505980977551659e-03 2.672589275610496619e-03 3.125607696241010022e-03 2.937512547303497423e-03 3.245685693349916433e-03 2.953965636061510556e-03
3.571832962650274643e-03 2.731254717296065660e-03 3.450972319188965690e-03 2.349483592974841838e-03 3.120166800298724598e-03 3.050291506945861271e-03 3.092150341599098941e-03 2.965275689857585842e-03 3.314523834861617547e-03 3.111985778608544664e-03
3.547005005649651529e-03 2.710346869547529663e-03 3.471561512954082166e-03 2.367101971701625340e-03 2.918791370998728707e-03 2.813046993511333568e-03 3.110749915648823583e-03 2.918358297106429973e-03 3.424067006462178705e-03 2.980412895147040685e-03
3.646176592855056818e-03 2.720193169592091762e-03 3.447986645902053303e-03 2.494680155096969977e-03 2.869989544581232847e-03 2.808480187303212354e-03 3.060310825088726188e-03 2.914008160462119336e-03 3.220452423526838984e-03 2.998445917681884232e-03
3.544902643999551985e-03 2.700312076127143503e-03 3.452432804388500757e-03 2.329668480934378710e-03 2.885404204211042007e-03 2.608014504053106624e-03 3.071526850880601858e-03 2.925354370806189808e-03 3.457248494387593803e-03 2.935605057648804118e-03
3.546972454133697460e-03 2.679959072638066122e-03 3.486466221109668900e-03 2.265055337247106736e-03 2.887075068782848572e-03 2.603844656037421126e-03 3.183104038768671401e-03 2.907973136048448877e-03 6.590313688636942162e-03 2.901155166279112321e-03
3.556946095115766458e-03 2.721695010547936760e-03 3.522024195947753584e-03 3.191434938865480957e-03 2.865682751465510516e-03 2.690707755604232476e-03 3.043189434669150897e-03 2.911676582251397031e-03 3.277140126563952462e-03 2.905273795925193692e-03
3.555527574503209495e-03 2.681141133008244776e-03 3.442234049590895805e-03 2.489350698721070568e-03 2.898714482531465457e-03 2.652518436087528478e-03 3.091911729088807261e-03 2.909234998956584679e-03 3.318144356613868078e-03 2.890908367630887731e-03
3.567466567726441419e-03 2.743721749872445135e-03 3.442331466410694651e-03 2.564626909832521361e-03 2.872176072796809101e-03 2.735738572316582726e-03 3.037681349675559750e-03 2.903567530389650295e-03 3.209449511269032388e-03 2.906321268073502103e-03
3.554674538603061745e-03 2.689366766470359296e-03 3.450856015931133558e-03 2.586599774246728985e-03 3.009627679815410524e-03 2.674409776802502952e-03 3.041165048817376978e-03 2.906136431173764797e-03 3.286001022852869970e-03 2.898538161860898799e-03
3.541791961536825718e-03 2.684464696066847511e-03 3.435044988114880661e-03 2.610016104164264179e-03 2.888893850109193126e-03 3.343125089547673272e-03 3.033979286603835732e-03 2.899115289142591232e-03 3.958451705097837739e-03 2.978995368644237873e-03
3.539337311160234770e-03 2.670948907072989882e-03 3.441523066066418546e-03 2.345570868052144001e-03 2.986639509913140925e-03 2.742779038584070277e-03 3.021569225160033838e-03 2.902493442641041789e-03 3.501518458341932455e-03 2.884482930252676384e-03
3.544713525957632165e-03 2.690252193023998008e-03 3.442721693758515628e-03 2.261183072669842743e-03 3.150943869990382919e-03 2.602482149459150063e-03 3.049129838763173748e-03 2.893840917747909740e-03 3.152070325507324959e-03 2.970082192121571880e-03
3.531688503914403102e-03 2.941729027810259869e-03 3.429077479499015139e-03 3.886155984530535734e-03 2.948849471447912308e-03 2.619141205563057639e-03 3.014258727570182182e-03 2.910049360595353980e-03 3.582028614404621485e-03 2.900656730000829471e-03
3.543229840316011823e-03 2.768479976233163657e-03 3.431936180632945681e-03 2.383570185595389971e-03 2.930789757493329831e-03 2.629016481896011889e-03 3.035503457850012403e-03 2.900221495628403905e-03 3.295547622709994046e-03 2.933938237855962874e-03
3.528789937765528482e-03 2.678014987149444047e-03 3.424416954287742149e-03 2.339921962604559445e-03 3.011147610632870699e-03 2.687386217210173834e-03 3.044717073136019112e-03 2.900989434946525062e-03 3.404281886287380179e-03 3.071784673228729421e-03
3.549237193404053414e-03 2.763010433847963403e-03 3.448662752819191876e-03 3.073243914153550409e-03 2.933277294251678772e-03 2.810511665255890218e-03 3.078084954600770421e-03 2.933395222438395494e-03 3.216160041659329658e-03 2.903498515923478868e-03
3.532999600916371559e-03 2.661299245200481230e-03 3.438804220117289145e-03 2.488377850684102537e-03 2.863160834651272586e-03 2.623034721005257450e-03 3.009394089428446724e-03 2.884208784178290963e-03 3.469273507583406010e-03 2.865919680015059645e-03
