6.313260988001183349e-02 3.575697782065362373e-02 7.056273856776963671e-02 6.127944148000566416e-02 6.126299759386832217e-02 6.000590377819926130e-02 4.524346421299837995e-02 6.257570394454248230e-02 6.094978777640419620e-02 6.362291092807541293e-02
5.724279262117688144e-02 2.403734003700393543e-02 5.911375921364929453e-02 5.107091449608095607e-02 5.547066457379103144e-02 5.329469761815472384e-02 3.438739387578784723e-02 5.589026153071744579e-02 4.931864441986300723e-02 5.837146716704141869e-02
5.044429808941884585e-02 1.826497624916068041e-02 5.221641129357443983e-02 4.561207716307287552e-02 5.231650114575090577e-02 4.644675541252281381e-02 2.582326996020160512e-02 5.301797234752585186e-02 3.432252984163968595e-02 5.591726941351447822e-02
3.925449252605133638e-02 1.498789929417033637e-02 4.641365792727927125e-02 4.191437027063144721e-02 4.946326314309544558e-02 3.922109297266716116e-02 1.971475127829877549e-02 5.014764731620729304e-02 2.056865903200652546e-02 5.380657133767815375e-02
2.938625909112010590e-02 1.338804324901702106e-02 3.954610830783726605e-02 3.815088168427482884e-02 4.628638038350867817e-02 3.371229138766689698e-02 1.566849209680822030e-02 4.511903950211462733e-02 1.403170432333231826e-02 5.115386070134783636e-02
2.191297356887901213e-02 1.202142114749030211e-02 3.173336138122227756e-02 3.556189370407214501e-02 4.255906908160544955e-02 2.907528307337881382e-02 1.322897320324240011e-02 3.705766899619744592e-02 1.110465151183587761e-02 4.775325290210331169e-02
1.652996803170294834e-02 1.084958702533694169e-02 2.550679481180143093e-02 3.012223298884019948e-02 3.791686524529259278e-02 2.473985714255556162e-02 1.169647779683746260e-02 2.704539982290922809e-02 9.735845855837482396e-03 4.377678034690772602e-02
1.333306857832645617e-02 9.977008505014305431e-03 1.956032992867830916e-02 2.650199261007907953e-02 3.246381453223035757e-02 2.014691684946119318e-02 1.080363763087557015e-02 2.017683183552979390e-02 8.743805717531307267e-03 3.928675596430457329e-02
1.122961576001292767e-02 9.287172954461443697e-03 1.616709850580965585e-02 2.371389068255591592e-02 2.709711460864724919e-02 1.690578757814847899e-02 1.003930374581227941e-02 1.658687835009422032e-02 8.114420388307778953e-03 3.461294938650832931e-02
9.985725828007574814e-03 8.655542934314348555e-03 1.405729517776253823e-02 2.109614899950913378e-02 2.306341294645143994e-02 1.428323289911207807e-02 9.485580435545461209e-03 1.443464603467472900e-02 7.609173085385107296e-03 2.958008109023354051e-02
9.903930436211957206e-03 8.145317829404126117e-03 1.268602496249676866e-02 1.932594061264480620e-02 2.050887718668934628e-02 1.282597945590153825e-02 9.139655489256432244e-03 1.311501858848300277e-02 7.214249947566667327e-03 2.465260837047904274e-02
9.077807515782293848e-03 7.585598593981137533e-03 1.163237444745197045e-02 1.805122913309187282e-02 1.873377248099306752e-02 1.188659525931818131e-02 8.784379681140062901e-03 1.211875597557193936e-02 6.852616367233875863e-03 2.060261954032406931e-02
8.723898661315166586e-03 7.259641549954088183e-03 1.082151272119247047e-02 1.652028518014906147e-02 1.761576896846899290e-02 1.121847391508962871e-02 8.613332171132052559e-03 1.128137444318315190e-02 6.572051581225001916e-03 1.715371895538193511e-02
8.084135883459514851e-03 6.933718817923888514e-03 1.011548168053695747e-02 1.595520733276695538e-02 1.658255431532643445e-02 1.072534483329870558e-02 8.367040719295308279e-03 1.067009679748729713e-02 6.362990727471366792e-03 1.490933428880741873e-02
8.383811355603110888e-03 6.682059650783455512e-03 9.661974474403502849e-03 1.485183447838850541e-02 1.606517239248061307e-02 1.029374283224926932e-02 8.324786359432559055e-03 1.012002283148278649e-02 6.208605155862986433e-03 1.323310216012215344e-02
7.478941700375075011e-03 6.428710536924314711e-03 9.224182554866514755e-03 1.441139102820669995e-02 1.505381405232194582e-02 9.898807674243883734e-03 7.905161581410179508e-03 9.515706483413167646e-03 5.975511355472692271e-03 1.214806531647377209e-02
7.146140924928252522e-03 6.254345156252401339e-03 8.913901882333957749e-03 1.404709000530012138e-02 1.443158429153884419e-02 9.613968781330670815e-03 7.739738162995148975e-03 9.205642489339653858e-03 5.804530876604960081e-03 1.125332186096611800e-02
6.791868248911336371e-03 6.087524583517562801e-03 8.632999690988027788e-03 1.422037628326641885e-02 1.382957938616929949e-02 9.257835892285692231e-03 7.427365910180436237e-03 8.770276595568188976e-03 5.662941455868801370e-03 1.059929373939690229e-02
6.664319917581209077e-03 5.985630944800098864e-03 8.382885775317136523e-03 1.303474240002986707e-02 1.344156173808402736e-02 9.046930946805274709e-03 7.290839619413611895e-03 8.276473484089712229e-03 5.521459281350828315e-03 1.000413543697339924e-02
6.694429925982583150e-03 5.717733001502359018e-03 8.150569382220451339e-03 1.266775362480571619e-02 1.325947110220984486e-02 8.781420055567550412e-03 7.162773647987974793e-03 7.937217408287558160e-03 5.426430500940478650e-03 9.529602747383026859e-03
6.829033663012640427e-03 5.595029903125927837e-03 7.987543913358898656e-03 1.238012952951102197e-02 1.238767985510386312e-02 8.588013831996121547e-03 7.137555353329299267e-03 7.666010398692649219e-03 5.344238504280047694e-03 9.034273175961990421e-03
6.383676404746871022e-03 5.454392861831993539e-03 7.753850328412626586e-03 1.214235300221039315e-02 1.196859643032257420e-02 8.521612138161306638e-03 7.056746234439614449e-03 7.256581955681318599e-03 5.208220934353751871e-03 8.661971822670056290e-03
7.435619305433193577e-03 5.339607357548714281e-03 7.610794729827103852e-03 1.237115711012718583e-02 1.164412147571195974e-02 8.291542070650033402e-03 6.907015160320481573e-03 7.063548081690342213e-03 5.137833945979546069e-03 8.221789797423223120e-03
6.033902837735866630e-03 5.297563510899267261e-03 7.405584391438789146e-03 1.194126582489091377e-02 1.117041755157300621e-02 8.036578360996428014e-03 6.841181854168497216e-03 6.768275939272753138e-03 5.032468541739461461e-03 7.944767122404139056e-03
5.745074855771249191e-03 5.144325098711778274e-03 7.255417001891525247e-03 1.128395598167789352e-02 1.078863721143826816e-02 7.945373373450258930e-03 7.299167648910354772e-03 6.456606668684457782e-03 4.956922392352237396e-03 7.629468387111743195e-03
5.663878852735016942e-03 5.163138870557566415e-03 7.401328778114204567e-03 1.109522630674130740e-02 1.054384678842175231e-02 7.743937538562068422e-03 6.642862643379426370e-03 6.283039132070318902e-03 4.947809745312466319e-03 7.436726102870084253e-03
5.482484974937642044e-03 4.991376750165994053e-03 6.926883961591069790e-03 1.082385031187834377e-02 1.016486111613855436e-02 7.591815696236406223e-03 6.584484523075068325e-03 6.053832156585449778e-03 4.838578802450901363e-03 7.214877956351853361e-03
5.614615217099238643e-03 4.858428408262317755e-03 6.785129763099717083e-03 1.058057953448034508e-02 1.017206057863699782e-02 7.489308817648269480e-03 6.747538250023958975e-03 5.853357312109204805e-03 4.783783376239972990e-03 6.834564348847110490e-03
5.462011619630411340e-03 4.884315504754255938e-03 6.648859811771019347e-03 1.033518943035703283e-02 9.577908885590383573e-03 7.399205871371476555e-03 6.834998771706859121e-03 5.670475827847848774e-03 4.734105297912586698e-03 6.644781563667951502e-03
5.240377861912494557e-03 4.750415911976687763e-03 6.509838547101538982e-03 1.043427937149478922e-02 9.344845182087708688e-03 7.236020525396896254e-03 6.422309850527277257e-03 5.636319482125926733e-03 4.680549845663298930e-03 6.420756545114881739e-03
6.193026932004661728e-03 4.633231097474031258e-03 6.420036868277047108e-03 1.012401241980640659e-02 9.086642555297463203e-03 7.215240329890564019e-03 6.366114977369749343e-03 5.394111464205477921e-03 4.636950340772729405e-03 6.345863611837061248e-03
5.131151950243257806e-03 4.603678809381517474e-03 6.261999784832769818e-03 1.009038367936845523e-02 8.694148415948763781e-03 7.117226696148642139e-03 6.285520013178603344e-03 5.327230181353620996e-03 4.588539552205649248e-03 6.277382002402964734e-03
4.947731834168382289e-03 4.551203361590565842e-03 6.135998681595354956e-03 9.512073759431602035e-03 8.948722104590994819e-03 6.956594383063344038e-03 6.177838294120619085e-03 5.137826018747058444e-03 4.537257477899033983e-03 5.853148897245944067e-03
7.115752711917049979e-03 4.625178289004723553e-03 6.066855739375197690e-03 9.348964123766180870e-03 8.230022748827616266e-03 6.894458774244703950e-03 6.127332059295083691e-03 4.999566832359281753e-03 4.501729263991076715e-03 5.719657108963261544e-03
5.183134605005445747e-03 4.536224015346751806e-03 5.979620487148649272e-03 8.835331285763740883e-03 7.933852382219497290e-03 6.756265290906455188e-03 6.008241064667178832e-03 4.858567295189085249e-03 4.512371835099106450e-03 5.542229154368752235e-03
5.126704508200460170e-03 4.361678851436056985e-03 5.847113605079369558e-03 8.655816908941864687e-03 7.752960163247627802e-03 6.749084882660200818e-03 6.188957512235810331e-03 5.038848898686690454e-03 4.449391011061416129e-03 5.342917812516429985e-03
5.060236241691929565e-03 4.310958471450067504e-03 5.763734391484369619e-03 8.543964521124210870e-03 7.492116251063577967e-03 6.653161737783311325e-03 6.154131248067983874e-03 4.767815669293441749e-03 4.401512450163215517e-03 5.227821110586601192e-03
5.587694717033044739e-03 4.520160720110082304e-03 5.681960316625857266e-03 8.083618719920819887e-03 7.263770592913016549e-03 6.494650588387775383e-03 5.934354199393527922e-03 4.684418463343658669e-03 4.409896219307274552e-03 5.098748431551666099e-03
5.180053539805143728e-03 4.235220127363481350e-03 5.792787037643834860e-03 8.350369556242893607e-03 7.174708250592924143e-03 6.416450941285835492e-03 6.002974800477797225e-03 4.506033477806765074e-03 4.427593986422898725e-03 4.992921446828908066e-03
4.796684182540418388e-03 4.242179351105379581e-03 5.539772828147785690e-03 7.543913892008409158e-03 6.870508929065794780e-03 6.412283000765857388e-03 5.652111439148847956e-03 4.377803132436942912e-03 4.331152426830405661e-03 4.886976217230289653e-03
5.821208372855873371e-03 4.195299482083852428e-03 5.440558369831356364e-03 7.305520119270834771e-03 6.957677411982038547e-03 6.388124431871301974e-03 5.669215560880530407e-03 4.500732930083312794e-03 4.257878765194201935e-03 4.831800841256013446e-03
5.487061349315397463e-03 4.104921161569200817e-03 5.344496996852437197e-03 7.094006730463707673e-03 6.817514638478298222e-03 6.269823044739324981e-03 5.726822375220162568e-03 4.262863595673850939e-03 4.261960967292421909e-03 4.717647028643911188e-03
5.932154045649634493e-03 4.067561691825343460e-03 5.348786762977651883e-03 6.867083028037192748e-03 6.312531237329870731e-03 6.180555805993956375e-03 5.524137598071627957e-03 4.139280833181260486e-03 4.216141345479870045e-03 4.650137456706557489e-03
7.564656092452352529e-03 4.208311191758688959e-03 5.279211753087488003e-03 6.610946677390658680e-03 6.209880675053793334e-03 6.092332410624823856e-03 5.497131484478674779e-03 4.098798169289284699e-03 4.200689048288990500e-03 4.834000745462811895e-03
4.533925182485881722e-03 4.016106155042944818e-03 5.169487571039463499e-03 6.905901771838356996e-03 6.015412528974754987e-03 6.029140285287212797e-03 5.416563251847962730e-03 4.040812365831482691e-03 4.172581065380973064e-03 4.505235577181739698e-03
4.664281171490568430e-03 4.089610146582325738e-03 5.141951745158975830e-03 6.199406599341743089e-03 5.991188633718775962e-03 5.971212597795954279e-03 5.339318434361985631e-03 4.226846066223553799e-03 4.154647996856276372e-03 4.485321483811911987e-03
4.468906793954243416e-03 3.975721009101747770e-03 5.016312113031000559e-03 5.919678226052548474e-03 6.092386373605806864e-03 5.948798359481179132e-03 5.254844575272529100e-03 4.048659676484288317e-03 4.129401838336229855e-03 4.445766918346889286e-03
4.440420241605074099e-03 3.915640893736130855e-03 4.932677260110249207e-03 5.682385678758114685e-03 5.633093452890919686e-03 5.855730568316948152e-03 5.133376842579411882e-03 3.860518942250016142e-03 4.126924207288095239e-03 4.363591063880524999e-03
4.585631021592758566e-03 3.888119505880065045e-03 4.898333127624282177e-03 5.542480926296648562e-03 5.547348045444104765e-03 5.812893385902602808e-03 5.389744140702854881e-03 3.893572862652123004e-03 4.085602090665004828e-03 4.475694391427633909e-03
4.453815119868702495e-03 3.847472674044555199e-03 4.791412739278894280e-03 5.083807107229707835e-03 5.289282393055841532e-03 5.737381438117062325e-03 5.061360410033486322e-03 3.872373790018053714e-03 4.090371479463610072e-03 4.214828698885253813e-03
5.327528742375979912e-03 3.819150252662236941e-03 4.726419010615574325e-03 4.995462799919025976e-03 6.138592743729584002e-03 5.715711751153268981e-03 5.053998071838605027e-03 3.855567365743090610e-03 4.041193932526495475e-03 4.304613163033474410e-03
5.107021032343155714e-03 3.936503708906203755e-03 4.668839696296592581e-03 4.603043307931686465e-03 5.151849601487288807e-03 5.701750984413144971e-03 4.956641420141554705e-03 3.698128192542940972e-03 4.023205475220996419e-03 4.147238615927989307e-03
4.364164995164131894e-03 3.809545532522411269e-03 4.624801984528316076e-03 4.586992694452232504e-03 5.294951300241230313e-03 5.629878444450153382e-03 4.883950698534325618e-03 3.892110234473771403e-03 4.013995011218299963e-03 4.084409202336016648e-03
4.227400042336179782e-03 3.754693597265104481e-03 4.624939316039974359e-03 4.182897845310392521e-03 5.478190357401178066e-03 5.600038788506726817e-03 4.806564682695063824e-03 3.640816760457557446e-03 3.987935654311621121e-03 4.042517959318873283e-03
4.334400852138617019e-03 3.728620157938192670e-03 4.500696710321779037e-03 4.055635195366825291e-03 5.103082917390451036e-03 5.632280204875789002e-03 4.970461956677299682e-03 3.560889108637000245e-03 3.947275259776191966e-03 4.007971925773384965e-03
5.327428553891757484e-03 3.784437706394998789e-03 4.474236532428258958e-03 4.509230307530187436e-03 4.798951921916297728e-03 5.555910488586447184e-03 5.001683290554938439e-03 3.738858434204649951e-03 3.951001820643885304e-03 4.078827860599576124e-03
4.162446420981617823e-03 3.708351250956466467e-03 4.462174365301978946e-03 3.863840522807143827e-03 6.019297921133329177e-03 5.558273480861943006e-03 4.681791809296529348e-03 4.131598248583249686e-03 3.900637106147475126e-03 3.968165430692224133e-03
4.185954140587739777e-03 3.677971596484343620e-03 4.361601392079043384e-03 3.883235943221449368e-03 4.578959056510540672e-03 5.432650109100712645e-03 4.768951094239374557e-03 3.610890164882926603e-03 3.905333145229199308e-03 3.904490393601365954e-03
4.292160086753948368e-03 3.714455600606661814e-03 4.303773873003636716e-03 3.815745120048345991e-03 4.592275518286450912e-03 5.448821158447149024e-03 4.601360519002199376e-03 3.607992773513299389e-03 3.857816008416889170e-03 4.003899502483670124e-03
4.276950012538153524e-03 3.706308194763958605e-03 4.239939005712211814e-03 3.795618230397368453e-03 5.392767302691734224e-03 5.337200783104995190e-03 4.661833753295571529e-03 3.504663407202708494e-03 3.900469224213425762e-03 3.851108401005387104e-03
5.571907972947669554e-03 3.689302399415806625e-03 4.197493753436152067e-03 3.841911304455550551e-03 4.493576137927138454e-03 5.317909667756609560e-03 4.457777413939083971e-03 3.442035936997835197e-03 3.856460192171029012e-03 3.814070208999584700e-03
4.761458041697398669e-03 3.611235500477640633e-03 4.231998741339278863e-03 4.367840441102604533e-03 6.214429646680037257e-03 5.268155025136981966e-03 4.647759830089671917e-03 3.374982359272448492e-03 3.833849603334800373e-03 3.783553806293128447e-03
4.026626421653758080e-03 3.583262742679956848e-03 4.194509433563550424e-03 4.138763504464190203e-03 4.595359970595663986e-03 5.222769238235782166e-03 4.379317380882788609e-03 3.767110724848604913e-03 3.803784241212782111e-03 3.787667102277815327e-03
4.975027394357229085e-03 3.559935622126506743e-03 4.073402559563030732e-03 3.658835721663117758e-03 4.401742514167093605e-03 5.217756988437505065e-03 4.441425897834434117e-03 3.290236445645943093e-03 3.797307909337022547e-03 3.744482337748835776e-03
4.240548781562116475e-03 3.557309195826998532e-03 4.061946532113726652e-03 3.811946988279434068e-03 4.447136777057805225e-03 5.371405013172691340e-03 4.248435227162910069e-03 4.025990099161280006e-03 3.764312679277519343e-03 3.711046608363233017e-03
3.977307412435622351e-03 3.540582016040575569e-03 4.000063534078979709e-03 3.549540684084054060e-03 4.307167834150375275e-03 5.160009007660802671e-03 4.339095761959824507e-03 3.240861473142323760e-03 3.784604736821467127e-03 3.691603639831162343e-03
5.809400287629952996e-03 3.526050714245679719e-03 3.993759337345430607e-03 3.537801906986940553e-03 4.271715271658478412e-03 5.082385913728859964e-03 4.187739708046092461e-03 3.476153217699969218e-03 3.726932130855431166e-03 3.808479366136222066e-03
4.282840440459543402e-03 3.706121096886090451e-03 3.937528543793946539e-03 3.958912063920707464e-03 4.293293483974314727e-03 5.042765144060322099e-03 4.205571389836210150e-03 3.191556186535347839e-03 3.728102442647382355e-03 3.640654117715779944e-03
3.918131267594550729e-03 3.501941051659594739e-03 3.897323104550806227e-03 3.709316753943668176e-03 6.324304774180179375e-03 5.091547887582342780e-03 4.263979442441686793e-03 3.197653204539302550e-03 3.716680027017800741e-03 3.646597118712375119e-03
4.515104331580017602e-03 3.492753616260791446e-03 3.872809410568577460e-03 3.724589763951873488e-03 4.226803623873514812e-03 4.977808280271587421e-03 4.185202894563073636e-03 3.381927305499240772e-03 3.721355439268732475e-03 3.618747718460247308e-03
4.830122050030926512e-03 3.506489195403998758e-03 3.855840300887687731e-03 3.946350015528446095e-03 5.072190342129828666e-03 4.956231759440943470e-03 4.166321929128352121e-03 3.212732732014644040e-03 3.678242795639233287e-03 3.579207903456765177e-03
5.218236793328469986e-03 3.485042013917609080e-03 3.824240317650242933e-03 3.458829231737950080e-03 4.272599807621253916e-03 4.892436613289961357e-03 4.060590549527380404e-03 3.593978162971946978e-03 3.677982465287561731e-03 3.591358984642978487e-03
4.712117884525369657e-03 3.586932391828065361e-03 3.802219595516518821e-03 3.467750391906242180e-03 5.545632608503932130e-03 4.989466172198493872e-03 4.155355758529715067e-03 3.772328647288829447e-03 3.677784845956196501e-03 3.558154314607042245e-03
4.796004934931565739e-03 3.555709573598336143e-03 3.778318308875069313e-03 3.531413521375762615e-03 1.131109393849373014e-02 4.828283187368981495e-03 3.962306597038139054e-03 3.862356674152524552e-03 3.647445550959345882e-03 3.597373700112380026e-03
3.940761280645071508e-03 3.437326434973797095e-03 3.755769223297423468e-03 3.601145412514939349e-03 6.488826657797791553e-03 4.928652254037708784e-03 3.902014124811053510e-03 3.328840360718845863e-03 3.632774491391947604e-03 3.571846581486497890e-03
4.256777370542906037e-03 3.419765811558538211e-03 3.735262390555158570e-03 3.439214726132493009e-03 4.749997741548283442e-03 4.761860665361983096e-03 3.916489821381908230e-03 3.040935939711394888e-03 3.646550000517888822e-03 3.516373046975653990e-03
3.842401943662761277e-03 3.484360491406911838e-03 3.758740686192817409e-03 3.540401642687134726e-03 4.650372444677967031e-03 4.725110687182289618e-03 3.884637983841386644e-03 3.065262373426897932e-03 3.637183668346097645e-03 3.473144309329157398e-03
4.783465022348573278e-03 3.413500744705832025e-03 3.686715825804471377e-03 3.414265756636175250e-03 3.967752297885480776e-03 4.712260931626113293e-03 3.858612714135328976e-03 3.053029027622774366e-03 3.606581337880660713e-03 3.514028771617909962e-03
4.435450011908393178e-03 3.394671290159008946e-03 3.667352319905917753e-03 3.638156905024482034e-03 3.968448034462693404e-03 4.653605930744850010e-03 3.832282099185454777e-03 3.167716966566543058e-03 3.588074300785629601e-03 3.440127159214183359e-03
4.466796896661807612e-03 3.376491728000498120e-03 3.656133828478777114e-03 3.553745180364805203e-03 4.138505109626992168e-03 4.653403066636070326e-03 3.751612103437041573e-03 4.039671233000700218e-03 3.609774494673435082e-03 3.428547731271405080e-03
5.290576288755472617e-03 3.385570078902367785e-03 3.618882932301829836e-03 4.381076855150585134e-03 4.392892972993118171e-03 4.634836737894322718e-03 3.783603859692728864e-03 2.982585441688054891e-03 3.580972637320128937e-03 3.514080712297342791e-03
3.803889568781888310e-03 3.369043612537280831e-03 3.607776224874709604e-03 3.403576419663784797e-03 7.705230827884340487e-03 4.566761251843444447e-03 3.763569960492852817e-03 3.318649040751899589e-03 3.589999875307967568e-03 3.406213350243987841e-03
4.092856300837970605e-03 3.353542805908128581e-03 3.619283468823659197e-03 3.421908488926015107e-03 3.904371169946541011e-03 4.513288102683045075e-03 3.665554574799151540e-03 2.992897878546670314e-03 3.537295327056278089e-03 3.397068692696081534e-03
4.256785326460580700e-03 3.341315798625003886e-03 3.783226460825546769e-03 3.363531694947636663e-03 4.095814966402239188e-03 4.535749961794378893e-03 3.636649904352697808e-03 3.145187206272029214e-03 3.560033814614174501e-03 3.410723071034608804e-03
3.860998707925156898e-03 3.421500308619481161e-03 3.560962248794655432e-03 3.333524266410454497e-03 3.925297552929238321e-03 4.453427703238824198e-03 3.714728190234918570e-03 2.929051214690326938e-03 3.520138875025365446e-03 3.371085585603143028e-03
3.759654869724702274e-03 3.318688892768375479e-03 3.556945872568543186e-03 4.334806240064680884e-03 3.801825065148019354e-03 4.628165582250245470e-03 3.655068870214605269e-03 2.931834308097335320e-03 3.512252278451451128e-03 3.451704127191006308e-03
4.074926027514532735e-03 3.368169791366997391e-03 3.574059119817951657e-03 3.971636425325449082e-03 5.163041596556762480e-03 4.398739341225243842e-03 3.712930921317280850e-03 2.943983840001716465e-03 3.516415532614268393e-03 3.333110638842463978e-03
3.689844287984659407e-03 3.305474608245580724e-03 3.523783480388700557e-03 3.349920457634770511e-03 4.213744287363437903e-03 4.371212487629551509e-03 3.595861356499910864e-03 2.996915252417161127e-03 3.489784480269777188e-03 3.379888807633159731e-03
4.147602157728947324e-03 3.298370094083055704e-03 3.530692187143960690e-03 3.316849793922790543e-03 1.009247450756200516e-02 4.315254313758730940e-03 3.723662857125855947e-03 2.986656554639425826e-03 3.493189275315423080e-03 3.347130861470847159e-03
4.304686721630601037e-03 3.402817128239848683e-03 3.525449881986534965e-03 3.306696474500781576e-03 3.957087022938159809e-03 4.315321343756802104e-03 3.615320313436333304e-03 3.106265392109990291e-03 3.474302221386787667e-03 3.310828382345171184e-03
4.308586419491722275e-03 3.283826038329021486e-03 3.514931924851590062e-03 3.336384470235756114e-03 4.040771962516772307e-03 4.261771887641751036e-03 3.461744470919137558e-03 4.486429519616106330e-03 3.470680976022548665e-03 3.298208144110280522e-03
4.070310664470975365e-03 3.280937781450325285e-03 3.463910757974740864e-03 3.455911175666397106e-03 1.181798439878668783e-02 4.356014041436040429e-03 3.502141801354227181e-03 3.458902338529404406e-03 3.471089121163876794e-03 3.317048328637798357e-03
4.019050076689722854e-03 3.261404902377843754e-03 3.452190371855388441e-03 3.358127167459080270e-03 3.787814626420944655e-03 4.234143187314041122e-03 3.596053981994372633e-03 2.853952808437996112e-03 3.445412921330427876e-03 3.304848681359719934e-03
3.765417618964477398e-03 3.261565352452315721e-03 3.444432637627732174e-03 3.282949855465695527e-03 5.237001749896308921e-03 4.177470578330053953e-03 3.479560299904511413e-03 3.075650106912488496e-03 3.445890030980184194e-03 3.300294765602585726e-03
3.689995209725081653e-03 3.260652599924065021e-03 3.435786154461723928e-03 3.376200660064643342e-03 5.118016281208949761e-03 4.150845090870282882e-03 3.501235520366192087e-03 3.082349166967223320e-03 3.422437102866598014e-03 3.270921342752645261e-03
4.684577330593629393e-03 3.262240441432754084e-03 3.478535211157067139e-03 3.263383930413840932e-03 3.854035737706031691e-03 4.100510472488899487e-03 3.439537407264815945e-03 3.296548957724923078e-03 3.418916190109760108e-03 3.267778685627358969e-03
3.653873823150793811e-03 3.240912712605366949e-03 3.409870247807694245e-03 3.329876275234437948e-03 6.204199182937730588e-03 4.101458177610867520e-03 3.366739328358323707e-03 2.805044986968259317e-03 3.452247306303469002e-03 3.281824718226477016e-03
3.702953770441858462e-03 3.295508181212761321e-03 3.388631019911119650e-03 3.384221359819053650e-03 4.680340761696729843e-03 4.066972181172911170e-03 3.598204944724977747e-03 2.811797858503496152e-03 3.405398799654017501e-03 3.241396867184207810e-03
5.014672142589797141e-03 3.237726754899051922e-03 3.399600996230532114e-03 3.255087608739759813e-03 3.687270661176618100e-03 4.016008375375202007e-03 3.425439975923265986e-03 2.988761855411107768e-03 3.408775703185655710e-03 3.249987612737065268e-03
3.782081904175864893e-03 3.257054292920123165e-03 3.557270019931134831e-03 3.216675648733883022e-03 4.098489965815529414e-03 3.980540309028787228e-03 3.329515696741094846e-03 3.081324841749570956e-03 3.401906581425519823e-03 3.241575882103763743e-03
5.984543200384716786e-03 3.251707774897637758e-03 3.363598443646214145e-03 3.319345095700280187e-03 3.882806441036186669e-03 3.928868023488744227e-03 3.321228985639841733e-03 2.807579766206216680e-03 3.383215502764495581e-03 3.264585515642885565e-03
4.633725995681723699e-03 3.220686103285133866e-03 3.356183628013523993e-03 3.400346529640785927e-03 3.698630287141649493e-03 3.934270981056313572e-03 3.620066571947951582e-03 3.516457773739475011e-03 3.403097178911153580e-03 3.192806777451917370e-03
3.683148910541573801e-03 3.215535563373196452e-03 3.347260039295763597e-03 3.631704812222213887e-03 3.713714212258817631e-03 3.881873962518783520e-03 3.293152243156643837e-03 3.676310538780868352e-03 3.368981972436507679e-03 3.193739212986779381e-03
3.587688466080573343e-03 3.198280454741320080e-03 3.353504118737045143e-03 3.349719002946655207e-03 3.669599468306367161e-03 3.896909505049278490e-03 3.255391168200701471e-03 2.974283385540363832e-03 3.365865906981998622e-03 3.203189841613226976e-03
4.752294477643395111e-03 3.251989463896689993e-03 3.334311605392315664e-03 3.206910070682625867e-03 3.798384492200787207e-03 3.836520332331526829e-03 3.344989188398146511e-03 2.750010925528073233e-03 3.384157245898486953e-03 3.181815403419602575e-03
3.731734710125040808e-03 3.223217712411323519e-03 3.322696775731230102e-03 3.231495175455414547e-03 3.624049914740544876e-03 3.810750121482050015e-03 3.222432405648669070e-03 3.129308608537308568e-03 3.361922947331251466e-03 3.179054498091067691e-03
4.046894235096863517e-03 3.185589159706588621e-03 3.309853595714780210e-03 3.290556792193564256e-03 7.004086136159685602e-03 3.776672901835702919e-03 3.268858058384356297e-03 4.336783549664555495e-03 3.330339569456845263e-03 3.160949057889033548e-03
3.725033545819955196e-03 3.213731210550115156e-03 3.332324520041064688e-03 3.379424698473814607e-03 3.851549733107275091e-03 3.736182588321965582e-03 3.249804469971709353e-03 2.853206220062448357e-03 3.353753004014209654e-03 3.197415796823537167e-03
3.515381054882681881e-03 3.212517087136054252e-03 3.333433570654363402e-03 3.270209990887306718e-03 7.199991420991747743e-03 3.852289373870613348e-03 3.363316200128261060e-03 3.103238800227428075e-03 3.305755291962505886e-03 3.153657109779652631e-03
5.443773658079392036e-03 3.165160323913586253e-03 3.294283025576324759e-03 3.234154324004127716e-03 3.625901715874685436e-03 3.764118983574665615e-03 3.203471483440902164e-03 2.790261539159694798e-03 3.303719988511221763e-03 3.198279028741868313e-03
3.579233049335452197e-03 3.208504758912324954e-03 3.291428339967674994e-03 3.293766887687555028e-03 3.566236392948439818e-03 3.708940490461975267e-03 3.325449882302235032e-03 2.826618040393054712e-03 3.320232999696692833e-03 3.149907587485599632e-03
4.497502238863803313e-03 3.237006155942565456e-03 3.422395657024748794e-03 3.191677341408993059e-03 3.537617619481958631e-03 3.626756857188692500e-03 3.179385438697489644e-03 2.798007403848631110e-03 3.293879767097683108e-03 3.133422800749163448e-03
3.463766437364963757e-03 3.175892658319648398e-03 3.354735909122419455e-03 3.200520146231911230e-03 3.611486925601003952e-03 3.621845389746954167e-03 3.168601644616348204e-03 2.774812554615134833e-03 3.307851668236391242e-03 3.123951536877262510e-03
3.912856206899507222e-03 3.144990942167699612e-03 3.246645600339632867e-03 3.309070376000105076e-03 3.684558892840118349e-03 3.570036180926214504e-03 3.266836926390359348e-03 2.742121805123011371e-03 3.292060998313993837e-03 3.120546887687333446e-03
3.450329906191281111e-03 3.170076027732824687e-03 3.250822584009905973e-03 3.186226287787820820e-03 3.622469687587990574e-03 3.550161271464803356e-03 3.128710953916191955e-03 3.661722327911337040e-03 3.282595898237810651e-03 3.130782749657503531e-03
3.499501673949796058e-03 3.155603263504517999e-03 3.281816638547527688e-03 3.706686673402606515e-03 5.419603427401592684e-03 3.554326781946236507e-03 3.143105656887421832e-03 3.108291241559133812e-03 3.287714319982337242e-03 3.119450870587392715e-03
4.455231905893313089e-03 3.217057683786902697e-03 3.265864273790637564e-03 3.771492507834236022e-03 3.726381272757251211e-03 3.474589603941947817e-03 3.309047811558434027e-03 3.026068414133824269e-03 3.301977256549302846e-03 3.115050594853388619e-03
3.738249734000092823e-03 3.124485917053267722e-03 3.258186546766330717e-03 3.265368456404672132e-03 3.690055962596417750e-03 3.452595754402312898e-03 3.118642059022868653e-03 3.739653830608959117e-03 3.273836912590357470e-03 3.132523551997977180e-03
3.478205990317858372e-03 3.160865132418061874e-03 3.327100693052675081e-03 3.269213422051088069e-03 3.623456891911561693e-03 3.462552300337049319e-03 3.080223011077022101e-03 3.031152818231984836e-03 3.276183992993518361e-03 3.095667979760742018e-03
6.646466891693816187e-03 3.281107681575385227e-03 3.278784741911426690e-03 3.231710488838243807e-03 3.761587144250630368e-03 3.394782349988486377e-03 3.064261678483235288e-03 2.753806089462068098e-03 3.258197389854599561e-03 3.090039755193033262e-03
3.740251725759666333e-03 3.111710379710525345e-03 3.241187785081915684e-03 3.208324726014837036e-03 3.674035219858805615e-03 3.400340810612252629e-03 3.103634362424021430e-03 2.840313462585367706e-03 3.244456270896883213e-03 3.123990943819315337e-03
4.440707879166206316e-03 3.132363556278216620e-03 3.232403681211051556e-03 3.224407361865740378e-03 3.621557729188690407e-03 3.367764486605509446e-03 3.050076070520925994e-03 5.254823225286142652e-03 3.285676489701366658e-03 3.126986395340267469e-03
3.729425723314199522e-03 3.177942667749655056e-03 3.214084914106397645e-03 3.170458165265014911e-03 3.448714219394420025e-03 3.372929490465604533e-03 3.101614139886071410e-03 2.721412902625600875e-03 3.234070258863501728e-03 3.087222579758587635e-03
3.508357940994450037e-03 3.118006888211287062e-03 3.224753968328333657e-03 3.317833540411828635e-03 3.893103279649956592e-03 3.344784491556376284e-03 3.090390554259496957e-03 2.700709741296272986e-03 3.253581131347142979e-03 3.126009037889818359e-03
3.474588381953286950e-03 3.083898081482340688e-03 3.293625319226332112e-03 3.158086103570685501e-03 3.567203334573319697e-03 3.364912266013244269e-03 3.021324550125564171e-03 2.659395203677138251e-03 3.256128473893667857e-03 3.064934318366863315e-03
3.459402977432687615e-03 3.125826648933615129e-03 3.251514305817791283e-03 3.169046496220863894e-03 3.739291158492852145e-03 3.268811388883664792e-03 3.080582952460505543e-03 3.122082332851942171e-03 3.246664127531762728e-03 3.050277661102913842e-03
4.561434653158513014e-03 3.118698581263481401e-03 3.201629976879949869e-03 3.588674879336402335e-03 4.072906926509038163e-03 3.250143963333604769e-03 3.024293926762983576e-03 2.906845692020151601e-03 3.237550556036554103e-03 3.075677765680898644e-03
4.451075102636723423e-03 3.089042276522635262e-03 3.196628145811241523e-03 3.261780780565526425e-03 3.433638178090299593e-03 3.236171581854946529e-03 3.071091798326150164e-03 2.649225342321111405e-03 3.243682443445308154e-03 3.040147843101403350e-03
3.417984063868044747e-03 3.128333924048865271e-03 3.217137895306034293e-03 3.149539449156090170e-03 3.559926209330073390e-03 3.202488075686100045e-03 3.121330410353038726e-03 2.760034557125017746e-03 3.213815121282885719e-03 3.093910983336202458e-03
3.745675926558369485e-03 3.098135298883641052e-03 3.186366061795437628e-03 3.489734780214164087e-03 3.813217641789438690e-03 3.195355635723898854e-03 3.024625661315151481e-03 2.921839991108898370e-03 3.211623426016111532e-03 3.029261058240880974e-03
3.549208881835878501e-03 3.210507380866035355e-03 3.219228713575269813e-03 3.205656524557822396e-03 5.205384652937339145e-03 3.192206994545796362e-03 2.994009187076739683e-03 2.712988416902270463e-03 3.266309825426470890e-03 3.025477532637833519e-03
3.433284306542997138e-03 3.067060117699867139e-03 3.200103799477871207e-03 3.238752854311092045e-03 3.399736008348929178e-03 3.219545843194846282e-03 2.968737873219071642e-03 2.672293411635375589e-03 3.183976624057853824e-03 3.047384881018884786e-03
3.680424033707251248e-03 3.066620116261483016e-03 3.185814027090420105e-03 3.159364311874074318e-03 5.341962535318000443e-03 3.298272327335493876e-03 2.943597855957813796e-03 2.673726191300864440e-03 3.191394515061284597e-03 3.043676403912420805e-03
3.719711871254353062e-03 3.064643887282694941e-03 3.245823360186571652e-03 3.192484936945690945e-03 3.495473715942679950e-03 3.177935076523970108e-03 2.956046539020050750e-03 3.156232132437667738e-03 3.238131053702577537e-03 3.029817083461823577e-03
3.454394716480681596e-03 3.122316994561301785e-03 3.198495258166194136e-03 3.157508516327029151e-03 3.360510152463264816e-03 3.113246723622010038e-03 2.977902880525286951e-03 3.122554345630649143e-03 3.189305108306754542e-03 3.037326223743825031e-03
3.307270146538240051e-03 3.050696139810434374e-03 3.163774054548903428e-03 3.150482382233300155e-03 3.511458867734475707e-03 3.133100842789335923e-03 2.933032119234786454e-03 3.014765073361173452e-03 3.191367990515123990e-03 3.005748111342486806e-03
3.342395246275038298e-03 3.050068549322737868e-03 3.222014894932277631e-03 3.203768196177564712e-03 3.611643532904991721e-03 3.180625976937873772e-03 2.979261191154207022e-03 2.619038404135970964e-03 3.175612394896018629e-03 3.031876579105069209e-03
4.343589499734561155e-03 3.121027265101777946e-03 3.165331340993970000e-03 3.133438444951479416e-03 4.122067010742529354e-03 3.131040265572066807e-03 2.999920232290444796e-03 2.802186245225380713e-03 3.172797878208195171e-03 2.995894088762929980e-03
3.540425804831486868e-03 3.024270772979394378e-03 3.171896640078266869e-03 3.171774934027550216e-03 3.448544020897162474e-03 3.076354117996605870e-03 3.074030893572020796e-03 2.996390030400283670e-03 3.159187300705503833e-03 2.989618395934643454e-03
4.196794399078397284e-03 3.035455935663615434e-03 3.158446688004392256e-03 3.646319276118423561e-03 4.786898153079245828e-03 3.058161391507333276e-03 3.125346870631106905e-03 3.570633858532020789e-03 3.181115344918324355e-03 2.988167787222239559e-03
3.420428012240342083e-03 3.020337199728330337e-03 3.287553872007430156e-03 3.233285027048143478e-03 3.625148477135085260e-03 3.055456667695976430e-03 2.902910718665693227e-03 2.598619502295818583e-03 3.155574848196539446e-03 2.987272343366120710e-03
3.540084729885592703e-03 3.013572603569081385e-03 3.150411249632700458e-03 3.407946002094057372e-03 3.513684376874448307e-03 3.050994246939349192e-03 2.957909050950712285e-03 2.606160899291577130e-03 3.144136608650966499e-03 2.977766644515873144e-03
5.231294549573433685e-03 3.078141104182779107e-03 3.150048889319967405e-03 3.134732623893687030e-03 3.581812839724743489e-03 3.050945007489300198e-03 2.960359807534450414e-03 2.698256080986865656e-03 3.178898884325724074e-03 2.975315289969890191e-03
5.238147970891998163e-03 3.006942173928019418e-03 3.150147851194608564e-03 3.273566806915355603e-03 3.310799416162541614e-03 3.027022481263960414e-03 3.013295118139859476e-03 2.785025465886755390e-03 3.136926141288413645e-03 2.971706790056781022e-03
3.421093860822842312e-03 3.004954542220555566e-03 3.165875886494419825e-03 3.118566419685995291e-03 3.482115397243281275e-03 3.011770729174260888e-03 2.857434414009858790e-03 2.654387667626045399e-03 3.130430924173090070e-03 3.028711698608403235e-03
3.777537911870069987e-03 3.164275609397895241e-03 3.136134816590315823e-03 3.143399225646241989e-03 4.618434148142501125e-03 3.024852428751828928e-03 3.055331879092425696e-03 2.596390732571833993e-03 3.133748254440342929e-03 2.979070102676296614e-03
4.679888761412714232e-03 2.993426644203947551e-03 3.155203836996285736e-03 3.106777873145447674e-03 3.483154589508653722e-03 2.998113269452549849e-03 2.843354284928609546e-03 2.620778929405817321e-03 3.135787642738074692e-03 2.968194249387262097e-03
4.032996258819222628e-03 2.999360316188982509e-03 3.134961087405546253e-03 3.287634254535860921e-03 3.370269236237339542e-03 3.002342168766767346e-03 2.834089207137411963e-03 3.266387535238315411e-03 3.143322454429334917e-03 2.984091121576189134e-03
3.697136735019376265e-03 2.989907640996900939e-03 3.139319306904113892e-03 3.089698026892554253e-03 4.876568227209802583e-03 2.969585451478780856e-03 2.848647400319410158e-03 2.929539670100496027e-03 3.152368265050222232e-03 2.968982616998113409e-03
3.271068083560711975e-03 2.997196434565352601e-03 3.141976082281568595e-03 3.383543372066709180e-03 3.325180355840623957e-03 3.077723636767563681e-03 2.958203586783169324e-03 2.963385326772533315e-03 3.108787641531292507e-03 3.069719870472743199e-03
4.277680677979084183e-03 2.994049000235625251e-03 3.111160216683437219e-03 3.414333204903989474e-03 3.293213066974921398e-03 3.016935334601659417e-03 2.845344843314934896e-03 2.575264763717718692e-03 3.104984438256713341e-03 3.031426052922408035e-03
3.171916256595669510e-03 2.984721479787236925e-03 3.116300739703637985e-03 3.160416857853854452e-03 3.450151759346019049e-03 2.986241034481304252e-03 2.834655382312181206e-03 3.013474963960371088e-03 3.115044626459430310e-03 2.946821787197400223e-03
3.289635213410586467e-03 2.978129180217741704e-03 3.133511046858032927e-03 3.105568742773468123e-03 3.338528732779882675e-03 2.946576491721643234e-03 2.851211492517298409e-03 3.072878818543344458e-03 3.126262977338604022e-03 2.935783187361199875e-03
3.398380682687730889e-03 2.971751032495668823e-03 3.098086285050509134e-03 3.098200403654772540e-03 3.275988234460802846e-03 2.939544076091698578e-03 2.840788342324793853e-03 2.598704923493150732e-03 3.122412601652429891e-03 3.031611434684333695e-03
3.161262655009569340e-03 2.978392672654561670e-03 3.102873531004679379e-03 3.094949343285729321e-03 3.287762888141243338e-03 2.958733400718473443e-03 2.821019772023806126e-03 2.606333060580774078e-03 3.121809084900994350e-03 3.148852744459940036e-03
3.584401763247621435e-03 2.976738003753796793e-03 3.100721024316363018e-03 3.162855714855543256e-03 3.240983403797564628e-03 2.957590192187386623e-03 2.891578164585888004e-03 2.586761878283371733e-03 3.102996045351349638e-03 2.942381276707544888e-03
5.505675069536177836e-03 3.005614172552997700e-03 3.164069202226552600e-03 3.160317611092711750e-03 3.567115313577261856e-03 2.926726696543430727e-03 2.837155117251460336e-03 2.573790205860185080e-03 3.098975770016639333e-03 2.950416929076459839e-03
4.334889022624075113e-03 3.027439031732625033e-03 3.089796894476082301e-03 3.123969940449142918e-03 3.830169192417523343e-03 2.935106517101580999e-03 2.798749948597399964e-03 2.711127853674923961e-03 3.100263051407133128e-03 3.017902286696996263e-03
4.180423161331813312e-03 3.087133260253293026e-03 3.150206226557518419e-03 3.159903669648765189e-03 3.599095629331571736e-03 2.928961696234162661e-03 2.943682426675991830e-03 2.809947144318280989e-03 3.078954077374615027e-03 3.016702637787803919e-03
3.999836937719498942e-03 2.997450005742475533e-03 3.107681465723698046e-03 3.108795428762750265e-03 3.560273839727303834e-03 2.922010522902565490e-03 2.784318032658619768e-03 2.539653283520018449e-03 3.100539357952773571e-03 3.035928960337294299e-03
3.190617237398702885e-03 2.943725641933970291e-03 3.115826057712673541e-03 3.245606587225987293e-03 3.351618565315807839e-03 2.932766265161511517e-03 3.074623186511621104e-03 3.285539929536705501e-03 3.075694422686516775e-03 2.925262557695214750e-03
3.305556327551902561e-03 2.943641887556482182e-03 3.227810608909028461e-03 3.273589907028524697e-03 3.329571175709900542e-03 2.911177648413842620e-03 2.779851685687392132e-03 2.546998937343247695e-03 3.082293534924614425e-03 2.958693911482900094e-03
3.385571957200040564e-03 2.956056786704867791e-03 3.115016023197132982e-03 3.385159611099369022e-03 3.206081972887858764e-03 2.927160030345056594e-03 2.783359106675963642e-03 2.617596867696715072e-03 3.079133756392714479e-03 2.919969199513563780e-03
4.167050664817087066e-03 2.946765347981319602e-03 3.096133423292745518e-03 3.110604301290810763e-03 3.388002455259982691e-03 2.901254299907724769e-03 2.773318457419247755e-03 2.890011648858787936e-03 3.084938195514437282e-03 2.939556611102600667e-03
3.252243883198978943e-03 2.994363472527777209e-03 3.073247535123301011e-03 3.139796588222873441e-03 3.420181431083173067e-03 2.903212364885093127e-03 2.891929713007752780e-03 2.595325687422730607e-03 3.091046474064875101e-03 2.921035449943684519e-03
3.107171625387895268e-03 2.933073002307517042e-03 3.088692262849286694e-03 3.214801631633859135e-03 3.204435970144168394e-03 2.904421545561968344e-03 2.767607317386697272e-03 2.704984610415653908e-03 3.061244773003674383e-03 2.909273776657366872e-03
3.159407619033088605e-03 2.934513158692120781e-03 3.123400200761131812e-03 3.205951935942474851e-03 3.410016406942866212e-03 2.899387003556131749e-03 2.805254574834387636e-03 2.703404407440948998e-03 3.062017932870793845e-03 2.906528776890977567e-03
4.152601071647081185e-03 2.961094776359395660e-03 3.087038596936635820e-03 3.403325305092971299e-03 3.190385372153989058e-03 2.903703293339195482e-03 2.878020056997482052e-03 3.396393437746477676e-03 3.061329986683571439e-03 2.895907613215017908e-03
3.176735977571968229e-03 2.919562881345102914e-03 3.094648300742905596e-03 3.217508744330723359e-03 3.573302098705352474e-03 2.856462559068685594e-03 2.811716454418433566e-03 3.577565643478455848e-03 3.060120021426657264e-03 2.898513739964230212e-03
3.585439610435285380e-03 2.958129233107177972e-03 3.087772993226795860e-03 3.088801858402344825e-03 3.319640438951018332e-03 2.884854270762090764e-03 2.814765148577218126e-03 2.614243338281265015e-03 3.051604542559626862e-03 2.896873852652314535e-03
3.358307312880804644e-03 2.918083250879093243e-03 3.092454691569826268e-03 3.099981123423920740e-03 3.168216568240536397e-03 2.868441429909296316e-03 2.858840961066885875e-03 2.521776920166500166e-03 3.041962983469463470e-03 2.918490147389527813e-03
3.400034793967678624e-03 2.979509169684521619e-03 3.059212789622913885e-03 3.127258053167832064e-03 3.186271383585039235e-03 2.864661318920453965e-03 2.734594193503596740e-03 2.559753942775113734e-03 3.044359413316186352e-03 2.907925065740814708e-03
3.063321806074581141e-03 2.909540768372083364e-03 3.125011344660210116e-03 3.109539617937193742e-03 3.138494530428636697e-03 2.923545910600431046e-03 2.805306954464684838e-03 2.680380618153635486e-03 3.059916561156848184e-03 2.909555270764090703e-03
3.452195793190835412e-03 3.033973009961108032e-03 3.074742155689817041e-03 3.084437018715404429e-03 3.234945976700039343e-03 2.945082837787194995e-03 2.799456292911755694e-03 2.561241207781586766e-03 3.054497796169324247e-03 2.880106465036270675e-03
3.339329252128415623e-03 2.917649421667801828e-03 3.069335794494450556e-03 3.073774336880828826e-03 3.172519624591548133e-03 2.844018685850398416e-03 2.761513194886054939e-03 2.710959232384793898e-03 3.037988171537712567e-03 2.876716317968034363e-03
5.227932991243786076e-03 2.900285947766674446e-03 3.069846137000623292e-03 3.088342895400098247e-03 3.277919413123081115e-03 2.846308289865193131e-03 2.817294574901950399e-03 3.109135584218760892e-03 3.045902484574343830e-03 2.871836574270894733e-03
3.069105546435361292e-03 2.902105126347901201e-03 3.124545363211756518e-03 3.086350116552939466e-03 3.162223461453309622e-03 2.846891754143782410e-03 2.735189099967450400e-03 2.582398772457947939e-03 3.040944916252669075e-03 2.873653150509834948e-03
3.516927969616542426e-03 2.890835148480817938e-03 3.058763444933371763e-03 3.303128687416302927e-03 3.355438256121566747e-03 2.831426663814045567e-03 2.731998270561119754e-03 2.899141638155221853e-03 3.017382012597453339e-03 2.961624236775092529e-03
3.378358481458890259e-03 2.951025474993711380e-03 3.074508435570844252e-03 3.142835251714143525e-03 3.345978011658569829e-03 2.834285527728097956e-03 2.704721292617320774e-03 2.753318869978726036e-03 3.016859596559528546e-03 3.046154586104140184e-03
3.186080125957307940e-03 2.894318704061747162e-03 3.061998373245495078e-03 3.119966069126752124e-03 3.360094586452218486e-03 2.864611078506680304e-03 2.722218677623361276e-03 2.517836049317324822e-03 3.024140784200029380e-03 2.884739064147267672e-03
3.534246686089005055e-03 2.971414463351031501e-03 3.108454790607421622e-03 3.087472794550040305e-03 3.572530418378295960e-03 2.824162848162929933e-03 2.952085421132059472e-03 2.674885605148524283e-03 3.020816919841992892e-03 2.862758572814454259e-03
3.732463317666049381e-03 2.898534930577539859e-03 3.077622277530897045e-03 3.129524746820433034e-03 3.439390477791634450e-03 2.866520043368965976e-03 2.746757255001886638e-03 2.560365561224451237e-03 3.024089382268626679e-03 2.868694019484226056e-03
3.012319185610685523e-03 2.870893254886617684e-03 3.040576589253652078e-03 3.114276890405133762e-03 3.274342404907920525e-03 2.818517099754834585e-03 2.704503316148878372e-03 2.550374665987917809e-03 3.099337622190887973e-03 2.915953985849061014e-03
3.179365700234824087e-03 2.863391239660941986e-03 3.079713617281810718e-03 3.092552786692188537e-03 3.165510958606274072e-03 2.812272113449114895e-03 3.089203328155792037e-03 2.818268659706467914e-03 3.010907282791183432e-03 2.879552057519282372e-03
3.139176430670200489e-03 3.028971817067602473e-03 3.036953843132276024e-03 3.117375011596264667e-03 3.968499983590526199e-03 2.816310223142148243e-03 2.825212281347778964e-03 2.529584015439954089e-03 3.001955808834859060e-03 2.855531087431207801e-03
3.405568942225700117e-03 2.878923143082717361e-03 3.083719956637816662e-03 3.128522360465147648e-03 3.074309036878452011e-03 2.810479708111564452e-03 2.727774431142259131e-03 3.266398891744693063e-03 3.080035546661906345e-03 2.850555540573259609e-03
3.297059896764915118e-03 2.875983773012456488e-03 3.064886893562710542e-03 3.067524855283418166e-03 3.137618863675065931e-03 2.811453061616710214e-03 2.824428221431311142e-03 2.678453947591933216e-03 3.028671613313805699e-03 2.871403841214777326e-03
2.965100355368332444e-03 2.860495896299488847e-03 3.043828914191186886e-03 3.344518404497027336e-03 3.180987152130158868e-03 2.883753140039265091e-03 2.709808411588882082e-03 2.568895248863513857e-03 2.993011379304934098e-03 2.852240245989449540e-03
3.815444176346212239e-03 2.852904409414283582e-03 3.082898915200399555e-03 3.130071404008452889e-03 4.002868050276669684e-03 2.780232667549922994e-03 2.760078417281725677e-03 2.850187380804918100e-03 2.996748709865774268e-03 2.885675894080771964e-03
3.111415582109735602e-03 2.937040920092012699e-03 3.058385065131380594e-03 3.115570177877514599e-03 3.164225740301854651e-03 2.813058788233578893e-03 2.672892548756705070e-03 2.518518137192593629e-03 2.986567807778993736e-03 2.887801195895362168e-03
3.457464450760690429e-03 2.846118167061552438e-03 3.118572418357909524e-03 3.076417908357569411e-03 3.253634391737966758e-03 2.821402679311421115e-03 2.758168334318713850e-03 2.959252649818570370e-03 2.984703330657415086e-03 2.855617414659929621e-03
2.966405788112835059e-03 2.851338845519236793e-03 3.075888068150782039e-03 3.061473594589678594e-03 3.054566832364652776e-03 2.801905904332985600e-03 2.677379062448099773e-03 2.658267537956428717e-03 2.986394803015195859e-03 2.841983227046340245e-03
3.009030838709460601e-03 2.862569491153743248e-03 3.037446862105691592e-03 3.080366097939264084e-03 3.075728722002931629e-03 2.921827781931796760e-03 2.835503008761576169e-03 2.522467611615397242e-03 2.990599255386790310e-03 2.856435328980609298e-03
2.915332501085746326e-03 2.864552507935392341e-03 3.041999095454331597e-03 3.314792991574150478e-03 3.226254046966749514e-03 2.779207520093173508e-03 2.800493475970815965e-03 2.721051366260164063e-03 3.016753040715358658e-03 2.859355938599624728e-03
2.909948240171315436e-03 2.840630129831892871e-03 3.039937903196842338e-03 3.091363722724505426e-03 3.443139930638978215e-03 2.789354240077699439e-03 2.708120752723421846e-03 2.489649118353619035e-03 3.032089835482484810e-03 2.871473627545917395e-03
3.624293361499795162e-03 2.832464475345667591e-03 3.046130030116966404e-03 3.062161147348820955e-03 3.145317395974072880e-03 2.767371570965606632e-03 2.705166158659623368e-03 3.516149007316180745e-03 2.988373175865508252e-03 2.848639306221055056e-03
3.437997529802915009e-03 2.852864610468619760e-03 3.304502788547175000e-03 3.326583331021241378e-03 3.177475595375732573e-03 2.765513193484489540e-03 2.686706459158799166e-03 2.514576966628886880e-03 2.976012927059297486e-03 2.911593700066131447e-03
2.889909585572876614e-03 2.869262905149502253e-03 3.059001306129376617e-03 3.216405561793653570e-03 3.282175499402554923e-03 2.757132520826501530e-03 2.656174535501686692e-03 2.513392594173113198e-03 3.057737886227401402e-03 2.828035390106958466e-03
2.889828563072459854e-03 2.828479824441496471e-03 3.063456425189750153e-03 3.095715403759500845e-03 3.020726879400965296e-03 2.771189881016969739e-03 2.646346227615000574e-03 2.557056059092753953e-03 2.959395686113704994e-03 2.934425372988075809e-03
3.109676686900312258e-03 2.858360986484285646e-03 3.032496346280553687e-03 3.078703908947588545e-03 3.090900381580389406e-03 2.746779441530325730e-03 2.655312737958436062e-03 2.571774692348283934e-03 3.036325652763100392e-03 2.826293708181291942e-03
4.666638715030817404e-03 2.872839578203387374e-03 3.051916839848005814e-03 3.077806438913441387e-03 3.053434978294522484e-03 2.801790320287482917e-03 2.643201243309306701e-03 2.843846563396674933e-03 2.971374665724292249e-03 2.854285068847764104e-03
3.150396260224859208e-03 2.818206421741800954e-03 3.043301232388537225e-03 3.103178870170962902e-03 3.235153866735766652e-03 2.725261829560530601e-03 2.676582309897631694e-03 2.600308018929776109e-03 2.985289457308549881e-03 2.811200172401310052e-03
2.859281700080634498e-03 2.877654628560246709e-03 3.022839377437871143e-03 3.129415706040670781e-03 2.995394419314066289e-03 2.732198094470445274e-03 2.655853799952719203e-03 2.631791371055936923e-03 2.997132878457494255e-03 2.844691853786504923e-03
3.341958729975904284e-03 2.824461742122549510e-03 3.056717253338736302e-03 3.112430355038347477e-03 3.065718909496670946e-03 2.740548080146778306e-03 2.745122335597783951e-03 2.468809330353435340e-03 2.959574008095346414e-03 2.818763486278906636e-03
3.922154453338599911e-03 3.007370438460179717e-03 3.054004793488417687e-03 3.046640415550319614e-03 3.048134752570226709e-03 2.742471256816945979e-03 2.656784508917940917e-03 2.568403115726255754e-03 3.061405069375226599e-03 2.852377890712420611e-03
3.055519461541777483e-03 2.807787279884855700e-03 3.028777893482580315e-03 3.049800745525609643e-03 3.795605759692750620e-03 2.748769070867907328e-03 2.709567834062800128e-03 2.739847367149118081e-03 3.004360845046698172e-03 2.805995352734678636e-03
3.177857028842101094e-03 2.828298511556530566e-03 3.026284809922944428e-03 3.046192893644510038e-03 3.308062703100132437e-03 2.733586964656380472e-03 2.859751151216246342e-03 3.645816940363629487e-03 3.039347470884465937e-03 2.802687625579661744e-03
3.059570878350325370e-03 2.814481241204564322e-03 3.013548817789396105e-03 3.095720698511297136e-03 3.095164318303101833e-03 2.744657907674697729e-03 2.639535079652868214e-03 2.934237630621983148e-03 2.969031217893467172e-03 2.796768790373561561e-03
2.847802176729401485e-03 2.811119139434284809e-03 3.023294133195548929e-03 3.267409976449152636e-03 3.045547169515897858e-03 2.724971325591633593e-03 2.650983427888712295e-03 2.517521807134646440e-03 3.033331770674844476e-03 2.793355737759779019e-03
2.892980592924306298e-03 2.817711666712875099e-03 3.023147716282387036e-03 3.075370468080526175e-03 3.046379856088003105e-03 2.739835923637641123e-03 2.644357351153424438e-03 2.484647891723942934e-03 2.939796017383598196e-03 2.795132087759825534e-03
3.141623158003659707e-03 2.795087058264515527e-03 3.021528256411754997e-03 3.194352861687968937e-03 2.987139677817347155e-03 2.720320712598295939e-03 2.625004889543467758e-03 2.722374034566185479e-03 2.954415346316699442e-03 2.802736166676268823e-03
3.743546499854979830e-03 2.821904033017398790e-03 3.018303311008394777e-03 3.094195988496446694e-03 3.372349067297704481e-03 2.774781172001203246e-03 2.679877492412088748e-03 2.484324592782490189e-03 3.063779430652364012e-03 2.829394158196098848e-03
4.072937572371470097e-03 2.807603722513213849e-03 3.063171934599543105e-03 3.153304596656709719e-03 2.972258634627373414e-03 2.760960911414453260e-03 2.620986032850925167e-03 2.481722942544737579e-03 2.945399302523756500e-03 2.788416966497593921e-03
3.134665729335154357e-03 2.809127912372678948e-03 3.004089943734936704e-03 3.055665626630313554e-03 3.123121824934181265e-03 2.722668282879119137e-03 2.681403512196019277e-03 2.492790214290498477e-03 2.943071471317581546e-03 2.808908033946210577e-03
4.639236324956207483e-03 2.779704272526327489e-03 3.011637500628416494e-03 3.155338618130601978e-03 3.290283365533158179e-03 2.705705941586734452e-03 2.631718835672693709e-03 2.464824679409489180e-03 2.931201887668599682e-03 2.808659771690110059e-03
3.050175001092304220e-03 2.909423408216248088e-03 3.000615998613654755e-03 3.077693525834764021e-03 3.123714493763704927e-03 2.710678177201559201e-03 2.632886611428082724e-03 2.501731468096573749e-03 2.947513804838508035e-03 2.775326125602504794e-03
2.824796278726538455e-03 2.855674711611871312e-03 3.012539500616531144e-03 3.250320731725147173e-03 3.315571393170457359e-03 2.710898769482464939e-03 2.614180861952536492e-03 2.942648712613571416e-03 2.951266576075063219e-03 2.780578368414426699e-03
2.805619895266828635e-03 2.780722800661652224e-03 3.007636513790608312e-03 3.075111618639944991e-03 3.267695090575462209e-03 2.696152117446760053e-03 2.605899982883008118e-03 2.491740746874795617e-03 2.950266235289700483e-03 2.784966169345723039e-03
2.882911750576820902e-03 2.780684517806796419e-03 3.035508432540027796e-03 3.140292856399319339e-03 2.952821024111327956e-03 2.704931129940893811e-03 2.661775086751853002e-03 2.648211446699692134e-03 2.938316817284301712e-03 2.769183509007853809e-03
4.436973874823425812e-03 2.772415759119221338e-03 3.029917007203032035e-03 3.187561207692519646e-03 3.018394141204299320e-03 2.712452502957251547e-03 2.616984910328628167e-03 2.550229117744160553e-03 2.933327285926733141e-03 2.779553725703036871e-03
2.876093168122457067e-03 2.780922087524325369e-03 3.024548235175177242e-03 3.212476996893956840e-03 3.003653752608473598e-03 2.722289400264378632e-03 2.587938837195787219e-03 2.732848776247238758e-03 2.922243080012095189e-03 2.762973481984490245e-03
2.886790551094667485e-03 2.792963281594730909e-03 3.121948945892129203e-03 3.082456122876692673e-03 3.441370218439137024e-03 2.729256700414916820e-03 2.609713970478932943e-03 3.070461248912065896e-03 2.936978955885904529e-03 2.802910719892108635e-03
2.858326904553912251e-03 2.785536979793726969e-03 3.005214712996476939e-03 3.444897913728919500e-03 3.287367487336771005e-03 2.694654547435996594e-03 2.608391614932339259e-03 2.513039999261140311e-03 2.921698928872573826e-03 2.792925891315546898e-03
2.788928769289174010e-03 2.761922525488633064e-03 3.002908426054537016e-03 3.212121069034376813e-03 3.074873418001944358e-03 2.678487005386349148e-03 2.598040570937181892e-03 2.468473057730732629e-03 2.926200818243096004e-03 2.754424819382737116e-03
3.141380432647423570e-03 2.771080454776270446e-03 3.034261020683079284e-03 3.143134278155995318e-03 3.567022337916086160e-03 2.698084562388971663e-03 2.816781508814325281e-03 2.481385120439297872e-03 2.909339576850054638e-03 2.751051898548963117e-03
3.924647345240362198e-03 2.765441447958080345e-03 2.991801868897343928e-03 3.054500185385599590e-03 3.093479860831803516e-03 2.753272811555910332e-03 2.643103497008151594e-03 2.508662731967066430e-03 2.907206660515262130e-03 2.783190682383143103e-03
3.700217903690442359e-03 2.771617352583516294e-03 2.991997085955877544e-03 3.039975319698220036e-03 3.025270265430156629e-03 2.717745879499528470e-03 2.725914286326713062e-03 2.512263092162350490e-03 2.972070606341275199e-03 2.747310889469783187e-03
3.089018166565059721e-03 2.760867764695059193e-03 3.003526237336229514e-03 3.074542445998629074e-03 2.923774295624033143e-03 2.697628048805094172e-03 2.583022101772933753e-03 2.477820025732733154e-03 2.908238643024057234e-03 2.748523777073624309e-03
2.940394148493362392e-03 2.862608611217010157e-03 3.007301339350397593e-03 3.124009076551179098e-03 2.923174636206400234e-03 2.664013769683724105e-03 2.578231102962380648e-03 2.894040908260827293e-03 2.912034214936049404e-03 2.764721200116254229e-03
3.148987025712301439e-03 2.770706630896463928e-03 3.004085967155201500e-03 3.052733077084879027e-03 2.959036470718432940e-03 2.674398168993496853e-03 2.729605096679697633e-03 2.742361940034012020e-03 2.903402690275442514e-03 2.771965285815772458e-03
2.842683604844349881e-03 2.786940604227730687e-03 3.026767332966040242e-03 3.064152218246671278e-03 2.956065177240898949e-03 2.686865009403219175e-03 2.573918938133543631e-03 2.534662402339438701e-03 2.940592257003007970e-03 2.737412000949232711e-03
