2.227007068927965364e-02 4.394219036605055001e-02 2.622522330648269229e-02 1.785976831165901960e-02 2.308728360509327768e-02 1.793938724254547437e-02 2.255315529517897336e-02 5.027796510999530538e-02 4.353937083016643644e-02 5.051427343189993785e-02
1.276821151371009162e-02 3.126572800174264727e-02 1.502408719912667542e-02 1.036731076218965104e-02 1.500154100168646365e-02 1.081717995941139029e-02 1.401884313921862579e-02 3.759048252634120818e-02 2.543964479474053117e-02 3.481359072937482285e-02
9.834341042430951030e-03 2.271133847081109949e-02 1.044148286260741451e-02 7.608337427320169440e-03 1.127059552149402288e-02 8.092214744618967531e-03 1.069973128999356440e-02 2.845484654455307863e-02 2.027109453803476943e-02 2.522294351575123800e-02
7.859869548596905980e-03 1.802459708056952659e-02 8.687021813512912916e-03 6.770598950039457761e-03 8.457785225667601575e-03 6.786490914239167935e-03 8.565077730823466781e-03 2.220643362798866219e-02 1.766396217729473625e-02 1.919031201980994639e-02
9.045174414746519689e-03 1.498126489616949733e-02 8.047289386646679088e-03 6.033838306088389579e-03 6.905920432314165656e-03 5.829553896334545987e-03 7.134662694632103522e-03 1.872647731860051235e-02 1.544508633457312291e-02 1.386751251778555426e-02
5.291640511793337977e-03 1.251319956563251568e-02 6.901846592918275784e-03 5.861145171536659773e-03 5.922675061261218829e-03 5.219901180528918085e-03 6.062476036840718646e-03 1.625955354908772618e-02 1.364357621624764406e-02 8.773382809532884880e-03
5.031719721863348212e-03 1.061610908424558998e-02 6.356688780247614010e-03 5.181456801243266262e-03 5.208664147233920370e-03 4.856607191630379732e-03 5.485530949037914841e-03 1.419924573067895233e-02 1.233417937326473576e-02 7.615124844817357588e-03
3.955675588134025498e-03 9.220683038384825184e-03 6.183623127139061502e-03 5.102377173954220774e-03 4.796573776372347643e-03 4.544405263004899602e-03 4.948450273417513527e-03 1.299885310996537133e-02 1.084225749960016430e-02 1.006064671220679128e-02
4.093690853338988536e-03 8.078283293100676013e-03 5.515771143345196866e-03 4.610678427878551165e-03 4.517334041328145353e-03 4.277008027484837001e-03 4.576711816515402834e-03 1.177547274016226865e-02 9.871391965889042552e-03 6.379366074251015956e-03
3.539258558208782136e-03 7.151851869946536551e-03 5.250586569990176380e-03 4.249350257833994435e-03 4.291303261624992288e-03 4.152902973419705067e-03 4.299339289369275181e-03 1.003882995796775979e-02 8.878404337129598006e-03 6.642074947076272856e-03
3.434645406109289919e-03 6.422304269142597305e-03 4.907176172070397066e-03 7.574241830230114478e-03 4.174414552377664865e-03 3.909789556785695994e-03 4.185935312334294715e-03 9.123027293423340012e-03 8.194358094270211973e-03 6.385412991869387003e-03
3.334191453614004669e-03 5.785505061550041787e-03 4.711865016400969969e-03 5.027161853261999727e-03 3.996257130663749373e-03 3.762226170503646817e-03 3.933939964781398013e-03 8.271969637078812124e-03 7.437648458267203527e-03 5.676010210161986334e-03
3.308735104569911906e-03 5.282516787655958806e-03 4.229613601476457305e-03 3.855363229082205134e-03 3.862736338357342872e-03 3.677654025893361059e-03 3.899135406696682161e-03 7.796399401591462205e-03 6.862695502494642504e-03 4.493664247291510698e-03
3.297877001585278623e-03 4.838138975306020481e-03 4.045320063023613924e-03 4.497099186071309464e-03 3.756465822306986890e-03 3.559498665995223295e-03 3.807003524781131954e-03 7.173037059193407283e-03 6.217870428716828872e-03 6.607862974392885759e-03
3.085250368289316029e-03 4.584495156128209382e-03 3.830197382356061771e-03 4.342392870144359818e-03 3.719958911523009188e-03 3.534140268382301477e-03 3.659739183293752099e-03 6.970788925576846401e-03 5.765280269778382156e-03 5.735807817803713522e-03
3.075293291773388647e-03 4.380517280453837675e-03 3.839936122831450697e-03 6.149244764518932427e-03 3.591572033025922615e-03 3.456352513266585692e-03 3.624701400588002144e-03 6.808853659956613791e-03 5.398357881347474498e-03 4.401833797178183669e-03
3.794596377951221875e-03 4.286145979636574004e-03 3.523086659332853865e-03 4.423856832678871483e-03 3.533759945980915161e-03 3.393937184050484137e-03 3.500638550558699252e-03 5.658174804097632418e-03 5.018834582407540393e-03 5.615789850307327524e-03
2.833545988783901359e-03 4.024535008299561650e-03 3.428885618513642652e-03 5.290525685767744589e-03 3.490651846093975261e-03 3.331024657225345464e-03 3.506459744705155146e-03 5.686851003518297344e-03 4.796115607025659006e-03 4.906678058324802708e-03
2.827475995193135232e-03 3.891441121662624677e-03 3.384530711891097030e-03 4.336439809332145665e-03 3.514917288546250910e-03 3.290815304701096705e-03 3.446220697617511774e-03 5.122716502388925848e-03 4.682784740697271478e-03 4.818463193461883926e-03
2.869970778650495109e-03 3.828864719385083153e-03 3.358150176677415170e-03 3.756710017981491206e-03 3.366199609377979341e-03 3.249624692315121466e-03 3.374408116907600536e-03 4.767578780384459057e-03 4.413398199699244788e-03 4.079784114802263544e-03
2.781070853274402593e-03 3.699663228193937007e-03 3.223833341305059035e-03 3.733619640110584850e-03 3.405160968892219017e-03 3.229774053566725200e-03 3.357809379331336969e-03 4.790590923625322878e-03 4.270166506407083520e-03 4.284177375157396592e-03
2.721784780429436883e-03 3.658605522736670893e-03 3.196463372176226985e-03 3.925720394418244323e-03 3.344562158888015301e-03 3.226933417037977040e-03 3.325091969180416548e-03 4.309820400261459190e-03 4.059539159971901207e-03 3.813575416909760225e-03
3.143181348929692531e-03 3.566791838594858197e-03 3.283502558058327189e-03 3.359371240731367017e-03 3.286883225606018234e-03 3.196618287374622391e-03 3.282742676320375957e-03 4.162212155768895382e-03 3.922883809190484856e-03 3.814576809768739120e-03
2.646960016027492552e-03 3.537063332935555873e-03 3.068237990266774965e-03 3.861274328091477206e-03 3.183079850567306374e-03 3.175495266228303692e-03 3.384242553781767384e-03 3.947117640883476483e-03 3.963873536111425788e-03 4.279507758437971383e-03
3.329194288366719989e-03 3.539507445864704862e-03 3.027250021597514135e-03 3.400221870163798368e-03 3.194256853134480947e-03 3.183792021491375045e-03 3.288362734433135370e-03 4.941848491773774901e-03 3.738686081139187128e-03 4.442103931030063138e-03
3.127275029918743805e-03 3.453127501761640763e-03 3.133982787571055247e-03 3.267235114339394567e-03 3.175272746599656915e-03 3.124729685776837362e-03 3.222667031942347011e-03 3.962348582755919994e-03 3.736006358145586587e-03 1.072086324129503318e-02
2.667623733920399757e-03 3.449759289006033239e-03 3.357855195520129035e-03 3.493237685402675319e-03 3.155321631581927376e-03 3.186106660517528440e-03 3.227849345517538708e-03 3.650216698594795257e-03 3.624652929432114513e-03 3.723175262720060125e-03
3.213480549110769337e-03 3.379720173544547776e-03 3.078864455192798118e-03 3.501739028768487399e-03 3.100327384648995325e-03 3.059008345204561764e-03 3.302106886181630646e-03 3.778674312229080359e-03 3.614393395197301132e-03 3.869168540692333874e-03
2.614186847097337268e-03 3.379237468271200241e-03 2.915784818967424950e-03 3.453728855771789463e-03 3.071167957061980962e-03 3.103243465465007570e-03 3.244112517458090216e-03 3.221223089529151509e-03 3.471024691912258462e-03 4.050923721086383857e-03
2.798737716417231888e-03 3.347087220142500041e-03 2.924424884172615886e-03 4.218205185672218964e-03 3.077997541771300850e-03 3.026772525293536589e-03 3.199099105494126408e-03 3.260964729186429430e-03 3.478803009886362058e-03 3.734779478557816342e-03
3.175688596017022490e-03 3.320209429308160817e-03 3.183330329491402752e-03 3.356633935226756207e-03 3.044904673039465492e-03 3.003593523952827020e-03 3.168051023586896178e-03 3.440020574255567374e-03 3.535618437195531434e-03 5.855514655882614744e-03
3.600290132630543181e-03 3.322689852574089216e-03 3.104516157374244585e-03 3.135912229904450326e-03 3.043178478973782193e-03 3.008488825889955951e-03 3.172278182889256854e-03 3.900908160516728188e-03 3.325844810963801863e-03 3.887113975617297653e-03
2.708638909892505716e-03 3.265147209083653530e-03 2.845372254716854472e-03 3.220970721031303757e-03 3.095553142075517170e-03 3.022675898814885641e-03 3.207947322516696131e-03 3.377441602708262328e-03 3.303998727272025419e-03 6.228527559606205320e-03
2.551744425425095646e-03 3.264069737286323224e-03 2.820061179273300640e-03 3.330711128727573828e-03 3.015804350300924953e-03 2.998325661647607398e-03 3.219041269351572039e-03 3.383439041903315691e-03 3.250575678438029619e-03 4.107517950514887918e-03
2.551188589822980194e-03 3.360263978708867040e-03 2.849184118096443480e-03 3.369249996454173890e-03 2.986419514650653830e-03 2.955896141264129258e-03 3.133400514505993092e-03 3.117115392840197601e-03 3.282973313476602976e-03 3.442842251797697487e-03
2.718008568699492936e-03 3.288481969198083117e-03 2.791526210336787821e-03 3.396482539390183707e-03 2.957002414546591740e-03 2.944989068223955418e-03 3.199357402534908947e-03 3.095731110867197371e-03 3.208626673480333147e-03 6.342836069222872360e-03
2.548147694647698476e-03 3.301841219837599317e-03 2.965900173043991075e-03 3.300353701846022066e-03 3.105382440552476291e-03 2.952614238373444354e-03 3.117787795793780167e-03 3.337846622192730279e-03 3.216442884266612103e-03 4.380668365671118274e-03
3.054008364034275363e-03 3.192106070730916026e-03 2.794243866738347834e-03 3.552569702987540354e-03 2.941684919385147839e-03 2.925405209430210866e-03 3.123618914273628474e-03 3.072284902290688992e-03 3.129243758758145158e-03 3.234294246648445129e-03
2.508547220117224221e-03 3.180965020098197853e-03 2.872822389629577002e-03 3.530821326996064300e-03 2.950307666391560526e-03 2.914491449361637700e-03 3.108851850766035461e-03 3.068950735189487390e-03 3.169672418692571613e-03 3.211905289784170760e-03
