7.874504421424294298e-02 7.522346960496391344e-02 9.169346015835139196e-02 7.821228510587696636e-02 7.600409885313275105e-02 8.518060002852299861e-02 6.551051374043354025e-02 8.916210242455283042e-02 9.041435243886132567e-02 8.946845680346431073e-02
6.748349876546834436e-02 7.064504269918579771e-02 8.038581082816534384e-02 6.917136890686856332e-02 6.853046695026138169e-02 8.021344880712170944e-02 5.813675015798416834e-02 7.902438138383294230e-02 7.484344000272946662e-02 7.915571385833011786e-02
5.982289712009972865e-02 6.930311437656609674e-02 7.862240558962832471e-02 6.129169614079322398e-02 6.334948836605572287e-02 7.733692146174653281e-02 5.280537663938306842e-02 7.653734145463057803e-02 7.017198497549842484e-02 7.279419633181467841e-02
5.329885535842376898e-02 6.807997090936772355e-02 7.730504233057915175e-02 5.345320817200693853e-02 5.772517194640796462e-02 7.479437177821046667e-02 4.797308752372542173e-02 7.471464691177621964e-02 6.764470384553623872e-02 6.813822174795886033e-02
4.769291445751933783e-02 6.698699599074739441e-02 7.615565504247683026e-02 4.538353924087155933e-02 4.936122813468941245e-02 7.376833471884154669e-02 4.406308698727032236e-02 7.299143458239415461e-02 6.535784477556286221e-02 6.399469315717577766e-02
4.275671179437427749e-02 6.597557587082779340e-02 7.503504788047564433e-02 3.840051039439597302e-02 3.931931513271706702e-02 6.970515629749127196e-02 4.157229728198067603e-02 7.053387975648910124e-02 6.304274853469625517e-02 6.054481483222642901e-02
3.857989881412022398e-02 6.451532949057652011e-02 7.406734115238572391e-02 3.251531936252826521e-02 3.114581004122123423e-02 6.679253565002564452e-02 3.952720078342852189e-02 6.660804932917921417e-02 6.052781403283889056e-02 5.717493318037772387e-02
3.509386260435129468e-02 6.337680038989146336e-02 7.289897629245675748e-02 2.803169906779063442e-02 2.636687145670176327e-02 6.102323069583934223e-02 3.715119821418888524e-02 6.049407294694206239e-02 5.769335448237706415e-02 5.423701819764532167e-02
3.222829760061848847e-02 6.214323879936245465e-02 7.155605294265957039e-02 2.449143454352939106e-02 2.367264205171579899e-02 5.653044679684986890e-02 3.588313584078616642e-02 5.281985509334532342e-02 5.449210266389770130e-02 5.144471544312254757e-02
3.001591838789154087e-02 6.096471902035235924e-02 7.009668990161034563e-02 2.184684487079232088e-02 2.252563105111047431e-02 5.067997395307859143e-02 3.512230996979946729e-02 4.540087761102096220e-02 5.102418492990297427e-02 4.900085213275899576e-02
2.809016122129917928e-02 5.950645407745085158e-02 6.863732985334171366e-02 2.035175133782881479e-02 2.069098827017199285e-02 4.740624343460869694e-02 3.324679011107365550e-02 3.875965494373589948e-02 4.704424187501370092e-02 4.661516920508077672e-02
2.658746195385418287e-02 5.830340501796642955e-02 6.693212363338894855e-02 1.861322670002353227e-02 1.982903060052377056e-02 4.380951360186839671e-02 3.288456234628642227e-02 3.335028301777009235e-02 4.338321209587012173e-02 4.451967564844052511e-02
2.534800468593023312e-02 5.679299954328567712e-02 6.478241331560395666e-02 1.691276950779084867e-02 1.890284834136596662e-02 4.046904916617931336e-02 3.227874563411906039e-02 2.912678086689786394e-02 3.948678526573271008e-02 4.285910436923794087e-02
2.442317130504301562e-02 5.554539739320704661e-02 6.270128218943386844e-02 1.571650920561755774e-02 1.830125180749531816e-02 3.811349765254867794e-02 3.171503125099438963e-02 2.575782074764561974e-02 3.637789571740149969e-02 4.087264515540737359e-02
2.353075755078464296e-02 5.409383408276118715e-02 6.037705779246323179e-02 1.481325602022201017e-02 1.766722610594588516e-02 3.861695449200023417e-02 3.114181658138239980e-02 2.310745674012851594e-02 3.360843070153325673e-02 3.944548482422281788e-02
2.278021238889823413e-02 5.266522476993400897e-02 5.798803160672888479e-02 1.414333778210370880e-02 1.733753953859301297e-02 3.520360792134760025e-02 3.081636123630730403e-02 2.119874829657607263e-02 3.049455401472545360e-02 3.835110560874767371e-02
2.227896530866622232e-02 5.093110380117182867e-02 5.558541405735706320e-02 1.340376900079365448e-02 1.695382838498135300e-02 3.314309371555301115e-02 3.044002428208654812e-02 1.962809419253070536e-02 2.829658163728462558e-02 3.696672591359403265e-02
2.158277276641614242e-02 4.929868500744261778e-02 5.345397057193020801e-02 1.285332483252271500e-02 1.645987144112296199e-02 3.262922599533928103e-02 2.951871085151430013e-02 1.868969523670164362e-02 2.677492630161310005e-02 3.596014300202903663e-02
2.103678433808521542e-02 4.758026153708309891e-02 5.109183116607837055e-02 1.299622858900593460e-02 1.609105818399185137e-02 2.985233372995173620e-02 2.978956500477411215e-02 1.763896832751740695e-02 2.563268866047310052e-02 3.540883597379809733e-02
2.059572288827023201e-02 4.547438594273921220e-02 4.899504334746055539e-02 1.207968932403687828e-02 1.571659526204879920e-02 2.869214451224282383e-02 2.894171957260941244e-02 1.677418082126558990e-02 2.359084963694389747e-02 3.438662298803673439e-02
2.016718509807635326e-02 4.345435816458695366e-02 4.702494906751548270e-02 1.151528074412533180e-02 1.535310280466747890e-02 2.739257512265598840e-02 2.825937650520185876e-02 1.620590305744292955e-02 2.256586305662767675e-02 3.373212988332081885e-02
1.973433577898512856e-02 4.161901431287989839e-02 4.524049991419552136e-02 1.117053857735241830e-02 1.495561118509472834e-02 2.598818377240761160e-02 2.908428430973845902e-02 1.555397109378194725e-02 2.193574265035924328e-02 3.314004467790700875e-02
1.938673347417911239e-02 4.002576393147323081e-02 4.351624954503630072e-02 1.098948820723303667e-02 1.467502623392620033e-02 2.458305407875774687e-02 2.779142817853963790e-02 1.503332355749796220e-02 2.159006146429723674e-02 3.293522074631331092e-02
1.891371685759297636e-02 3.857334253595384732e-02 4.184812735960660030e-02 1.053159976630324395e-02 1.435315833823807945e-02 2.386674294817519443e-02 2.801261369050073863e-02 1.464405956943864821e-02 2.063428439286035115e-02 3.187902992637766525e-02
1.861263759830442469e-02 3.738313879123354028e-02 4.056932161770581552e-02 1.022553143266715509e-02 1.411564103715436287e-02 2.246848124413586625e-02 2.704437717925365497e-02 1.436204415412103974e-02 1.964067806855434792e-02 3.128948732259132642e-02
1.831058349009404007e-02 3.613522655541408224e-02 3.893729795871794103e-02 9.958020485490074944e-03 1.364752014762068803e-02 2.153557453985443723e-02 2.721781150164163596e-02 1.390574074193443727e-02 1.939968589818758665e-02 3.081894215606938159e-02
1.794599751417610620e-02 3.494450931273299088e-02 3.795491885843972624e-02 9.770174669635436904e-03 1.343329922998948156e-02 2.094644296584112497e-02 2.665675843152056149e-02 1.345123441434028545e-02 1.933694518268036511e-02 3.020342496764782253e-02
1.756377384315160189e-02 3.383694141445012238e-02 3.673216756081475881e-02 9.545997140833555397e-03 1.320382393329823552e-02 1.953357300788132953e-02 2.719490220420517704e-02 1.321744069334287661e-02 1.811876046028143908e-02 2.964110592832771771e-02
1.721975081798162235e-02 3.281151187125302265e-02 3.533472549245187527e-02 9.364722203345103579e-03 1.291199345271790318e-02 1.890263771687568026e-02 2.632173694462924124e-02 1.288286948887702385e-02 1.758170047173322759e-02 2.991058558493264741e-02
1.703650676538888756e-02 3.170975662701243369e-02 3.427744041886925108e-02 9.209508119039174281e-03 1.285445274272855112e-02 1.841714410199251847e-02 2.617913601667440013e-02 1.267925731785766487e-02 1.687424192601444384e-02 2.874829435482728970e-02
1.663344019889138534e-02 3.059936463629839287e-02 3.308890214956386466e-02 9.074624304962366009e-03 1.273234084163994868e-02 1.771954462027584137e-02 2.619077557268951334e-02 1.237574187508202854e-02 1.674044638526374362e-02 2.832057423112214339e-02
1.636688260083892302e-02 2.939376750635287056e-02 3.202729903469989092e-02 8.756228527242618936e-03 1.250238617584720213e-02 1.707683079678243288e-02 2.615012858465694257e-02 1.205142692687172050e-02 1.612329694987123252e-02 2.789605385975000434e-02
1.612082933302400045e-02 2.823172593202228492e-02 3.119206433553708968e-02 8.579096392400007917e-03 1.221777882994976895e-02 1.653752155109004460e-02 2.622356539587430979e-02 1.179727064155663280e-02 1.585746773363899687e-02 2.744936561475319267e-02
1.575465988288289598e-02 2.724227204998399404e-02 3.030520417096603178e-02 8.471225583148446828e-03 1.203388756874247505e-02 1.698917752414544347e-02 2.534027832776472242e-02 1.153165543730614966e-02 1.544483737211104456e-02 2.683965448633924070e-02
1.550058978267277940e-02 2.650919409348330424e-02 2.885930342319577638e-02 8.304207088852544327e-03 1.185053914176172583e-02 1.580938452410717704e-02 2.549005644742311991e-02 1.131770844014646366e-02 1.514010095181940289e-02 2.691681104014790119e-02
1.520095744136550943e-02 2.549895856976124725e-02 2.839557911282575633e-02 8.184486890385240729e-03 1.166947973876117373e-02 1.542419623672720667e-02 2.501250422539045767e-02 1.115830227695269357e-02 1.519482902712806366e-02 2.585587022032238141e-02
1.493812903953155823e-02 2.478393417249253119e-02 2.704941406298966983e-02 8.032833819962472560e-03 1.157173150134662397e-02 1.514271123632341016e-02 2.513760708526671314e-02 1.094775682432451436e-02 1.425246250283158933e-02 2.577909090002615533e-02
1.469048832974374080e-02 2.400344949041766790e-02 2.626200700511324357e-02 7.971554749861354053e-03 1.142176118681323231e-02 1.490909875356812540e-02 2.537471876821060374e-02 1.074918608110455795e-02 1.399094957951939507e-02 2.502018661777971262e-02
1.443068659095310922e-02 2.338470249226680051e-02 2.571896448190357301e-02 7.881641590706449027e-03 1.123181632653409701e-02 1.471989546629120897e-02 2.478541298306443513e-02 1.047416570591435357e-02 1.363786202100703178e-02 2.497897460643357104e-02
1.424002718140457077e-02 2.265001075427406502e-02 2.481494939711180112e-02 7.783515005240262616e-03 1.099481237690433898e-02 1.453983903311414742e-02 2.457505917266924675e-02 1.030694114360320573e-02 1.316323224766597841e-02 2.407163367372754104e-02
1.411336440504840604e-02 2.203115463234874005e-02 2.372331812819098926e-02 7.740783493818200085e-03 1.095381921613703541e-02 1.444969399091043834e-02 2.488888395230796566e-02 1.023189928108371796e-02 1.296316903088436980e-02 2.390685745297495626e-02
1.374864642736957528e-02 2.148595940618965375e-02 2.331991856059128024e-02 7.549949711923499562e-03 1.074503054530006989e-02 1.397722349130344453e-02 2.416239816612715877e-02 9.980676043032784758e-03 1.271020264283651002e-02 2.323066462293999282e-02
1.362770345478289333e-02 2.102849530124254601e-02 2.226480277124948809e-02 7.418682665943482010e-03 1.068721750107956038e-02 1.340391235538552356e-02 2.498893948978106808e-02 1.019463433001811282e-02 1.257557995113361797e-02 2.298411276269076570e-02
1.341881838644228692e-02 2.037104425801656085e-02 2.166015307482214644e-02 7.311159652506702550e-03 1.045656299500205381e-02 1.348627225582412457e-02 2.494700173131416537e-02 9.716875200988591907e-03 1.212090914469361909e-02 2.261682068705309426e-02
1.312929275422991364e-02 2.003012852888463521e-02 2.094958948405358998e-02 7.258427158360196071e-03 1.048155520445045834e-02 1.321183471086898216e-02 2.384214865621995735e-02 9.596397337040032602e-03 1.232366854907391597e-02 2.226695285569523647e-02
1.300250602130149750e-02 1.941770354758221365e-02 2.028836458340129226e-02 7.185905977737427723e-03 1.036094479503965257e-02 1.300054810862842462e-02 2.383735093125909435e-02 9.393893693507956305e-03 1.227530376034593682e-02 2.231981661682260615e-02
1.279641196982077636e-02 1.909078310054318495e-02 1.982419036743050464e-02 7.087640814413636442e-03 1.024755547145798570e-02 1.284022450101683470e-02 2.400801654198328472e-02 9.272968534772389054e-03 1.143806945509653374e-02 2.163574555998575705e-02
1.264351216628678554e-02 1.862010854953232569e-02 1.933239359701606833e-02 7.080674925678928817e-03 1.010980801775720507e-02 1.282696619806575344e-02 2.312794896609379064e-02 9.137981171079129911e-03 1.153230486056973890e-02 2.131227467846884271e-02
1.247394416382646525e-02 1.833078270887673195e-02 1.852875311891372459e-02 7.000249095652420935e-03 9.982336651658154161e-03 1.232930057551046184e-02 2.440530490633004493e-02 9.049089555067876822e-03 1.101139186166042588e-02 2.136891966708711135e-02
1.222252405226231103e-02 1.815254524736694200e-02 1.810691439045743895e-02 6.839281647952435636e-03 9.775021835987279459e-03 1.225158074856492856e-02 2.252212325483275018e-02 8.833244953823463433e-03 1.106111291397844469e-02 2.093082067944088825e-02
1.209311933382943918e-02 1.775374136791909446e-02 1.724614791310281892e-02 6.826647118149324449e-03 9.771704622220584932e-03 1.206360808585851818e-02 2.279995938065853406e-02 8.704494738061967565e-03 1.050707664459634046e-02 2.066301394368544667e-02
1.180925441315932092e-02 1.765987665422944289e-02 1.698221657262729764e-02 6.726888396893087284e-03 9.569394683534328261e-03 1.202324833818549030e-02 2.355023099464686326e-02 8.738350417970362077e-03 1.082172810224959862e-02 2.027243926667830071e-02
1.180357044553481845e-02 1.721013248635689177e-02 1.660096859453910959e-02 6.666172889302131657e-03 9.496482721753780540e-03 1.162390757526198838e-02 2.357770227773286348e-02 8.530880427142846500e-03 1.028556973170921193e-02 2.010780844481960608e-02
1.160895703977972079e-02 1.694570793754855004e-02 1.559905139064247936e-02 6.618237304753252052e-03 9.438352339797220422e-03 1.170164051781364366e-02 2.217733072430338667e-02 8.399019745378261473e-03 9.961025975095611981e-03 1.999629135513026137e-02
1.141865247905574088e-02 1.684983565920543033e-02 1.529594244868945872e-02 6.688885651805150968e-03 9.534120766744652239e-03 1.168888538606353139e-02 2.261590470366085445e-02 8.279728950133265555e-03 1.013863867774874618e-02 1.950403414969984969e-02
1.127652962626428911e-02 1.661429126222324290e-02 1.499993050039407673e-02 6.509471573464761969e-03 9.333658649076223210e-03 1.190619690817483305e-02 2.306122940604947782e-02 8.299794617157732132e-03 9.564355428417862029e-03 1.946335656325784771e-02
1.107537863920647105e-02 1.633146796658097033e-02 1.424691006640329757e-02 6.456224610141354965e-03 9.280225180958993902e-03 1.123686769373726489e-02 2.283045516592469362e-02 8.206837062124782561e-03 9.789392105360226679e-03 1.923652985138565516e-02
1.112443484486666176e-02 1.622059390384001862e-02 1.371334546796906806e-02 6.630537406988212812e-03 9.169463826240786819e-03 1.104044430014855700e-02 2.220700091440147225e-02 8.077872983474192539e-03 9.277855376000296653e-03 1.897684709855304575e-02
1.083242157337987316e-02 1.605514453210870121e-02 1.360276031242686409e-02 6.335440033738756055e-03 9.099405661058927730e-03 1.104890753358564806e-02 2.181106222507205733e-02 7.911640467220997300e-03 9.951142970488177295e-03 1.870982146411655916e-02
1.067159432994030030e-02 1.586334084458013854e-02 1.289769722043403524e-02 6.376053555626418588e-03 9.032253064608418078e-03 1.087602731245310497e-02 2.181547004840296219e-02 7.811884840934224875e-03 9.256715389422147736e-03 1.858551352067952869e-02
1.055379924790746278e-02 1.557355231495693298e-02 1.272807172007651803e-02 6.300242842482987188e-03 8.965378398634760160e-03 1.100625415760867788e-02 2.119896444988060569e-02 7.895872768065652705e-03 9.004141230596774542e-03 1.844662494816840317e-02
1.042155774029835530e-02 1.541612787894204584e-02 1.240954669073383344e-02 6.306948958368443353e-03 8.948771509127796675e-03 1.109955745265580121e-02 2.124481078522022851e-02 7.678427756045801307e-03 8.786826523798850833e-03 1.801313803944833494e-02
1.019832077049974764e-02 1.536314564843041866e-02 1.187273383868634770e-02 6.288233569903164434e-03 8.890511773886954766e-03 1.070617913731620671e-02 2.114244553886496583e-02 7.705284982979296662e-03 8.763634842895032598e-03 1.782822487640015746e-02
1.015100519464407977e-02 1.531362108327990156e-02 1.154173521306960798e-02 6.215442030316425427e-03 8.786855108850029350e-03 1.056963456113945224e-02 2.139400921654963442e-02 7.589656307738889239e-03 8.794036267460071318e-03 1.763001439471537785e-02
9.990440471731948380e-03 1.515619434888916886e-02 1.121818910088218796e-02 6.135435754826223942e-03 8.741471175836311447e-03 1.117874289190487133e-02 2.120658011990007863e-02 7.467140514320280524e-03 8.670337431782361784e-03 1.769274327963918023e-02
1.009798181533588107e-02 1.492891686627666019e-02 1.095552935096856875e-02 6.108344461194777607e-03 8.707603294195533777e-03 1.006929502464781745e-02 2.090721552612433490e-02 7.323615166219012845e-03 8.332585411944681483e-03 1.728513934860821666e-02
9.918620245348407777e-03 1.481911870400304601e-02 1.082346155244894720e-02 6.125721788275087336e-03 8.638949035402391022e-03 1.058273103230294304e-02 2.089396707761687066e-02 7.291060250918134610e-03 8.221633300069711159e-03 1.717174727096169168e-02
9.573934966170941085e-03 1.462234035415381321e-02 1.053089079819953013e-02 6.060017325982868311e-03 8.566193862809755658e-03 9.894355319129468154e-03 2.047526926869749561e-02 7.205468547478184778e-03 8.035621756181381137e-03 1.683691475595193443e-02
9.522141762517206953e-03 1.464683635241603894e-02 1.019545716170054510e-02 6.039191513244997894e-03 8.533494314057307045e-03 1.034579354322878904e-02 2.295125075602865578e-02 7.087232882723682077e-03 7.957426581787951231e-03 1.671790765479089225e-02
9.403366495957712207e-03 1.452317673454956749e-02 1.002448353883138819e-02 5.987765640345345253e-03 8.412785652212106252e-03 1.012117046061054501e-02 2.072918273721309143e-02 7.039099330697995080e-03 7.907794637424159570e-03 1.699133004999967347e-02
9.302129656539244104e-03 1.429010127740590677e-02 9.772143231458451859e-03 6.004001778093249683e-03 8.412945210232194299e-03 9.746087594677210753e-03 2.056720570610109933e-02 7.113249752948787828e-03 7.882500398438766973e-03 1.680053441301933292e-02
9.134127673003943071e-03 1.418658639351474092e-02 9.555506475489207105e-03 5.936900829850409907e-03 8.316958169364029041e-03 9.699134504083422453e-03 2.019987753757570073e-02 6.963582063940583142e-03 8.006232398035830269e-03 1.638695693982418142e-02
8.933488811149130349e-03 1.411641077377629588e-02 9.416731653588914994e-03 5.906817083821034285e-03 8.290140768684119491e-03 9.424648340385401168e-03 1.993634479315488373e-02 6.874612910577408177e-03 7.666088618787003997e-03 1.587696372829737815e-02
8.845174507750467457e-03 1.409382418897100163e-02 9.372334890927504908e-03 5.905685880924338611e-03 8.243745488345133668e-03 9.245834363674194575e-03 2.020970225832225201e-02 6.788490788498529813e-03 8.600708497910222045e-03 1.592553940979372223e-02
8.948064696034273985e-03 1.398171001351633698e-02 9.263781481100748227e-03 5.840262694272641691e-03 8.219342745686804980e-03 9.349888990494891611e-03 1.956949121635320407e-02 6.738454004784606363e-03 7.492296642156667970e-03 1.601457114561912615e-02
8.605355102049351904e-03 1.382756945696925199e-02 8.964023009315209845e-03 5.811887697931856361e-03 8.099237182087335243e-03 9.175305308797012185e-03 1.965208110357160101e-02 6.738305481771991214e-03 7.347541852441142815e-03 1.577962598006442396e-02
8.476638968596931709e-03 1.380811617087751401e-02 8.923933486971383569e-03 5.801345230386929439e-03 8.063698310640616748e-03 1.009408652629309455e-02 2.002551490554399516e-02 6.846843134379367035e-03 7.541919711689048199e-03 1.537595858915342603e-02
8.465837522009954721e-03 1.380964256625172304e-02 8.816938344457141488e-03 5.765927435284183382e-03 8.088820765135132373e-03 9.140435837651578882e-03 1.990714297014017573e-02 6.677456535464697772e-03 7.158764528579533194e-03 1.517634671385144005e-02
8.354950789633207656e-03 1.375791173344742026e-02 8.648936591735488164e-03 5.773734938582403622e-03 8.087748390663517667e-03 9.005739265404343052e-03 1.920255798134848368e-02 6.707840129614280750e-03 7.141003606650797239e-03 1.482223034445997491e-02
8.221784579913991170e-03 1.346798256058220206e-02 8.424574568604539099e-03 5.719966020354902599e-03 8.005831796837368369e-03 8.758887671507694858e-03 1.990557336238145056e-02 6.526938486285670075e-03 7.076812235226053946e-03 1.510753353434306917e-02
8.191760019497458523e-03 1.335939928689690477e-02 8.320957100886256300e-03 5.713813474997573270e-03 7.922314839800728703e-03 8.600391890990212798e-03 1.958783234687427183e-02 6.378130316718926343e-03 6.988465952965012586e-03 1.458976658397951112e-02
7.944093661687842700e-03 1.331742229991695475e-02 8.201335389770763110e-03 5.690069259133547809e-03 7.906735240685698607e-03 8.584838866672075269e-03 1.901303677963438188e-02 6.333360104003402796e-03 7.018412981964059459e-03 1.447700829109197472e-02
7.895804693004795233e-03 1.322623638068223285e-02 8.001337396258901419e-03 5.796398428146761449e-03 7.861755936964765976e-03 8.471473061695841342e-03 1.873800129916925253e-02 6.334447618099091869e-03 7.088988550380559764e-03 1.434524895180070217e-02
7.932478470538927018e-03 1.313829829679646378e-02 7.870366074754208199e-03 5.667359529024099986e-03 7.758425130780244490e-03 8.411547866533648776e-03 2.007538742684819230e-02 6.439798863989893568e-03 6.754780924778945421e-03 1.416107548866245291e-02
7.750638862968710179e-03 1.309568301725060231e-02 7.763495997334461142e-03 5.655470008417473431e-03 7.787389674997285093e-03 8.411857864197081966e-03 1.889388213411115347e-02 6.235157124868480859e-03 6.725403275565872661e-03 1.397567464671402651e-02
7.723582028469990791e-03 1.313290441619479471e-02 7.820629604565447132e-03 5.638799052856813439e-03 7.744052369794020459e-03 8.403939936510082184e-03 1.838357367134259984e-02 6.173860249191075525e-03 6.629218915844929498e-03 1.372006820155772903e-02
7.707397593607404930e-03 1.298363325210047901e-02 7.584542061033676050e-03 5.602494499968234745e-03 7.675501592569490376e-03 8.252194358505597627e-03 1.855092778925898286e-02 6.139938407231256695e-03 6.701251990230372609e-03 1.358795337556253577e-02
7.492147860461692566e-03 1.286857005284843154e-02 7.413342388729891007e-03 5.647426206116690217e-03 7.628058384256642191e-03 8.231945986515986149e-03 1.805849211674003321e-02 6.096351879189907362e-03 6.650109647786257329e-03 1.343270561455424048e-02
7.700059779134869019e-03 1.278263514816923609e-02 7.308717328624915639e-03 5.563689759704221541e-03 7.568979475114139856e-03 8.036480978239290279e-03 1.817688410409216623e-02 5.989345467441777211e-03 6.476085744174555660e-03 1.334436279198592673e-02
7.405906906012008767e-03 1.271524417792344389e-02 7.253507687828321393e-03 5.561955957177248423e-03 7.551148477332934178e-03 8.028296146752069568e-03 1.797928056346635717e-02 6.013479603180412261e-03 6.415763316316068499e-03 1.316712475235331387e-02
7.291533594317591016e-03 1.287930776694166425e-02 7.146735773555929795e-03 5.537044235776570657e-03 7.521762167392178657e-03 8.023014329833008315e-03 1.795794507041760524e-02 5.967226861344642266e-03 6.388252793378389541e-03 1.309245285923571651e-02
7.259243958383355608e-03 1.265310785352054268e-02 7.101860416939834858e-03 5.558380402926736165e-03 7.483306632117598181e-03 7.746476740483592381e-03 1.855452756901405931e-02 5.975283778133552021e-03 6.594887307466831307e-03 1.299321837895782775e-02
7.090420442746919044e-03 1.269028340816575479e-02 7.180865881634958432e-03 5.519665780875084200e-03 7.414739344933029240e-03 7.826079480973404875e-03 1.747474554656456430e-02 5.916675497356705012e-03 6.245771788561711377e-03 1.308769170401424820e-02
7.122089059605111495e-03 1.258406179227134110e-02 7.002855839970287440e-03 5.601467683909700304e-03 7.376224863934553906e-03 7.728925783057330121e-03 1.734821241644341275e-02 5.894483779999564778e-03 6.268020701869690854e-03 1.259209659306112158e-02
7.249366722824703881e-03 1.243408470352416750e-02 6.794796113117553167e-03 5.507452043613957418e-03 7.340800976186094388e-03 7.618427322448878894e-03 1.738211620071349051e-02 5.853870046133470041e-03 6.336519622388599518e-03 1.300821746519969201e-02
7.079770416624104126e-03 1.238382346515280209e-02 6.706014456731458802e-03 5.475456236668690795e-03 7.276374017963802704e-03 7.803931149706526751e-03 1.710448686188636644e-02 5.856523157299679122e-03 6.132841763730064420e-03 1.273344089994477707e-02
6.855686214742050255e-03 1.228849522916353708e-02 6.654017272597465352e-03 5.463307638186952649e-03 7.257933356586686660e-03 7.780701194352415348e-03 1.742878268998746330e-02 5.751644189150849698e-03 6.133495379137263344e-03 1.216496845608931211e-02
6.844401739464979657e-03 1.258024708268920891e-02 6.547921256592459036e-03 5.440818524220239309e-03 7.221938638166632181e-03 7.648127367257211845e-03 1.756723098014652262e-02 5.737202414053955458e-03 6.049759568909861100e-03 1.230426823012871658e-02
6.753784622353249320e-03 1.224705649754225315e-02 6.505970514968803520e-03 5.431962567673411998e-03 7.217157528173719257e-03 7.479227774402392656e-03 1.719374084152169510e-02 5.819289825164149742e-03 6.045878721723360084e-03 1.219135108315159630e-02
6.751273348801901768e-03 1.211673191449609728e-02 6.415913102467387524e-03 5.453827441514019422e-03 7.181538446578427347e-03 9.289765906853967095e-03 1.757206338155050535e-02 5.716913017253677336e-03 6.006995095290033893e-03 1.215074404257915179e-02
6.706552588584427897e-03 1.204257390274999714e-02 6.452758021528203977e-03 5.394297024860840971e-03 7.129182483064693682e-03 7.883042058850313338e-03 1.706688004005307846e-02 5.663232921100479558e-03 5.960007772856257095e-03 1.170242530674168828e-02
6.637961636235887274e-03 1.198132401451219506e-02 6.402541931074358546e-03 5.390174181865198429e-03 7.062105195485625028e-03 7.305612907523476030e-03 1.665386741554292921e-02 5.683585520857675245e-03 5.926009784615832686e-03 1.177713871307064196e-02
6.554450513660620842e-03 1.199164373792574630e-02 6.235943460014779609e-03 5.447688178422453904e-03 7.031736158287117157e-03 7.347254196603813202e-03 1.622633348252602858e-02 5.559820052069993322e-03 5.877565417176760544e-03 1.143494828285033550e-02
6.553595373612213816e-03 1.196673180606757161e-02 6.241701351925644549e-03 5.391111747755560242e-03 7.031048681494934949e-03 7.545827361395822733e-03 1.683114740031776968e-02 5.577001532049407836e-03 5.764421624498755267e-03 1.131047255191361227e-02
6.487940150074616129e-03 1.195528531157071667e-02 6.137171084169531013e-03 5.419357156867349486e-03 6.956483670193566726e-03 8.819920979663572677e-03 1.682599295792202437e-02 5.531465277466974910e-03 5.841078030577429026e-03 1.128357214820315500e-02
6.428577207926999826e-03 1.181344338538146792e-02 6.070272748162186538e-03 5.426177702464732994e-03 6.985641270229304978e-03 7.604203843757933665e-03 1.620061255310813186e-02 5.533687743902249503e-03 5.719238251379583568e-03 1.121135495336817237e-02
6.366519310267390944e-03 1.164980993152184285e-02 6.023000411811740666e-03 5.424043080556550066e-03 6.888203780441868110e-03 7.001826520371443041e-03 1.639157842388066361e-02 5.494892128362122499e-03 5.692791274079082343e-03 1.108731018237529668e-02
6.478970698886647034e-03 1.170271888017082595e-02 5.988698371087745366e-03 5.370666375160203752e-03 6.893512008655350819e-03 6.825306799664759491e-03 1.586241038956753141e-02 5.448065549103782608e-03 5.646733401776828955e-03 1.113197474212404905e-02
6.328199644594540568e-03 1.156949817491339030e-02 5.938776735792993151e-03 5.540699758771171386e-03 6.853119107589243468e-03 6.794298868199122668e-03 1.612635566498576631e-02 5.446336325073976824e-03 5.662763598250511107e-03 1.082769246599769516e-02
6.367669180740641484e-03 1.158906253582495972e-02 5.867017187091745287e-03 5.372673836613066703e-03 6.778041117521066070e-03 6.912597355473872919e-03 1.602664807462414465e-02 5.398248498901327824e-03 5.590858747245092825e-03 1.070867354648997322e-02
6.392961025413953016e-03 1.150180636596320922e-02 5.824958605550536669e-03 5.303898388626420574e-03 6.756271379109344069e-03 6.809428457395542630e-03 1.562510259502441698e-02 5.367203282156856985e-03 5.669514570265047487e-03 1.079837912811412899e-02
6.164153556319394538e-03 1.151826327525039446e-02 5.870835872654405797e-03 5.305838320118395554e-03 6.684765870728390930e-03 6.599810494053623758e-03 1.510878417815703784e-02 5.370913839005906146e-03 5.516535702984034194e-03 1.050908514282431795e-02
5.985417057481011958e-03 1.141220876681748285e-02 5.739906396368336071e-03 5.285938959905613771e-03 6.690917304070760109e-03 6.549165468771146921e-03 1.563083501397603825e-02 5.367049649339445533e-03 5.435963445259980181e-03 1.066604687121553048e-02
6.065214755662223095e-03 1.144765606693108097e-02 5.724177155041909430e-03 5.252938368459881061e-03 6.636395046274430262e-03 7.632864296253089390e-03 1.482109520647477245e-02 5.321027766142572002e-03 5.439487365596775738e-03 1.054502375645798538e-02
6.083897973700792307e-03 1.131056628794810219e-02 5.668191185951074358e-03 5.360828655812115325e-03 6.619632873494789814e-03 6.822567991670227573e-03 1.510615010872847115e-02 5.359648058282449022e-03 5.773445620425576678e-03 1.028564828336784968e-02
5.962989889137451302e-03 1.135936416743545292e-02 5.621003644289394689e-03 5.271128260653817031e-03 6.585412979009389739e-03 6.883658136483407006e-03 1.483720627646565975e-02 5.350610697171573511e-03 5.409474098417183310e-03 1.014592770058362139e-02
6.129869322668086290e-03 1.109761731404994810e-02 5.615903766545203395e-03 5.283405126001974178e-03 6.547127351987322777e-03 6.384362232808022189e-03 1.441344157217339626e-02 5.289251519581044877e-03 5.356596271732961580e-03 1.007575983683385405e-02
5.969354397058286923e-03 1.139560871625408360e-02 5.559218267221391167e-03 5.289349584837742084e-03 6.504709631944903536e-03 6.333821049879983719e-03 1.479952546073424850e-02 5.264313797548871195e-03 5.543933217123633329e-03 9.949489726474646661e-03
5.938922873280030879e-03 1.105642674085520298e-02 5.532733596620787245e-03 5.252586018942086675e-03 6.438928981939127244e-03 6.327510668810286398e-03 1.450238325473962760e-02 5.201466141627016614e-03 5.366841598429249530e-03 9.876783131440242461e-03
5.829443479961845566e-03 1.112580371419773749e-02 5.480373289834600953e-03 5.242899640976285587e-03 6.401943209044607362e-03 6.507144864958632792e-03 1.492475962639958943e-02 5.208595660034436720e-03 5.302820683475686393e-03 9.864502163451232403e-03
5.853835792050906574e-03 1.102275203505916762e-02 5.501522557796493032e-03 5.268960686790672560e-03 6.360166231927056116e-03 6.561046070791307777e-03 1.450506774681624596e-02 5.212758905331542868e-03 5.222313977418450125e-03 9.717127314984754308e-03
5.835020382840899397e-03 1.096784635435139009e-02 5.604014515979025175e-03 5.434165616623154796e-03 6.360339519464303613e-03 8.321264824175517855e-03 1.382570195653441518e-02 5.137726233815765806e-03 5.225170009493998804e-03 9.607063157149256169e-03
6.037604798435174981e-03 1.092703517379733924e-02 5.379990165267501366e-03 5.263657908243684833e-03 6.306496457713081823e-03 6.662733583732550688e-03 1.356300958010651751e-02 5.152001715703771224e-03 5.261109935046610377e-03 9.512719011793827409e-03
5.730352896294704443e-03 1.091694035931096290e-02 5.355520454750189660e-03 5.213286110500259252e-03 6.339827891377907386e-03 6.349317773740245641e-03 1.378547567745409819e-02 5.116643036830835836e-03 5.212775228688813767e-03 9.586397295874500221e-03
5.753288095092600092e-03 1.079296981930462362e-02 5.320428739868401230e-03 5.241085071606203100e-03 6.319602990926499395e-03 6.683310630347303466e-03 1.358445817444053731e-02 5.095062902735644078e-03 5.142008032777819516e-03 9.382726797848985750e-03
6.106346390565590629e-03 1.069192617764803434e-02 5.291971358837994389e-03 5.200785843917684302e-03 6.250311283598354584e-03 6.253344273798737245e-03 1.334371988927371064e-02 5.038871815792906640e-03 5.106786008169187860e-03 9.358208860441920643e-03
5.782786300978407824e-03 1.063730698964257884e-02 5.447062521355531574e-03 5.218363720037323336e-03 6.219203742913891400e-03 6.030833881821235157e-03 1.307916815497968052e-02 5.022285765064619760e-03 5.318133820461078479e-03 9.230801506395151790e-03
5.475705389503243009e-03 1.060815787417500149e-02 5.238848357026341593e-03 5.188917817964036269e-03 6.226934529362742818e-03 7.724335599475167999e-03 1.294249372981617387e-02 5.127615797984267504e-03 5.186868726457618747e-03 9.320924616741650334e-03
6.026770182739849165e-03 1.055878726394864249e-02 5.247248208229367272e-03 5.191368350733031184e-03 6.160022530677647032e-03 6.409923669387861643e-03 1.296775737658697678e-02 5.068972898559499958e-03 5.061821868087254192e-03 9.053750079413919183e-03
5.523653769929074385e-03 1.066090441046041795e-02 5.218673601806288025e-03 5.183387424587905003e-03 6.154516479745657763e-03 6.044809696716637454e-03 1.289136357403671169e-02 5.025075968115030357e-03 5.131551126297188674e-03 9.097569950255438367e-03
5.755978000617932924e-03 1.042336770959644346e-02 5.278469665713355144e-03 5.166163687264209610e-03 6.072682810645792066e-03 5.947341907478380721e-03 1.257262674563936616e-02 4.943967991580562084e-03 4.989993941634050974e-03 9.026919824815930402e-03
5.443445317426701124e-03 1.048284960579347336e-02 5.169093821260383088e-03 5.170375517578790214e-03 6.057379161225558833e-03 5.807486409563531252e-03 1.214473357089303901e-02 4.968536971100277408e-03 5.008880806080532461e-03 8.891105952056015463e-03
5.540456328911931572e-03 1.029421707984816761e-02 5.109684810118595225e-03 5.232209559420761269e-03 6.039425208837293987e-03 6.031469149377995456e-03 1.227965414438607697e-02 5.019511701585485826e-03 5.059776843358580224e-03 8.786762906041077278e-03
5.504959516813942577e-03 1.027582320493061405e-02 5.086383833215666478e-03 5.161712485865847279e-03 6.003701471963934257e-03 6.306302975131072852e-03 1.199521365399757247e-02 4.965809428384146580e-03 4.970443149153513061e-03 8.866696784541586510e-03
5.345868596797503057e-03 1.026229110929034738e-02 5.115221367531532642e-03 5.195461375002729566e-03 5.993802715382818419e-03 7.848620558007649364e-03 1.223215677055447537e-02 4.907913189401440571e-03 4.950313775558407015e-03 8.720275714054424518e-03
5.317214805697619527e-03 1.025961979249399685e-02 5.040943825341861681e-03 5.185041565723281197e-03 5.980020824457164819e-03 6.651081877264856772e-03 1.166352525785215206e-02 4.898092414107762561e-03 4.888083656123523232e-03 8.737644326467399261e-03
5.293808116546412819e-03 1.015126890310774632e-02 5.110632050066331658e-03 5.152471194187355913e-03 5.909091379647945022e-03 6.392908719898632991e-03 1.195519151862870291e-02 4.868884907866036227e-03 4.908240682525517352e-03 8.593537241302729585e-03
5.586347296243082336e-03 1.035231269751500129e-02 5.010354307887936350e-03 5.142090506887785420e-03 5.915283186708380006e-03 6.370835350188684514e-03 1.131801550672460396e-02 4.858136169698166855e-03 4.897084529482134685e-03 8.488311357930752865e-03
5.296959033221806772e-03 1.018983338948674551e-02 4.985248887082452916e-03 5.137709677331140680e-03 5.946026279734051116e-03 6.199803177830171853e-03 1.120103057114917380e-02 4.815068107973089276e-03 4.857837708694407244e-03 8.423443803808345481e-03
5.382958924741098120e-03 1.012985241399125269e-02 4.970852214429458994e-03 5.236403699574319198e-03 5.894650583950173349e-03 6.334082917998798065e-03 1.127473989285957164e-02 4.812691162405086792e-03 4.866306510387257561e-03 8.464545066866776407e-03
5.451211358342614340e-03 9.944799802649326170e-03 4.940505777348087359e-03 5.131645207582193405e-03 5.822808166048929444e-03 6.021420587585205736e-03 1.092736980502676154e-02 4.770244704095360014e-03 4.848371238049111430e-03 8.317351457475030685e-03
5.361120855392944445e-03 9.952093824880315492e-03 4.938381967025028997e-03 5.127130089500086738e-03 5.821768323048362968e-03 5.867795532032468730e-03 1.075758754730628437e-02 4.839062348233363030e-03 4.838342451160483788e-03 8.301652796799230405e-03
5.231830439292709661e-03 9.932001020230672370e-03 4.902471027702221852e-03 5.181976934495484063e-03 5.794435038042151584e-03 6.626677451970301551e-03 1.066642609164673676e-02 4.784674469109019904e-03 4.900627803491245174e-03 8.223086845165778619e-03
5.388965904215477568e-03 9.808694491550015715e-03 4.894617030831422896e-03 5.113717152633587455e-03 5.789404118257975192e-03 5.686254186029445282e-03 1.024039918518417427e-02 4.764441685885774727e-03 4.820537510523624850e-03 8.590961215469258144e-03
5.371637767161832611e-03 9.980765287320223986e-03 4.908518596815721578e-03 5.122735851977889068e-03 5.788178407607477878e-03 5.468161987972421784e-03 1.061535456633958853e-02 4.781043781217992651e-03 5.051770265159619654e-03 8.098022795732167517e-03
5.274801783378555570e-03 9.796405435253608546e-03 4.840421616524616215e-03 5.089710083405744011e-03 5.732492543822931622e-03 5.433449444744892741e-03 1.018251680592171735e-02 4.703052418436835629e-03 4.775088835419208887e-03 8.114783714698399833e-03
5.069232508416596922e-03 9.728098808762679350e-03 4.848684335479770506e-03 5.091329798473699826e-03 5.720046842909855961e-03 5.971637334635422796e-03 9.787021773510155148e-03 4.661748498218793758e-03 4.752221190684303466e-03 7.991405704101587834e-03
4.976687261143031282e-03 9.851355466829518626e-03 4.807913262587375051e-03 5.151505045573352183e-03 5.731492968062009384e-03 5.611457884957703722e-03 9.851521038279232451e-03 4.672352145983821661e-03 4.732693482429551658e-03 7.961638038111784610e-03
5.143529498123029786e-03 9.647231438627544911e-03 4.822786782148786623e-03 5.104509477486267668e-03 5.697314813568886936e-03 5.239285211966379988e-03 9.480650182302086809e-03 4.700259013965412194e-03 4.768023967486678151e-03 7.899987674825881614e-03
5.719761773455271474e-03 9.768954109148153889e-03 4.815702898088054275e-03 5.063797489358694282e-03 5.843024333829748181e-03 5.177372730150416220e-03 9.615953285968694905e-03 4.841012596975462559e-03 4.637359785850503346e-03 7.849751855032272713e-03
4.969655694862894560e-03 9.500354720324299257e-03 4.775975893439218453e-03 5.109081973226983937e-03 5.695641075326034891e-03 5.286779168383754987e-03 9.108448145648121927e-03 4.675799515708655915e-03 4.666080615796179207e-03 7.777062452913200384e-03
5.486169473320783550e-03 9.628489135706049321e-03 4.747080237593806484e-03 5.067811805420772801e-03 5.649837828687805444e-03 5.266466101575749577e-03 9.206078989618263556e-03 4.665323081442776000e-03 4.770692336856134121e-03 7.943909312979415688e-03
5.200615476272503652e-03 9.405838847432132846e-03 4.780407248440745813e-03 5.095522150971649143e-03 5.680047328208696032e-03 5.361245095339231027e-03 8.914464299988001869e-03 4.659284956563998666e-03 4.610516977817989172e-03 7.683044351447063276e-03
4.996275410387712203e-03 9.471498961053620436e-03 4.762785656137460619e-03 5.092912855253369647e-03 5.701021678835655783e-03 5.597555218684671652e-03 8.745005880095283249e-03 4.647471333243760952e-03 4.665313075090323641e-03 7.684134813003433255e-03
5.064021783415578216e-03 9.428745064982608365e-03 4.706959079867802619e-03 5.067200225393299513e-03 5.615058206343646191e-03 5.804683417443930703e-03 8.563034295909535340e-03 4.575992402652014242e-03 4.615541957450178950e-03 7.770145633359715372e-03
5.198508504467244142e-03 9.299469033560174916e-03 4.753352341882081424e-03 5.084563781976580987e-03 5.776552423321582551e-03 6.586849945628929850e-03 8.574352185632395235e-03 4.600284266307798353e-03 4.577444058438293224e-03 7.546503157872392654e-03
4.797675740199201788e-03 9.385674762515942848e-03 4.708755161416605141e-03 5.064610067383754598e-03 5.583788955024505778e-03 5.581318858556260851e-03 8.380262546494108081e-03 4.692378823372224221e-03 4.609403323734755781e-03 7.631331392636568969e-03
4.827446490930375339e-03 9.195036544610747306e-03 4.666676826047088181e-03 5.065178472803899372e-03 5.579182450212395381e-03 5.042917494881621852e-03 8.239418975414728244e-03 4.557963919769303200e-03 4.559964547093610550e-03 7.469302325434854124e-03
5.415571168268356814e-03 9.335580027639515249e-03 4.732702891248588041e-03 5.102078409806283001e-03 5.559275647510217994e-03 5.232511797533492826e-03 8.105344711090541054e-03 4.532079210018628845e-03 4.546485888954412968e-03 7.392960114700670472e-03
4.955849565037319035e-03 9.193085464042202379e-03 4.750703198899496049e-03 5.075694745022090414e-03 5.564950242816595755e-03 4.989371128278814044e-03 7.991548825168330594e-03 4.534966359850759084e-03 4.602645480315117367e-03 7.363700190843246521e-03
4.961089000160623375e-03 9.180813703020261271e-03 4.697613047532028449e-03 5.106051605851937535e-03 5.559157786941426420e-03 5.881819294566180412e-03 7.892215841391325704e-03 4.536009156580997001e-03 4.555072313864251717e-03 7.334747287480535005e-03
4.909879873276777953e-03 9.019332812325801807e-03 4.680621253774976120e-03 5.096035210124204122e-03 5.539864728195572664e-03 5.385182013329175080e-03 7.725044604922625367e-03 4.779338359428324072e-03 4.531601430981492366e-03 7.325249577772040104e-03
4.801876887318159114e-03 9.214302787218801166e-03 4.648415493353162502e-03 5.017408073886644310e-03 5.523774786016706975e-03 5.285556786548009298e-03 7.596484602085524368e-03 4.609825302115908366e-03 4.592115029260448143e-03 7.224293970763062504e-03
4.740462177950353212e-03 8.995149517008711043e-03 4.620911320209830989e-03 5.031621174247642367e-03 5.496394988101999460e-03 4.962996121877826308e-03 7.421284886905158903e-03 4.506328443464323839e-03 4.536131427315005966e-03 7.185243984730632118e-03
4.916432557853917668e-03 9.038984557382272189e-03 4.598094338163946117e-03 5.039184458298136791e-03 5.569669296606485215e-03 6.259725996963917509e-03 7.267955160662928696e-03 4.472355527153614937e-03 4.510065843249624375e-03 7.138693027816708780e-03
4.828265296169764915e-03 8.988808334597359409e-03 4.588535765439672939e-03 5.020084760859264660e-03 5.473820421273443114e-03 5.033398398742552557e-03 7.189395509089544292e-03 4.551615098376458196e-03 4.501636573302961360e-03 7.220113112213471379e-03
4.984307797927238493e-03 8.821587749539248902e-03 4.634767285818672256e-03 5.047337741610021487e-03 5.470867751178743257e-03 4.951840300412828182e-03 7.128275984310488908e-03 4.442801168591598709e-03 4.465011107668188234e-03 7.157060461080608400e-03
4.954356384814909142e-03 8.902923067926938466e-03 4.590653177291483672e-03 5.111893291919105374e-03 5.463332786822300453e-03 5.085923454921502385e-03 6.961829917720657387e-03 4.503133116530068890e-03 4.449066150886551302e-03 7.057797016692813133e-03
5.088465528957861368e-03 8.855348042780496892e-03 4.544944850545545000e-03 5.024007283786100994e-03 5.467637252796741891e-03 4.847132912715987514e-03 6.853959990235011790e-03 4.551057510853962276e-03 4.436292126341493357e-03 7.096249434407926084e-03
4.775973292789186322e-03 8.873481686370624302e-03 4.549614664209057115e-03 5.018555678228187218e-03 5.500484966610152959e-03 5.032108295567004445e-03 6.717983729403792861e-03 4.509664284895655711e-03 4.410137292420394060e-03 6.953232150135712185e-03
4.764525122546824608e-03 8.763283861617295056e-03 4.588603114204365709e-03 5.018002184128098758e-03 5.466058729165597027e-03 5.149675450005692691e-03 6.631003527750241842e-03 4.459317331777638317e-03 4.491457747834664768e-03 6.898645157072424636e-03
4.923143574729993248e-03 8.771738162884880341e-03 4.547462666181842708e-03 5.030482990720923017e-03 5.431350642347554207e-03 4.630588622110590191e-03 6.559945941792936358e-03 4.431240301341177190e-03 4.396292011682238071e-03 6.864426638195992442e-03
5.572119742814334725e-03 8.748848758380563251e-03 4.534339530650503651e-03 5.122355184620762565e-03 5.440821939074867546e-03 5.266123964566113771e-03 6.383018554641766394e-03 4.504572287153547558e-03 4.417717627458000312e-03 6.895309163837755502e-03
5.140494495313310125e-03 8.804668861531392970e-03 4.501725284664527017e-03 5.069706801081206790e-03 5.417053360398856390e-03 4.950128191657065906e-03 6.272543689194155954e-03 4.406356920574880376e-03 4.441945438582436956e-03 6.788595210825846930e-03
4.717449419399375767e-03 8.595060900975301163e-03 4.578238563424444352e-03 5.025846144589839713e-03 5.396498660472695205e-03 4.541846200514329523e-03 6.162829664525030365e-03 4.401391975585260304e-03 4.364455263936897235e-03 6.835969167286953287e-03
4.901555834072328713e-03 8.541154378546174028e-03 4.480006258925010691e-03 5.087446862848342931e-03 5.396482728089047574e-03 4.723341424497345085e-03 6.121563251952339205e-03 4.394040007876328160e-03 4.357387391172497931e-03 6.716647897843936420e-03
4.862749447615405222e-03 8.509544203442962959e-03 4.494829608667464185e-03 4.990877597252616621e-03 5.395330012298905215e-03 5.004076955867587870e-03 5.998482992572647630e-03 4.477280844740782681e-03 4.453396406791380185e-03 6.678363497713351096e-03
4.918101519692879252e-03 8.542916032803453755e-03 4.568034731288967212e-03 5.001709575567043695e-03 5.465541689145370953e-03 6.072905777622842824e-03 5.929767182645463708e-03 4.618231153161219370e-03 4.372957426399998009e-03 6.703784895271428998e-03
4.905397941206132706e-03 8.493696120084884976e-03 4.574780295550453547e-03 5.026598843706541440e-03 5.367130471306740501e-03 5.725101347322487412e-03 5.834194798446466074e-03 4.431977047008938547e-03 4.458502250277092058e-03 6.602971339027203027e-03
5.246952003811372264e-03 8.413711265408423470e-03 4.468152001261949287e-03 4.989574996128058604e-03 5.384550554353561419e-03 6.558763554785494894e-03 5.794929510435814154e-03 4.371848926008682287e-03 4.363705337256097022e-03 6.593457738035171656e-03
4.664588812929968895e-03 8.504959165482385910e-03 4.455233486074035472e-03 4.982898394320294660e-03 5.365526014725083802e-03 5.175854956672972310e-03 5.748683196708874107e-03 4.450675448279562199e-03 4.358834248176414114e-03 6.642806439645446148e-03
4.564725632633378355e-03 8.612992221766939752e-03 4.599999097358789014e-03 5.003231820078972089e-03 5.351700688981357243e-03 5.085110451409689467e-03 5.663281902861107102e-03 4.402757578505177120e-03 4.316286225663843422e-03 6.514807717261647708e-03
4.705104966690574694e-03 8.495028281652796526e-03 4.433963381646310008e-03 4.960068494895995481e-03 5.332806075549119743e-03 4.610557311577222726e-03 5.624394140612784879e-03 4.375086132232417109e-03 4.298048438182914925e-03 6.464550157521517862e-03
4.764707005483271793e-03 8.272980006077311488e-03 4.459698832992058798e-03 4.979486056982080494e-03 5.335196058483515288e-03 5.022135697624203685e-03 5.577921640254907693e-03 4.359019959332796797e-03 4.284240200488965630e-03 6.442606034701942735e-03
4.779839589813887103e-03 8.519078818017972177e-03 4.420349164465247477e-03 4.955026557092857484e-03 5.367194421111077911e-03 5.166852018917402790e-03 5.547366472832175946e-03 4.380931937438051031e-03 4.237812772691080913e-03 6.395885051206842177e-03
4.677604731167012489e-03 8.419485477009231583e-03 4.467065876165443247e-03 5.003616083451990770e-03 5.320436185232548486e-03 4.755934219361163638e-03 5.430253244573413074e-03 4.389251676094566880e-03 4.404791457253245598e-03 6.374928813725179444e-03
4.625605061122467845e-03 8.170268932400241713e-03 4.501649355635129780e-03 4.981559852487471227e-03 5.319479216727544119e-03 4.609900048359719983e-03 5.389159958828207073e-03 4.371914988692631419e-03 4.281487765426655705e-03 6.391893308417531151e-03
4.665445171077644941e-03 8.175755315769457285e-03 4.434525335756973365e-03 4.979932138754949653e-03 5.293215160392635357e-03 4.610455590820948871e-03 5.403874712635787537e-03 4.357016701835554097e-03 4.263633785069539939e-03 6.306916736516147634e-03
4.704551061726592112e-03 8.318355664024374915e-03 4.400289092507245724e-03 5.042535280809062534e-03 5.297949320060170789e-03 4.482121616966404549e-03 5.370668507009535367e-03 4.347801639512736266e-03 4.283457634902304405e-03 6.297219142544315494e-03
4.536877314851409625e-03 8.120343240051232717e-03 4.436678272378752688e-03 4.989948282124114995e-03 5.312652624688250086e-03 4.624905000765879015e-03 5.270478694464382149e-03 4.335130444113312505e-03 4.740659882155121019e-03 6.207882984545381490e-03
4.552105502584941413e-03 8.042674456808838676e-03 4.496782536702145783e-03 5.029325811560116273e-03 5.292448350596116319e-03 4.476774911954944057e-03 5.304527665730323152e-03 4.278729830396989231e-03 4.297593995428589976e-03 6.234107780239937779e-03
4.906238821288005751e-03 8.125331713009473905e-03 4.433842960638672247e-03 4.957529377957316935e-03 5.279955870181964050e-03 5.232050657317206116e-03 5.333486225577175992e-03 4.321636317876281080e-03 4.274486124652567866e-03 6.148362151568556415e-03
5.561962881415078233e-03 8.334262168914139887e-03 4.420483186294643999e-03 5.042764131458935678e-03 5.275379359933732304e-03 4.994071332431578893e-03 5.180168667532445738e-03 4.334836194362130454e-03 4.201863510454403698e-03 6.127699644922444781e-03
5.524189492992835453e-03 8.080002426404359062e-03 4.433063187629484106e-03 4.967450332699404475e-03 5.268518359687163546e-03 5.377430854648912288e-03 5.123235141213368544e-03 4.357309004471686224e-03 4.217431298944676089e-03 6.144878448337390969e-03
4.538695904653385765e-03 8.012088595346161801e-03 4.533141085268262149e-03 4.942946382501823763e-03 5.261062841890738057e-03 4.687749984047378041e-03 5.076532109704601226e-03 4.357329513608384185e-03 4.302166296622531722e-03 6.128193128795156493e-03
4.539392340962271170e-03 7.883676640951896644e-03 4.459524814389875282e-03 4.935003277121081597e-03 5.260868040792810243e-03 4.639758649566920988e-03 5.052480981272837110e-03 4.273570512804285987e-03 4.173207146349782945e-03 6.025594061590510905e-03
4.581715059475213910e-03 7.823493373504073964e-03 4.544075903003506021e-03 5.075974726177424207e-03 5.247970857860334223e-03 4.356510308686755047e-03 5.054436492904379463e-03 4.321360434941197426e-03 4.240403681672074918e-03 6.041055607424688709e-03
4.619082303289501201e-03 7.863919099165150514e-03 4.345885470771050467e-03 4.933949518242676177e-03 5.241804076853974655e-03 4.904707487032148455e-03 5.186810635427191798e-03 4.250436158744985704e-03 4.216774134720815623e-03 5.985164558379638816e-03
4.683938753362116084e-03 8.084352053501452778e-03 4.384804058913688123e-03 4.932111959998776093e-03 5.244285668759892521e-03 4.347239269077200763e-03 5.040815922382600560e-03 4.348882937857745552e-03 4.172159152551638793e-03 5.958775924620927054e-03
4.596175532841246039e-03 7.805625664226968630e-03 4.389538568963343573e-03 5.049911515656335149e-03 5.237918409398374837e-03 4.884478137314063155e-03 4.979617223430836750e-03 4.254096026044753773e-03 4.204654703196373904e-03 5.956095412843882136e-03
4.619429013470010247e-03 7.969406655940492953e-03 4.415861719568346840e-03 4.933159426935525456e-03 5.252801394852108126e-03 4.985196005950729391e-03 5.000720139962624988e-03 4.290251308096646420e-03 4.114862290779027106e-03 5.886249163386287654e-03
4.530616118657068009e-03 7.799006178745866019e-03 4.334199202010920529e-03 5.015407367913040683e-03 5.260323136001508575e-03 5.374780176576943180e-03 5.003502886105364381e-03 4.225342912984241146e-03 4.099326271553193485e-03 5.839131513725909911e-03
4.360224246509275016e-03 7.773911722351572323e-03 4.340519663704769243e-03 4.926629092165749069e-03 5.229707400343915243e-03 4.468390664067081741e-03 4.916661598589684885e-03 4.245360078966581643e-03 4.217195959710303386e-03 5.831156255867775418e-03
4.899938664697213453e-03 7.588619797781826284e-03 4.397360479600510678e-03 5.006672585453160115e-03 5.225173202189519958e-03 4.632778956027629180e-03 4.950017422541370948e-03 4.243594708569753057e-03 4.098705341213884634e-03 5.896575911660341222e-03
5.338476248484052764e-03 7.752945922715074288e-03 4.320225145885680726e-03 4.917995016687291832e-03 5.200999953060905789e-03 4.642885319073308814e-03 4.974048127016611649e-03 4.223243308171712763e-03 4.088795314995927882e-03 5.913266440947017102e-03
4.792384479154179235e-03 7.578295155460513036e-03 4.342960004350529361e-03 4.918538338153460171e-03 5.192182956535540059e-03 6.953757820360714770e-03 5.025845292711667543e-03 4.372218373204829651e-03 4.075238573464443591e-03 5.770568871440293415e-03
4.534430951059727384e-03 7.799377216963080880e-03 4.355319256746758259e-03 4.943838001477919228e-03 5.198069098631076003e-03 4.796987485877948071e-03 4.851027284425434537e-03 4.344404693464178936e-03 4.062674949417948399e-03 5.731620379136572602e-03
4.804469086615224989e-03 7.593351032488573384e-03 4.369170247758831158e-03 4.958631661837607091e-03 5.203896812744595105e-03 4.749882607021848127e-03 4.931391203581230245e-03 4.191110610221296731e-03 4.243801813469593072e-03 5.718520714479541009e-03
4.368241688155577798e-03 7.717918702509245915e-03 4.298744011324791107e-03 4.955092782443302341e-03 5.171472797888599683e-03 5.375276030874410679e-03 4.848614729344665614e-03 4.261140653312403374e-03 4.047149067637629757e-03 5.719574365054809137e-03
4.694854882025874254e-03 7.502380254015047177e-03 4.313720266036220885e-03 4.909017930960005160e-03 5.174637533039821644e-03 5.558445412108108455e-03 4.851372202977889334e-03 4.311318295505445382e-03 4.104007269239852429e-03 5.706919276651408780e-03
6.283248867096889040e-03 7.443583299162962776e-03 4.312487514459750239e-03 4.905238897728480228e-03 5.185603443593857394e-03 4.282316420116075162e-03 4.796919906989305024e-03 4.336844381026442458e-03 4.049019612552539997e-03 5.697796386435618511e-03
4.511397511288852726e-03 7.433189851360041261e-03 4.297235413356251081e-03 4.900805934788502946e-03 5.156903883276197850e-03 4.384490840556381878e-03 4.848777460680383025e-03 4.345525679999580337e-03 4.061613866903278705e-03 5.720075861864900441e-03
4.408454669333548674e-03 7.364300376540864300e-03 4.297977320110771791e-03 4.910283106970984683e-03 5.164066228055277062e-03 4.241000879477414484e-03 4.774366621966542011e-03 4.163035968561840799e-03 4.015461427458262914e-03 5.643131201730850789e-03
4.978332818244486299e-03 7.393638395471378855e-03 4.304163541248413882e-03 4.899772130140916428e-03 5.151940519231473607e-03 4.334340579718437211e-03 4.786099858110537744e-03 4.244382228583260495e-03 4.059262042623123026e-03 5.614083107515515335e-03
4.855341434849179232e-03 7.461028430330429902e-03 4.372603472256944568e-03 4.963039761835231004e-03 5.161326498601669435e-03 4.104713662772778784e-03 4.767077311676153409e-03 4.188921196188647757e-03 4.021739433592414446e-03 5.636586548280413979e-03
4.589951887160233397e-03 7.279257383301534524e-03 4.342590708398260529e-03 4.934365356223458302e-03 5.146751170966047499e-03 4.290520731990314640e-03 4.744243043615917720e-03 4.291557129821941922e-03 4.032512339617606856e-03 5.691582769327256999e-03
4.383673184412025838e-03 7.302856048690773566e-03 4.360675382332432695e-03 4.946676818364505179e-03 5.143537076260534455e-03 4.500141099777766815e-03 4.734736969942735310e-03 4.245068172798928223e-03 4.013336680533938390e-03 5.514705938146034769e-03
4.480628280185560905e-03 7.234897373262853468e-03 4.282247157266796250e-03 4.944767571775412693e-03 5.251582517142690081e-03 4.268623870313582522e-03 4.757508778392633905e-03 4.175515468551176460e-03 3.989128278340888303e-03 5.509441357521363547e-03
4.768764679792413322e-03 7.178694580618597693e-03 4.293506648838215679e-03 4.918393306974106795e-03 5.136603803788664969e-03 4.090798260255446191e-03 4.697227639965871962e-03 4.269703206567258651e-03 4.011429190811899650e-03 5.483598388980684586e-03
4.232629598837371089e-03 7.388797315329870621e-03 4.313482145925327804e-03 4.935509766579672386e-03 5.116751782010458237e-03 4.178940333719008936e-03 4.694185816259703083e-03 4.420694345625796398e-03 4.176917771750818242e-03 5.478289662631853803e-03
4.325296885327726236e-03 7.113626730101244716e-03 4.261068401140417558e-03 4.907426671217587910e-03 5.140444419922386016e-03 4.290242243586253265e-03 4.728270495578518022e-03 4.137851576013018215e-03 3.970887981178284655e-03 5.527969751872599535e-03
4.637699333109666922e-03 7.012042105773056561e-03 4.393619799205436723e-03 4.906960798423430810e-03 5.253931807303415837e-03 4.156849423654333624e-03 4.693500736488645866e-03 4.164945561791724878e-03 4.017908987606225689e-03 5.477169407399035995e-03
4.893998055741968431e-03 7.197270096771001338e-03 4.261698022759766689e-03 4.968957626212950826e-03 5.136770820948786086e-03 4.776076787024182563e-03 4.729081034029735189e-03 4.133106959046502910e-03 3.969999791131668954e-03 5.465641751681310327e-03
4.345000183089702157e-03 7.303723213673493642e-03 4.336348161858026400e-03 4.920852524555911593e-03 5.173258911419050497e-03 6.095186922178369958e-03 4.669945537533620045e-03 4.267367407799208673e-03 3.958005335930309294e-03 5.454350388124543092e-03
4.466552023059767139e-03 7.034299608258508599e-03 4.262351531351822077e-03 4.894586469033001055e-03 5.101071783318261374e-03 4.342327300757001761e-03 4.644777594646157075e-03 4.331922736847614377e-03 3.938324058606564905e-03 5.428044140468130975e-03
4.440681708661879321e-03 7.103877055046846183e-03 4.271147600511075205e-03 5.027812261581002078e-03 5.101676325227964652e-03 4.042465269917426378e-03 4.643117405811987737e-03 4.155476128519469334e-03 3.917499139763186769e-03 5.400858493991380488e-03
4.844595586053584285e-03 7.074388051463219133e-03 4.246700841417816452e-03 4.871279091258788781e-03 5.095947471617037934e-03 4.451154752778793862e-03 4.642084529926190049e-03 4.249315752863996008e-03 3.962401631471605852e-03 5.390165359615299925e-03
4.410727200954206104e-03 6.840343763656484000e-03 4.244500481786988785e-03 4.938288240353220712e-03 5.102179017441813708e-03 5.263449553151704902e-03 4.627916936378009133e-03 4.174134256825192540e-03 3.917471825604832390e-03 5.390183568170655269e-03
4.327560272449034948e-03 6.885808841261995168e-03 4.267695952643117338e-03 4.908522754907582858e-03 5.112679720389683852e-03 4.212144740474844766e-03 4.638534595105048286e-03 4.242370728100384319e-03 3.975081900933295082e-03 5.356956215382234140e-03
4.242245364857059019e-03 6.992507545712397382e-03 4.267203891606289462e-03 5.106516902358692288e-03 5.093315429040004214e-03 4.313659756162691560e-03 4.736326471332433924e-03 4.082856587858263095e-03 3.915495319952637908e-03 5.363913679718767917e-03
4.144536292596352409e-03 6.925525886640819875e-03 4.285049961364548708e-03 4.859512311778885554e-03 5.065875968214676901e-03 3.977464762035230056e-03 4.648161527093569792e-03 4.188986240587049860e-03 3.903365239726745185e-03 5.326221314942299577e-03
4.217932969391470499e-03 6.778761117021372962e-03 4.229919513016859416e-03 4.849162532290292316e-03 5.067428941749499254e-03 4.161255876951137564e-03 4.619232992660150285e-03 4.289157717545994883e-03 3.884703122418298356e-03 5.323577132223799961e-03
4.182438432994923898e-03 6.975754241245970926e-03 4.344739779206247508e-03 4.919056878547725664e-03 5.099365373903954474e-03 4.254159823780245819e-03 4.599612271248477990e-03 4.100690411873169836e-03 4.087828528750411458e-03 5.374201607704317749e-03
4.524636956110701311e-03 6.856735203493428792e-03 4.218182875661379352e-03 4.890099841214737807e-03 5.068979074482026816e-03 4.000744131343947525e-03 4.663912394420053134e-03 4.080948304637468070e-03 3.879326548555183697e-03 5.311624039018753539e-03
4.327736931220285341e-03 6.680471009516019375e-03 4.271598770330405949e-03 4.885696021879452379e-03 5.093061788098558924e-03 4.666961677808183565e-03 4.591884741451062943e-03 4.228388121976035634e-03 3.875726825402456797e-03 5.298588425237032128e-03
4.213241629688288872e-03 6.569635764194997965e-03 4.228231192653669757e-03 4.865656760523947959e-03 5.068148464763923278e-03 4.563153651878167245e-03 4.603094329545630650e-03 4.102309772653809153e-03 3.881146292571758735e-03 5.290821751165879737e-03
4.432440213260785931e-03 6.603368203707469380e-03 4.224042540067891351e-03 4.877426239207244968e-03 5.088369950776047007e-03 3.885700981157184323e-03 4.572383869574076984e-03 4.130957163255020818e-03 3.872561542092937438e-03 5.369324947071755193e-03
4.636252553970422914e-03 6.660576246566582773e-03 4.226452132158193577e-03 4.882580720081648035e-03 5.039599360701484815e-03 3.843460337531287140e-03 4.550657316223125429e-03 4.245047350223820487e-03 3.891272791560921717e-03 5.262587648424933533e-03
4.354674116566949887e-03 6.475416353981127728e-03 4.230357943953611151e-03 4.841651633805587641e-03 5.112694041611466102e-03 4.165441006339588338e-03 4.592945559942203902e-03 4.108355600155894766e-03 3.964119091707424963e-03 5.280367560101790689e-03
4.832906957141931345e-03 6.437611932765751124e-03 4.271286486327293547e-03 4.892548176099419804e-03 5.031883580710657528e-03 4.215881270621376319e-03 4.553524163582236932e-03 4.175616303330573383e-03 3.871916759393317312e-03 5.243652505812256351e-03
4.017816133409354319e-03 6.753654437025428427e-03 4.300547025883960824e-03 4.932861171279319043e-03 5.045313223038147901e-03 3.821753653161683376e-03 4.559248307285870480e-03 4.214678449999073942e-03 3.900062267784615375e-03 5.330064049199625953e-03
4.176561334538466883e-03 6.394821197965545184e-03 4.319416554468859248e-03 4.863021648299997376e-03 5.071697579335099001e-03 4.032608056526074645e-03 4.545502537394925310e-03 4.042984578628948909e-03 3.885122302444894617e-03 5.210309590138849888e-03
4.101006286960210724e-03 6.492385489694751585e-03 4.197905856530495007e-03 4.894535506828095323e-03 5.057957526458259877e-03 4.403911538467666226e-03 4.536648299536320122e-03 4.259600780291655613e-03 3.822072382337813028e-03 5.196672234307279578e-03
4.515227709706465600e-03 6.538775608699675009e-03 4.297509388890782128e-03 4.869289946786510039e-03 5.028907003474500197e-03 4.297837082163220336e-03 4.523343528394487868e-03 4.168406654773311459e-03 3.803942189393312925e-03 5.211051579579097787e-03
6.618773870912034868e-03 6.393809191113201083e-03 4.223873746186786356e-03 4.941286625731909458e-03 5.107108474111195576e-03 4.037008179389938584e-03 4.496839501958581342e-03 4.205883388500694826e-03 3.862301039215341753e-03 5.312781324521762688e-03
5.116391217401801937e-03 6.350067661871735408e-03 4.194586907653116009e-03 4.844403108810179347e-03 5.042265886982343244e-03 4.036936934869470549e-03 4.511676682607051667e-03 4.302752832143390618e-03 3.950706146550909438e-03 5.271924956419516382e-03
5.273963000206448141e-03 6.290511663571877500e-03 4.183179269928224281e-03 4.864675753011320561e-03 5.016969146923913603e-03 3.966733083132059461e-03 4.573118064362968228e-03 4.196752550202773741e-03 3.846967343943808078e-03 5.203063008719852056e-03
5.109186192717379317e-03 6.340857277053155681e-03 4.197366299332374109e-03 4.866880816619957063e-03 5.014962017155676598e-03 3.943896926342525810e-03 4.603827790765783155e-03 4.304379511087441136e-03 3.817903845347809209e-03 5.171382386338263873e-03
4.422780933281689197e-03 6.299755610594333539e-03 4.291581936124311790e-03 4.884283372884273486e-03 5.017701274846446229e-03 4.126334850904177579e-03 4.509063240689412631e-03 4.132657285716851737e-03 3.788929257097258321e-03 5.171522812880267883e-03
4.840442701936668000e-03 6.145297016799949538e-03 4.167037657958116981e-03 4.920993034982043546e-03 5.040179547175960457e-03 4.153755243342733411e-03 4.515249530995619695e-03 4.097607383096945298e-03 3.810040168872593207e-03 5.201616247009700940e-03
3.955586651390278173e-03 6.159284680672878418e-03 4.223289835175182347e-03 4.864764787834150069e-03 5.064995460691464231e-03 5.602929865472707806e-03 4.477766793820587600e-03 4.038454843415880020e-03 3.935794996569994333e-03 5.147879093194075023e-03
4.661989936029459734e-03 6.217989032414547763e-03 4.174070105178116427e-03 4.912246933242226873e-03 5.031544447660490048e-03 4.118706911505235629e-03 4.545154040518022999e-03 4.009159375574225352e-03 3.821097464869872059e-03 5.142703216614534674e-03
3.979923993381137559e-03 6.201580865307465378e-03 4.174505998140787266e-03 4.865838491918814644e-03 5.014634390754144772e-03 5.590211038822956446e-03 4.483171847891089142e-03 4.120966537738574367e-03 3.794274305265548774e-03 5.126550824855087563e-03
4.016721845641803117e-03 6.120258416426417603e-03 4.212668558363360898e-03 4.864710073995050059e-03 5.070035974585902078e-03 6.146514168495030919e-03 4.471985581523767010e-03 4.255496851624880963e-03 3.784522033513353784e-03 5.105025580853961298e-03
5.346962159375902475e-03 6.188242820253500587e-03 4.165928881656067763e-03 4.891630050586045012e-03 5.005734510777042588e-03 4.250438196222068588e-03 4.494206174159002046e-03 4.098352303112922333e-03 3.844333113982977262e-03 5.118300585937133121e-03
5.055696084986154547e-03 5.941345910969304117e-03 4.177710946530875658e-03 5.088092021089437277e-03 5.029544351665062897e-03 4.052869607778892061e-03 4.457338684510983411e-03 4.084008415242075182e-03 3.794081269659474800e-03 5.091044937975235975e-03
4.499103093904150037e-03 6.307856092002960512e-03 4.188009137676310806e-03 4.834352429469633561e-03 4.983089548233662035e-03 3.955839248034434194e-03 4.490990808361571517e-03 4.032251804108442743e-03 3.773868332149523698e-03 5.094595740388348226e-03
4.261904508467487251e-03 6.118899988999900764e-03 4.179304051034304392e-03 5.072349703549159337e-03 5.022107674500140249e-03 4.015301257406369423e-03 4.550818860302019604e-03 4.086376117820479138e-03 3.984462254654624024e-03 5.123229045105846119e-03
4.564708638794995853e-03 6.180624223518765142e-03 4.159693615701480149e-03 4.833494233468555931e-03 5.002873517553629856e-03 3.922978906190548523e-03 4.444630691555689211e-03 4.041289607691446635e-03 3.865746902168946519e-03 5.102683407853773542e-03
4.915350836955875019e-03 5.895907147741867062e-03 4.174539913131125948e-03 4.913001292183635967e-03 4.954666623755345049e-03 3.714888365031406535e-03 4.459345166982060966e-03 4.369943390140316151e-03 3.875487520356907245e-03 5.059861895418515075e-03
4.130911395496685880e-03 6.044102360132493253e-03 4.179450332988146090e-03 4.867017065174619565e-03 5.002455412113197136e-03 4.566807661733744174e-03 4.470828474798507410e-03 4.099063131832400911e-03 3.758539714774910678e-03 5.084651175327685457e-03
4.696120097635602536e-03 6.109348884394923303e-03 4.190004967535737937e-03 4.859651793570191752e-03 4.971570418094498067e-03 3.840565261163857245e-03 4.507282855481372849e-03 4.276828876080177901e-03 3.763644759111936956e-03 5.034059379507575122e-03
4.019532891307671038e-03 5.803411637792734064e-03 4.158715974686703204e-03 4.845937628927020520e-03 4.943770823719560552e-03 4.038686167430519634e-03 4.573674997729673848e-03 4.073491450136371150e-03 3.729990367422675486e-03 5.067019376675669685e-03
4.369470378693649654e-03 5.817327776907839018e-03 4.140843403805399663e-03 4.867074437944840862e-03 5.006576562604058388e-03 3.854651622945687826e-03 4.491930750732140397e-03 3.997729809811072579e-03 3.754497836363739852e-03 5.081782504758253390e-03
4.114314931377278245e-03 5.845888126261172130e-03 4.150051097947440176e-03 4.843669631803623407e-03 4.947714705066613358e-03 4.174673261749503421e-03 4.458368741241188968e-03 4.135071791222087560e-03 3.713119954588696252e-03 5.155774554201305628e-03
4.201720713840197824e-03 5.795960923342020205e-03 4.184830478009140577e-03 4.831698331272988797e-03 4.945283736661024686e-03 4.402215210665752325e-03 4.434552187409982089e-03 4.042656074621785688e-03 3.822589354976765365e-03 5.211391777192671444e-03
3.970063993740076576e-03 5.738624614569347998e-03 4.159825927754339306e-03 4.815376724921890429e-03 4.958584154708408666e-03 3.807971342519365573e-03 4.474083238472091259e-03 4.031457766686145569e-03 3.966605780154635989e-03 5.074970662007235317e-03
4.188037606836825938e-03 5.573842252956218331e-03 4.138647584984818037e-03 4.905521197628158990e-03 4.984008884325926564e-03 3.853762279393459049e-03 4.487141428156030641e-03 4.142996111211651351e-03 3.721120672958302435e-03 5.059347125815175615e-03
4.047454588358589088e-03 5.762090432653606611e-03 4.210140117080105396e-03 4.845708661778515454e-03 4.979142237245992586e-03 3.889537244274177043e-03 4.493181529016937632e-03 4.048451101519795828e-03 3.696030755199873879e-03 5.039409451801230878e-03
5.105577806427450023e-03 5.902127392362413461e-03 4.134208792264430603e-03 4.867167549494694906e-03 4.926930283292481859e-03 3.709596437369804336e-03 4.432915917733449944e-03 4.037099257718171179e-03 3.724300933382129666e-03 5.012754276254050359e-03
4.426954669180149966e-03 5.798529332313378387e-03 4.177535470227807662e-03 4.883502170935936915e-03 4.934639969823780524e-03 3.961864387565260971e-03 4.446375527920791958e-03 4.093770747955810183e-03 3.742047097033604757e-03 5.019871428523571197e-03
4.064163070380584150e-03 5.479162439426029513e-03 4.209479823665758340e-03 4.929807201623521290e-03 4.913683151402748264e-03 3.679322661367219732e-03 4.425434428938708996e-03 4.115885300946850456e-03 3.699884545538358483e-03 4.990562691372623684e-03
4.184359749648743597e-03 5.634745726382902643e-03 4.146966201967386585e-03 4.819606072761604618e-03 4.915922753880363170e-03 4.116616538489320000e-03 4.428335589220475620e-03 4.026328401550613965e-03 3.687660270849012212e-03 4.996486617393548248e-03
4.044917012621737293e-03 5.635972789768631946e-03 4.160768967658023607e-03 4.827201182086507912e-03 4.912349435498962295e-03 4.066947988173924208e-03 4.408587087043740541e-03 4.026886731847910753e-03 3.661792268415564600e-03 4.972792226228280217e-03
4.386789344365777527e-03 5.489863724209766149e-03 4.407731896785060943e-03 4.925284856708859495e-03 4.933933107412134464e-03 3.865423675215857828e-03 4.424312237330573286e-03 4.035164505688809342e-03 3.654088268981788446e-03 4.981653559914229513e-03
4.236883580715881080e-03 5.620725841623667486e-03 4.190921111669626033e-03 4.838407736865874172e-03 4.893966354235948328e-03 3.757412546701459615e-03 4.586319029018372066e-03 4.087094333969259682e-03 3.649031064512560721e-03 5.107266307587786901e-03
4.276139547261174727e-03 5.301781974344176723e-03 4.190439377539130830e-03 4.964755618706568133e-03 4.903415318823814081e-03 5.257112840415840635e-03 4.401004303711261029e-03 4.142347535360034298e-03 3.722356128467029564e-03 5.002080776925877693e-03
4.306209519870550333e-03 5.364894082314376929e-03 4.210505261579349998e-03 4.835242613557606643e-03 4.926674912167785560e-03 5.371345105928963977e-03 4.417227080332162929e-03 4.164439477880070399e-03 3.673569185782920958e-03 4.971024006271538946e-03
4.428249811675821594e-03 5.656069547166365716e-03 4.170899343602206197e-03 4.920991876325691260e-03 4.892546854159374528e-03 4.970407845731190412e-03 4.421422253025716204e-03 3.936944858458721157e-03 3.770554170480728239e-03 4.947980822635854661e-03
4.287066689329090304e-03 5.504801094611956429e-03 4.133562657581326544e-03 4.813830378812914909e-03 4.910335794526162791e-03 3.816798999523756449e-03 4.418185399459172158e-03 3.989866263627040235e-03 3.645651505678474107e-03 4.926164685308402277e-03
4.056307324602075569e-03 5.298595119282623403e-03 4.147709927792646821e-03 4.823557723436565012e-03 4.911499369161824967e-03 3.837810423978553747e-03 4.411221326440826519e-03 4.032938991786338620e-03 3.668168433766053321e-03 4.958320195169916254e-03
3.902387113863820065e-03 5.326324116592292580e-03 4.212977471786190538e-03 4.845573394052025105e-03 4.894123791969123317e-03 3.683109640894394361e-03 4.416499639810734720e-03 4.170906093940002744e-03 3.635396172437327812e-03 4.962062749444294540e-03
4.324915523662746335e-03 5.282021987380172007e-03 4.193687861300381473e-03 4.822130283724070272e-03 4.965065478352345858e-03 3.876893157380310352e-03 4.400244163582681459e-03 4.030221211938940853e-03 3.623653438853421602e-03 4.958789419914227427e-03
4.510280072650019005e-03 5.396185245751828133e-03 4.117300346853978651e-03 4.795386763708421596e-03 4.869954959380588116e-03 3.867371453437456943e-03 4.395536330475745095e-03 4.054506783143965731e-03 3.865141054350703948e-03 4.923323783444003530e-03
5.738449519458746484e-03 5.282243187270364848e-03 4.163921909691562645e-03 4.796278463214918852e-03 4.978222930572325823e-03 3.791322622083214116e-03 4.419981622112935729e-03 4.299316671519427813e-03 3.628120000024948229e-03 4.958616729638007890e-03
3.974694122124874419e-03 5.485765243329215370e-03 4.115490569091192000e-03 4.816987801874754969e-03 4.909075712289195231e-03 3.922351959478673732e-03 4.405781254767725252e-03 4.095444536923393067e-03 3.605424686965751080e-03 5.012120625611053530e-03
4.150913153460900236e-03 5.347958245181203343e-03 4.142191389125959682e-03 4.829644932091043362e-03 4.870226299219269223e-03 3.905951338348018394e-03 4.388759460086436720e-03 4.054747265169581644e-03 3.673655893533641238e-03 4.935151884996630267e-03
5.863046754748448865e-03 5.248205777803689222e-03 4.166362580101860488e-03 4.852539513651649324e-03 4.882830124891175856e-03 5.029621730693481160e-03 4.397638282449314526e-03 4.073812464901059929e-03 3.600361043501550725e-03 4.926855207016713617e-03
4.823633023814657625e-03 5.268676224338153871e-03 4.104789598282179187e-03 4.806186765838499006e-03 4.860452365105833936e-03 5.917604857893058595e-03 4.446680386428050746e-03 4.081557454769467290e-03 3.641279656184361491e-03 4.956002423462175198e-03
5.254180583948836122e-03 5.628762185673467748e-03 4.109983111739788642e-03 4.790242275227797261e-03 4.860774232014765904e-03 4.354157101909309976e-03 4.409701836727452327e-03 4.148426793732947621e-03 3.577621328255967993e-03 4.906176908416534643e-03
4.700849560420491263e-03 5.354869185647457425e-03 4.117180170388879887e-03 4.861892395685756332e-03 4.862493707936566857e-03 3.991495321568353828e-03 4.404875753377585947e-03 4.237679042025980190e-03 3.622724132073724262e-03 4.885190575283062699e-03
4.102219570235025696e-03 5.357504429205160908e-03 4.124901683124587541e-03 4.826622662530096787e-03 4.857280092989538223e-03 4.018750504478095335e-03 4.385535749768587795e-03 3.917644524995304682e-03 3.668982204469171948e-03 4.909914172438425983e-03
4.606142121299438077e-03 5.131020477644047603e-03 4.131783457247184543e-03 4.812155398057743269e-03 4.851284224645886073e-03 3.850700884660925982e-03 4.536276804185872084e-03 4.083438621296649543e-03 3.659330996020593394e-03 5.032677830324169821e-03
4.023441672460598487e-03 5.193573844326200041e-03 4.169666535561666020e-03 4.906459196676949200e-03 4.846511331615548784e-03 3.666191498396528976e-03 4.472316263669985636e-03 3.972227258714517741e-03 3.600146454382755195e-03 5.016092740351879402e-03
4.291027817008343133e-03 5.283826749864325295e-03 4.107599839868163703e-03 4.900269463226369221e-03 4.869252000772691068e-03 3.726236229838475900e-03 4.358342517781452555e-03 4.089727983464616634e-03 3.567107866078744229e-03 4.887304045007033991e-03
4.189256373131743094e-03 5.335032085029176377e-03 4.122437904067017926e-03 4.800558903658020717e-03 4.837161393029577178e-03 3.622731143405587446e-03 4.429382355792604517e-03 4.062045295711073922e-03 3.587372442410789123e-03 4.928542055516050256e-03
4.919023750488993665e-03 4.991067946664510743e-03 4.118596287016194207e-03 4.793416006650274945e-03 4.861691766481881886e-03 3.736981416519455541e-03 4.346064645544031602e-03 3.985313660096180717e-03 3.666641223821966600e-03 5.081229244826409620e-03
5.396054320807538475e-03 5.133149132760545658e-03 4.160703204077867423e-03 4.815602310691963900e-03 4.876530887983523098e-03 4.401773432162569069e-03 4.469325250954752325e-03 3.980869108272657927e-03 3.562810329940037119e-03 5.019288421456859217e-03
4.074536218690454764e-03 5.125259347690083386e-03 4.155816281041014790e-03 4.856223474716004143e-03 4.818615297487668231e-03 4.438363179854966714e-03 4.347953844848093281e-03 3.972454093148823119e-03 3.576262245181577488e-03 4.970071866180253775e-03
3.762368498251828994e-03 5.114570057861323946e-03 4.170137341732120875e-03 4.819888413030846974e-03 4.863363950341194515e-03 4.258442463077848072e-03 4.356505196164530899e-03 3.973493042555520556e-03 3.560304020370915271e-03 4.860858006089908111e-03
4.345963802094290722e-03 5.463007565563877607e-03 4.095051632074860927e-03 4.867671446871209805e-03 4.839124012694121131e-03 3.999971033900425604e-03 4.344470688425142862e-03 3.988100861122382233e-03 3.625682086806809000e-03 5.231392793686317697e-03
4.218565882608496347e-03 5.233742297459488893e-03 4.093371056642414012e-03 4.797276433413436708e-03 4.827295718042986725e-03 4.167644091514410495e-03 4.448512495803542272e-03 4.010162946201187989e-03 3.572467185179542017e-03 5.026189413205764227e-03
3.887577371826784339e-03 4.894476212965454334e-03 4.162123326237446123e-03 4.792321184817644256e-03 4.819673713002654326e-03 4.193294001630828473e-03 4.368623031834177953e-03 4.055776900174158824e-03 3.558199469581725671e-03 5.035387401676013307e-03
4.197158387215296597e-03 5.009707875924989187e-03 4.115994734278644387e-03 4.781962558577333537e-03 4.827502676883419115e-03 3.986622528474675041e-03 4.326943853572346246e-03 4.221739209139250583e-03 3.538800411639542697e-03 4.857359057092692882e-03
4.893714415575966398e-03 5.045771943199404974e-03 4.163237515230192032e-03 4.821751661826603925e-03 4.813489725174663163e-03 3.740502218514368208e-03 4.336825270313065216e-03 3.964712052181587620e-03 3.545609123231866899e-03 4.944391931896689393e-03
3.901005216779339629e-03 5.091617737653703415e-03 4.102129090818321111e-03 4.804686820352343200e-03 4.905468541113345605e-03 4.109707522041717784e-03 4.420739451951098860e-03 4.115236814542994233e-03 3.564012756608713264e-03 4.839807050873883021e-03
4.014574055005241601e-03 5.233631955184752348e-03 4.152008227814053647e-03 4.780284955941053841e-03 4.899900786614531760e-03 3.550335049456174348e-03 4.350168827257409020e-03 4.035184748206683061e-03 3.603703736286394902e-03 4.917417341791922338e-03
5.226398021564064925e-03 4.905930574068798761e-03 4.103748721313726575e-03 4.843087326635435105e-03 4.821731905474941661e-03 3.629714161671487860e-03 4.442947040807146766e-03 4.121337368761830190e-03 3.544166234907559186e-03 5.003562288295433126e-03
3.943600857723009168e-03 4.948597692890136651e-03 4.094253146724655817e-03 4.795315312256550125e-03 4.833100155585032601e-03 3.722483562604901423e-03 4.444269930905072469e-03 3.956664906319082645e-03 3.525306032844074001e-03 4.853600047119797228e-03
3.743586183546657609e-03 4.856671116837396433e-03 4.096874696384760969e-03 4.870992918997376665e-03 4.909358660983047760e-03 4.222520665174716963e-03 4.339668279206178661e-03 3.966536789829428096e-03 3.544327272545638296e-03 4.830763744278503483e-03
3.926109451700464902e-03 4.823026410556672215e-03 4.104410516199737645e-03 4.807776179754518278e-03 4.818301749338472877e-03 4.116276912391737125e-03 4.358259973573462912e-03 4.010086029749037814e-03 3.566194954385776966e-03 4.973759108865884529e-03
4.068043663505426302e-03 5.104880936017922033e-03 4.143589126228110903e-03 4.927705739276718074e-03 4.849425055399774268e-03 5.533287321431604004e-03 4.353730507583495300e-03 3.951837496405793786e-03 3.543100297597396794e-03 4.863261906977858068e-03
3.740391972848921675e-03 4.918062536140804450e-03 4.087134803590639423e-03 4.804186356237923061e-03 4.855306516219499643e-03 4.025861276082049085e-03 4.353657005536631409e-03 3.986479382500661590e-03 3.588497332268527750e-03 4.820212619194366721e-03
3.936174647152242134e-03 4.959225848609430387e-03 4.093622419338137884e-03 4.874492328164681428e-03 4.832468484145355236e-03 4.911271236884093977e-03 4.303582426608503972e-03 3.921238836193719803e-03 3.511887323019197756e-03 4.836180354772448217e-03
3.735818810669628773e-03 4.865630108827173096e-03 4.083243187397757323e-03 4.884909248877730703e-03 4.776506516778759349e-03 3.642420477314022888e-03 4.306195828368690991e-03 4.320448588866126170e-03 3.531559152244769829e-03 4.853926054841977908e-03
3.789029230538662127e-03 4.812072485035521867e-03 4.136378771308755163e-03 4.794780985115301188e-03 4.776589773379270702e-03 4.110655534925006585e-03 4.333288991336056023e-03 4.042370113318848220e-03 3.550826646535253702e-03 4.843677705955547717e-03
3.887262217810559788e-03 5.050231251062983415e-03 4.103488027972905863e-03 4.916524963969277039e-03 4.782467242591349234e-03 5.224649444490215948e-03 4.301754039282678320e-03 3.923945787129661661e-03 3.510753295325840309e-03 4.972231085601171684e-03
3.961648235251894259e-03 4.685083563097501395e-03 4.158599222948361832e-03 4.780132778453726264e-03 4.783844180821152092e-03 4.808632798514718941e-03 4.288511405955769060e-03 4.129179876266296685e-03 3.565988987399332840e-03 4.833914390081810522e-03
4.009331519404073230e-03 5.044135887232033440e-03 4.074131361775238172e-03 4.792457684491630877e-03 4.777384188428372702e-03 3.512516970538395993e-03 4.296016799396932921e-03 3.960356184508219413e-03 3.506926373967400069e-03 4.809003960819632252e-03
4.915628462051394552e-03 4.907859296171154101e-03 4.098849244629958546e-03 4.788174645611668369e-03 4.778473790451531582e-03 3.542946515969996272e-03 4.292987718228692511e-03 3.959057578719290572e-03 3.557636579953094100e-03 4.893706566690599231e-03
4.345949563354364019e-03 5.054945652228989492e-03 4.092326173682765515e-03 4.788626425182218246e-03 4.773167249983589419e-03 3.608110783561574442e-03 4.292825537482236782e-03 3.924525383150398450e-03 3.495052547173743175e-03 4.826836807682362979e-03
4.592026439506759899e-03 4.815960445845403337e-03 4.062874083883558259e-03 4.876972854339611460e-03 4.785367557518232541e-03 3.474242834571420867e-03 4.319904702495754555e-03 3.909445245462771744e-03 3.515593635503750335e-03 4.921311634983898189e-03
3.636089775075511052e-03 4.617257406036405498e-03 4.134150018613187878e-03 4.809512897079149842e-03 4.795693460841586424e-03 3.618751258909949382e-03 4.297103129779747746e-03 4.052853357459900580e-03 3.622598708004256662e-03 4.821534116940742395e-03
3.784897783072617341e-03 4.814612680059724911e-03 4.089088765443152709e-03 4.925512788779790561e-03 4.756835848618797685e-03 3.665932640159458213e-03 4.351155955802347639e-03 4.116967294049192136e-03 3.507793294724523801e-03 4.882784389434928138e-03
4.017755677467150545e-03 5.111071916234740005e-03 4.084483466090970370e-03 4.802830817998543153e-03 4.770695094096445189e-03 3.946903302083400698e-03 4.273088644928431379e-03 4.009867093034376502e-03 3.497868571905260460e-03 5.025162034256387342e-03
3.848671854754170344e-03 4.598828322993484506e-03 4.181444432238159634e-03 4.799388207232302417e-03 4.787274530281969594e-03 3.572996847274796921e-03 4.262872951993743401e-03 4.025343533861601431e-03 3.511023778547564360e-03 4.796148172985303243e-03
3.810762476584286015e-03 4.907605445310770677e-03 4.088794864439527534e-03 4.774191850641016505e-03 4.788961538817955096e-03 3.663231995623354460e-03 4.338652238386673382e-03 4.336152914686522072e-03 3.482240023015742252e-03 4.848838787706023952e-03
4.012298651613317203e-03 4.868940393317160512e-03 4.114462029264899685e-03 4.930964965314351377e-03 4.840634287108958912e-03 3.623004478163465835e-03 4.331607835398838986e-03 4.087734027421509493e-03 3.503649624541404009e-03 4.799296491457256605e-03
4.012562656105530048e-03 4.772195072283317262e-03 4.093648255193079420e-03 4.807484872152723195e-03 4.782198117465538689e-03 3.496568421046602343e-03 4.455920034514038695e-03 4.354386806281061902e-03 3.509822181568260542e-03 4.775663842954852058e-03
4.132843971761531246e-03 4.804126233631291105e-03 4.108933635071179181e-03 4.785070305447651322e-03 4.737646774873647756e-03 3.697291170741045987e-03 4.420548278161301990e-03 3.991769254911785303e-03 3.474285073842818712e-03 4.886058580617066126e-03
4.692844036841137614e-03 4.873377253796947785e-03 4.145627705515101021e-03 4.833572814378349868e-03 4.792595805619783746e-03 3.473879278593633869e-03 4.287595627347103901e-03 4.035201138615469342e-03 3.467544873078518258e-03 4.825042294691549681e-03
3.845791610576701058e-03 4.721569290475172674e-03 4.065580413566266364e-03 4.874931623747921251e-03 4.742319957069208655e-03 3.579537419559965586e-03 4.263320023470589318e-03 3.999556095285366000e-03 3.562459451336518097e-03 4.828039999469984321e-03
5.068179876834067073e-03 4.617257598162304889e-03 4.092129142201075473e-03 4.778034943918553143e-03 4.748407191604435938e-03 3.458992731591293765e-03 4.286766619909045117e-03 3.945816499716204608e-03 3.487335896056316647e-03 4.739399949647144818e-03
3.936121375234120576e-03 4.586805765543126509e-03 4.117979922024853946e-03 4.915685927765468984e-03 4.833472150144708414e-03 3.637627311404610913e-03 4.270914936806111638e-03 4.178821461761172799e-03 3.454990526897844163e-03 4.801022813285806164e-03
3.844209242895416361e-03 4.587964193399611361e-03 4.139907667095152517e-03 4.790878031698312528e-03 4.773776676179093161e-03 3.814231920036305779e-03 4.323760888568907099e-03 3.937806447169459739e-03 3.473228398491368021e-03 4.876579347818092713e-03
4.752008201466701234e-03 4.717246025762030122e-03 4.062990417461513973e-03 4.794142259421591348e-03 4.758895242980679813e-03 5.311688023091571363e-03 4.309655389360858568e-03 3.952722491626436269e-03 3.523677171917468775e-03 4.759535098790767735e-03
3.792950008153332404e-03 4.859800868181619535e-03 4.106642832527998555e-03 5.086202943490608294e-03 4.777199950182208291e-03 4.730570179711798308e-03 4.406546726800943982e-03 3.976882131442245269e-03 3.452963686078116060e-03 4.720428745390025348e-03
3.656829548463869269e-03 4.639740134748116147e-03 4.233219981615151881e-03 4.778896801212224529e-03 4.724577471968582042e-03 4.085023218785998993e-03 4.296365031527840141e-03 4.032323899080673610e-03 3.476947091759763180e-03 4.960587595208473463e-03
3.536744481882843610e-03 4.704756692566472963e-03 4.066328010161790810e-03 4.939832265903877813e-03 4.737513274910519316e-03 4.752914988853472640e-03 4.305309062369629645e-03 3.886550150060229334e-03 3.425133997615813219e-03 4.767416464873816540e-03
4.053016504032600810e-03 4.769269796963079323e-03 4.099041963344916308e-03 4.766507715949213665e-03 4.775249243507401382e-03 3.694779460251226052e-03 4.276334501659373455e-03 3.894452932896325797e-03 3.425756290918768963e-03 4.851209538938704852e-03
4.331305088845821896e-03 4.611600399217693179e-03 4.109733860716206603e-03 4.762775383011530819e-03 4.711987059455107450e-03 3.780392510222311056e-03 4.267418757837967112e-03 3.976973795459727568e-03 3.443493905939299868e-03 4.810584382126753544e-03
3.997628046231312647e-03 4.419695215160030811e-03 4.135725502133296566e-03 4.767885013338258801e-03 4.851027316655568029e-03 3.598996116265995669e-03 4.255196783407440633e-03 3.940552933818989960e-03 3.413949045429515074e-03 4.795499415146001719e-03
4.854081751935661847e-03 4.617377104267580447e-03 4.119740513583648907e-03 4.786613395944264680e-03 4.715956355048652252e-03 3.460996329803821010e-03 4.271619616923346546e-03 3.933828040131277098e-03 3.427371504476200200e-03 4.727634686232872266e-03
4.467746395774083515e-03 4.583476348625192473e-03 4.069359815082631421e-03 4.736352749728916199e-03 4.778138474805848634e-03 3.640359374788423082e-03 4.297928239778235800e-03 3.910403114577262404e-03 3.419052856992246380e-03 4.705111473736613842e-03
5.002061315642450032e-03 4.407322580112330544e-03 4.111445704402301275e-03 4.788142791951327873e-03 4.700435366204973667e-03 3.546089510477812463e-03 4.278717106424427020e-03 3.919502669227173733e-03 3.458431582961288709e-03 4.739199267729195947e-03
3.564510055197874817e-03 4.526528487375496013e-03 4.104362858559949118e-03 4.731232936150072538e-03 4.717383967628076095e-03 3.586146550384490279e-03 4.372897025511740879e-03 3.956797780179088612e-03 3.431060040662665608e-03 4.746132202093291015e-03
4.010194073904036448e-03 4.416323667291000878e-03 4.124390403312776752e-03 4.928143162076816658e-03 4.701823070549907002e-03 3.543781192849107097e-03 4.267001533719212356e-03 3.961399490981758718e-03 3.584644688519575666e-03 4.735969581212383372e-03
3.987746390941095814e-03 4.598650695119025841e-03 4.168154183902027590e-03 4.810892335901976145e-03 4.824628202425755054e-03 3.609890874001701888e-03 4.251706470588595931e-03 4.078847958523598195e-03 3.427291052097673242e-03 4.741229057710108843e-03
4.213343991089153924e-03 4.822710651592150045e-03 4.087517319997484820e-03 4.818940366146992789e-03 4.689514044341883126e-03 3.709949339275962939e-03 4.280762773050561520e-03 3.869485158549253786e-03 3.423264489988661272e-03 4.777936672822596237e-03
3.526730884619720847e-03 4.587069188632411816e-03 4.061009796701462587e-03 4.773358670615953508e-03 4.809799785426918835e-03 4.027063882807407035e-03 4.286229381846667040e-03 4.073002658321107743e-03 3.390323102508057806e-03 4.864050362219186907e-03
4.184902315788351958e-03 4.377775412923787593e-03 4.067823572759241002e-03 4.758944944566570120e-03 4.704422149870699822e-03 3.640470082409872146e-03 4.241246421117706410e-03 3.953448092871492646e-03 3.459705172765712745e-03 4.800970851568751169e-03
4.252819172742032180e-03 4.655382056975273034e-03 4.049171839439104012e-03 4.791855487697239610e-03 4.718699471960624905e-03 3.568984164501955766e-03 4.261089331557847172e-03 3.978345832171565483e-03 3.407029756002722884e-03 4.759610553334372302e-03
4.320610806466892301e-03 4.672245380054955606e-03 4.165028179199202658e-03 4.743879339746247085e-03 4.686837685982189576e-03 3.483068021083410813e-03 4.248428021084763549e-03 3.910992392536304096e-03 3.401778047663474129e-03 4.746501205821456425e-03
5.534427363572114872e-03 4.615365145378092990e-03 4.049427859658510584e-03 4.748842629927112723e-03 4.719161913659262325e-03 3.309280748828421093e-03 4.236945954043590430e-03 3.946989813745325169e-03 3.380056005648018284e-03 4.898778831858986542e-03
3.827725479282728226e-03 4.560229714159196035e-03 4.110377346621954357e-03 4.767424422884663192e-03 4.689743377535810463e-03 3.515578942665643566e-03 4.263542344200974520e-03 3.938234740509777287e-03 3.478946154018977381e-03 4.685440950338902108e-03
3.761888322939666018e-03 4.494985366366276679e-03 4.132262108748895567e-03 4.744127215129222488e-03 4.671919724445148039e-03 3.499942380144484277e-03 4.266228603323209481e-03 4.002331748594057867e-03 3.370286907235749748e-03 4.700531693930688933e-03
3.902039597431750714e-03 4.311297597553714368e-03 4.038367610337086598e-03 4.743184339494057981e-03 4.733354082057837468e-03 3.315129791185442674e-03 4.267205437509418928e-03 4.090599162270956539e-03 3.400449209295429778e-03 4.780989356575560123e-03
3.574503865879646337e-03 4.540264032162249011e-03 4.067787667305935127e-03 4.694467450800960708e-03 4.671410008744182434e-03 3.542099143537574130e-03 4.268259849127455791e-03 3.931156821465827539e-03 3.358929394561326401e-03 4.717677212675700817e-03
4.485520620123507017e-03 4.822865138913745922e-03 4.103681980131107000e-03 4.743081492210267890e-03 4.668022906089990334e-03 3.617908268226622745e-03 4.258668196544325261e-03 3.885442749139393116e-03 3.340249656936483073e-03 4.693101477435211895e-03
4.164901078469982615e-03 4.752451373828106042e-03 4.055009881465559442e-03 4.727224410417116447e-03 4.677300285017308920e-03 3.962794004082433562e-03 4.264678396486128696e-03 3.870653569978513113e-03 3.371521272906250269e-03 4.729199249411283196e-03
3.677645451574012344e-03 4.384572892838205053e-03 4.088984927677006762e-03 4.718936085916461409e-03 4.709859490050723359e-03 3.943272446049844032e-03 4.286064929731916474e-03 3.953533834684847675e-03 3.350684106619451590e-03 4.904652917790923786e-03
4.126814614990433061e-03 4.965302790760502648e-03 4.123191372419745225e-03 4.738460792113906479e-03 4.759616204008563882e-03 4.659654858604669186e-03 4.310005634871070211e-03 3.883386640191081960e-03 3.428900470146150660e-03 4.709613512022937584e-03
3.835174712674147349e-03 4.272454322554121615e-03 4.117308665637703889e-03 4.760112566793830990e-03 4.674201894531225358e-03 4.441011681034855163e-03 4.326328909522710563e-03 3.885856104062264914e-03 3.351393860030031386e-03 4.708977738541915599e-03
3.700954054883915344e-03 4.284076199197757624e-03 4.054816555316960100e-03 4.730938692552568749e-03 4.646844409637387180e-03 3.436686503075402077e-03 4.272105489396898874e-03 3.905196112379108724e-03 3.382595603961657121e-03 4.727547063868084778e-03
4.302538330193872093e-03 4.377346315692823286e-03 4.131989097142573474e-03 4.823226071724521190e-03 4.675080230380543496e-03 3.425471571450232431e-03 4.218873316562295195e-03 3.922538244402423366e-03 3.333058315813719648e-03 4.726879894998795364e-03
4.411755123627195997e-03 4.298774639852367269e-03 4.048801806987494499e-03 4.697860551125435102e-03 4.643280952503529672e-03 3.427561216664373918e-03 4.300025049704529409e-03 3.935191286498802322e-03 3.343086491427417744e-03 4.701458109818501888e-03
3.955154303208040928e-03 4.623662490971641552e-03 4.084541139932403898e-03 4.864728543623569358e-03 4.654159241339997193e-03 3.421333775354054325e-03 4.244909841094799546e-03 3.869418235716628844e-03 3.354546256269606581e-03 4.675558516762521460e-03
3.938918000358946833e-03 4.735278915596810925e-03 4.049532836203594000e-03 4.706518113415245758e-03 4.665457666698134657e-03 3.685010078242153056e-03 4.262796670186136741e-03 3.868818438172488307e-03 3.316997277330903816e-03 4.712276034842075891e-03
4.206914032304149773e-03 4.364288450944413776e-03 4.085000410272917291e-03 4.730553751761282753e-03 4.652255334054204543e-03 4.015266625058260333e-03 4.233219858571128993e-03 4.135873456574586278e-03 3.296923002629373062e-03 4.703207561679816420e-03
4.141703835498386672e-03 4.645773142192232558e-03 4.039238449478390822e-03 4.728142328457853212e-03 4.652472137133313763e-03 3.876768885114419746e-03 4.293374494123100051e-03 3.894546285099159157e-03 3.319589156825828759e-03 4.705906608761942916e-03
3.846091323457315019e-03 4.598395188759813249e-03 4.037486942038957111e-03 4.760927193627992847e-03 4.643537209445374771e-03 5.078072070612795440e-03 4.264234442123778120e-03 3.896575181102866856e-03 3.310184434364110088e-03 4.783753951674179529e-03
4.083254113847588178e-03 4.459468888850079762e-03 4.042077706006560328e-03 4.694857011905282512e-03 4.748664521044077338e-03 4.701050822919610947e-03 4.264518665157764933e-03 3.879216876266629570e-03 3.355432612091065105e-03 4.713326185203714665e-03
3.747015676920060611e-03 4.465456202904792386e-03 4.057556950306079845e-03 4.682739807948773855e-03 4.670108299531972214e-03 3.856378570205834955e-03 4.244939355021216942e-03 3.951448656280017943e-03 3.300764900286089470e-03 4.671080894271588402e-03
3.410724822329236350e-03 4.499808623944783099e-03 4.055363432999581699e-03 4.678610062903887541e-03 4.629821033335410931e-03 3.476982555714723793e-03 4.272493958285994431e-03 4.022531701711403590e-03 3.358672050725475082e-03 4.693886018015414226e-03
3.399998534653211023e-03 4.547064081282938680e-03 4.084408236425134987e-03 4.704963941528343511e-03 4.669867451870323566e-03 3.429534485125821167e-03 4.253464209728767542e-03 3.877282802361054458e-03 3.318642512043833235e-03 4.783577653356892688e-03
