6.808761124743105408e-02 6.723240356590987066e-02 8.293241803710355020e-02 7.132863915516440834e-02 7.020667608857077135e-02 7.322777076519658424e-02 5.448012427561113591e-02 7.253954278803209643e-02 7.953552404682646959e-02 8.164996384204553648e-02
5.685779872496612292e-02 6.291082584065862959e-02 6.992104631169088202e-02 6.164918532754658231e-02 6.197979847308004303e-02 6.794351271621171251e-02 4.721159016674446318e-02 6.279232290949569861e-02 6.492901180121411764e-02 7.203726670046373126e-02
4.908430516946644950e-02 6.162255623818691658e-02 6.781784627461465154e-02 5.417682247423116076e-02 5.685194949700043965e-02 6.506062743155302530e-02 4.200320140571327937e-02 6.084167338837883493e-02 6.093545287142976274e-02 6.655386113981924534e-02
4.283185011194277220e-02 6.042441353558250516e-02 6.641023216898160608e-02 4.698248349211724822e-02 5.206405800808023426e-02 6.278530849973275318e-02 3.784943940831233394e-02 5.937185973769459890e-02 5.863710527770209929e-02 6.253766763754828317e-02
3.758367031029472005e-02 5.947004530126413085e-02 6.523357892311386352e-02 3.977265612042157894e-02 4.474937324815970313e-02 6.142605359192371967e-02 3.460944514289979873e-02 5.788996492465944832e-02 5.679213232230869574e-02 5.916639528447008994e-02
3.311717646765273415e-02 5.848818447146943156e-02 6.430776019407480337e-02 3.357179081651016916e-02 3.629290646765732237e-02 5.810686564886776567e-02 3.124084350142036087e-02 5.567599888991221768e-02 5.482084349313268157e-02 5.619659450157821895e-02
2.959980987779626746e-02 5.709268165494375130e-02 6.306418675335866142e-02 2.839580270432889852e-02 2.955974221994121104e-02 5.536568138673513689e-02 2.907131858408362746e-02 5.218335691179927516e-02 5.261766271791377958e-02 5.313827103073835711e-02
2.680547061082235935e-02 5.603249618470947102e-02 6.186427770259134845e-02 2.458647544112438701e-02 2.541502922844682960e-02 5.058322047182434861e-02 2.729017165122619645e-02 4.684437418799663327e-02 5.017288958604019383e-02 5.010258895761998676e-02
2.463907239851138853e-02 5.481774416927460286e-02 6.050163944238529101e-02 2.167473917616635423e-02 2.318874954928433138e-02 4.636852352858973625e-02 2.589821985813567720e-02 4.030658215406025119e-02 4.742692613653698430e-02 4.718253258858485372e-02
2.301380894662231544e-02 5.371954411446207972e-02 5.895450187140616888e-02 1.948345146296938390e-02 2.186205285652616237e-02 4.161360629025067509e-02 2.485756113561916544e-02 3.372807052953907814e-02 4.410669039807493114e-02 4.435491099797533865e-02
2.159323490395933035e-02 5.246605037935350019e-02 5.730419749394365797e-02 1.828522330525227113e-02 2.060193294925277002e-02 3.842907522045646562e-02 2.415824990464179520e-02 2.787285974590070908e-02 4.085514658660979737e-02 4.162809009314666353e-02
2.051133339804841679e-02 5.141910731090602177e-02 5.560162552753147858e-02 1.686499996670984963e-02 1.956025639949686076e-02 3.545718081805622479e-02 2.315026802001904707e-02 2.323654803503224023e-02 3.742008422300761167e-02 3.920048162796567481e-02
1.956132594253108190e-02 5.021622741654704208e-02 5.375622779893503983e-02 1.550660058895870705e-02 1.879238465030425714e-02 3.381819303118886733e-02 2.257705700351470002e-02 1.967799764909072130e-02 3.417685239959479537e-02 3.708574472928445609e-02
1.881967736866145199e-02 4.920299489489108474e-02 5.177205138520209193e-02 1.455251461234151680e-02 1.822993608222728962e-02 3.173315488976879289e-02 2.201812801675979633e-02 1.681596331560833088e-02 3.149377150982908546e-02 3.505494850421413816e-02
1.811997635541179666e-02 4.801579827893899532e-02 4.969011877817462730e-02 1.380830913527608152e-02 1.777962309057705068e-02 3.072691102263849436e-02 2.144620567225822075e-02 1.465152620707577125e-02 2.896132812442852797e-02 3.337572051389726957e-02
1.749668582474319528e-02 4.694270147865437642e-02 4.762977975517584256e-02 1.316521934979440235e-02 1.732635769244401588e-02 2.911544241839117766e-02 2.112734935143645645e-02 1.321512804709568285e-02 2.624024027816598825e-02 3.198777193026628579e-02
1.717076962110467009e-02 4.538666272266853735e-02 4.539424962524256368e-02 1.258591612513999120e-02 1.694377376426322787e-02 2.715340966077149643e-02 2.066415370475848529e-02 1.201376070621640486e-02 2.432047321776156443e-02 3.075845687171132117e-02
1.648505729070592549e-02 4.366242772749189677e-02 4.329691338148888846e-02 1.203507117103921366e-02 1.666422586667523978e-02 2.572754942246599855e-02 2.036062777082786254e-02 1.125911881748933516e-02 2.289909405884833077e-02 2.959845130632154236e-02
1.609319550448713373e-02 4.171370188617180841e-02 4.125139969733340739e-02 1.203092313827667549e-02 1.632876000560725890e-02 2.549871106460633099e-02 2.012539718584092224e-02 1.057675250916744608e-02 2.191913414765630022e-02 2.864347149939609760e-02
1.568706163881405588e-02 3.950713059019091145e-02 3.937315801206038579e-02 1.126111492972295576e-02 1.605612757789315337e-02 2.280754603130005428e-02 1.976288125038106955e-02 9.918257291978588644e-03 2.015019156120225613e-02 2.765789119054651302e-02
1.532548272265250346e-02 3.748876163295277592e-02 3.765276147276461205e-02 1.081307196551117844e-02 1.576749628477963280e-02 2.175929131992482279e-02 1.962076515876304619e-02 9.402836565049371362e-03 1.919081055190159993e-02 2.685516095477985532e-02
1.501246684640553108e-02 3.575492487153125731e-02 3.598430143510106261e-02 1.047082200835746865e-02 1.547899884342410388e-02 2.004041168195674211e-02 1.943902268941455694e-02 8.989927391148263072e-03 1.855361640497881284e-02 2.611062461538614723e-02
1.467860158084439461e-02 3.429201516436866659e-02 3.449718000944248381e-02 1.023720412893594327e-02 1.508896840632776605e-02 1.887009574010667726e-02 1.908324100211996818e-02 8.628014161266715082e-03 1.820359449701631008e-02 2.558454039793502804e-02
1.436728804593383202e-02 3.301744540312122334e-02 3.306076933888638103e-02 9.868123360885867543e-03 1.472669479297380839e-02 1.774090848144058846e-02 1.867757287342999145e-02 8.319772753851527661e-03 1.731553918436258555e-02 2.463732548249437243e-02
1.408321043230314346e-02 3.172681705872518881e-02 3.160563827403807535e-02 9.611527222835964876e-03 1.439006404816247676e-02 1.686363572421387472e-02 1.873532937452939209e-02 8.232845424285572741e-03 1.652092434871285653e-02 2.393798647038949262e-02
1.381550275771103314e-02 3.048528646884129598e-02 3.051451988720881373e-02 9.363315034255212041e-03 1.420844437240661312e-02 1.625502559188772220e-02 1.829220572736705089e-02 7.902358147285935136e-03 1.629122608213273357e-02 2.327762763599895701e-02
1.355271423217187417e-02 2.933768123142024842e-02 2.922229560703984083e-02 9.155144206470018642e-03 1.376681650977619811e-02 1.512972509568508671e-02 1.824594907488035628e-02 7.631910773596557902e-03 1.608104037846604800e-02 2.258197393470380912e-02
1.339835584859146340e-02 2.801188390413113585e-02 2.821021782658622926e-02 8.917777776497593650e-03 1.364475270805656955e-02 1.436929786692185164e-02 1.784843196245074551e-02 7.361918612599120150e-03 1.512886306527806007e-02 2.210339145353631615e-02
1.309900090953027701e-02 2.681041645563938744e-02 2.726284721961285545e-02 8.739024179367100784e-03 1.311757688498333546e-02 1.392371361223633183e-02 1.778676010183558379e-02 7.153072347102145540e-03 1.470893533230766687e-02 2.169597389885488323e-02
1.284399324796601551e-02 2.560094479799374795e-02 2.650219065854633044e-02 8.564009817735867766e-03 1.255508336994113835e-02 1.315125420099502729e-02 1.756717775626402689e-02 6.992231810420473578e-03 1.413118495080208266e-02 2.080636948072311573e-02
1.263393159934981906e-02 2.433726205948173391e-02 2.555732430757051005e-02 8.408269969157642493e-03 1.225255575782626186e-02 1.270071532626571020e-02 1.744758311406640477e-02 6.832324078082772749e-03 1.390639661390034344e-02 2.015100525699939707e-02
1.239179159355701526e-02 2.277404781469657621e-02 2.474450534282224626e-02 8.199227937162316404e-03 1.195900160572546320e-02 1.266094171360271012e-02 1.715319546966461231e-02 6.641632689333352296e-03 1.339733203192513926e-02 1.956351582335931483e-02
1.221541383211436488e-02 2.116358895161800369e-02 2.408753807514832368e-02 8.055730137167531335e-03 1.176560304189313601e-02 1.199555307411542988e-02 1.710250479116001004e-02 6.491743425533260878e-03 1.307350033040719298e-02 1.893326282403190453e-02
1.202126485196351215e-02 1.990579976396505968e-02 2.352159049022681594e-02 7.883716020764385685e-03 1.178100254971604227e-02 1.167177750126021513e-02 1.693757393867802510e-02 6.476257394287740499e-03 1.277272772509303878e-02 1.840772499931914163e-02
1.185720942426553987e-02 1.893151386225811264e-02 2.287353704494402354e-02 7.743057058851803877e-03 1.152714259161806247e-02 1.161138423447991008e-02 1.672222292356842499e-02 6.208551897672694511e-03 1.241280655805662540e-02 1.794197580350308241e-02
1.161196842257443754e-02 1.792266035525492615e-02 2.192636938445094788e-02 7.598658005199712510e-03 1.126633166980293109e-02 1.110518065431161973e-02 1.665665856459622868e-02 6.075792118321622463e-03 1.239271280536243143e-02 1.727469073868478575e-02
1.141402612781972602e-02 1.718078429411704772e-02 2.155612712708274495e-02 7.480729419670881578e-03 1.092612120939290450e-02 1.078419565356671453e-02 1.639651400054708066e-02 6.111030346815936147e-03 1.170889634441233014e-02 1.677558895456711385e-02
1.126914546204524012e-02 1.656045229062694940e-02 2.078856536371838024e-02 7.352390056160687526e-03 1.068006547613578432e-02 1.067599205821199645e-02 1.628527498668421933e-02 5.883393743393940806e-03 1.145950107177197592e-02 1.622755115599324588e-02
1.105163630124549219e-02 1.595956085591996448e-02 2.022058561448043801e-02 7.242961875527435291e-03 1.069996312224583135e-02 1.029807373043730920e-02 1.610418129034155849e-02 5.751269788563989106e-03 1.118480555204388535e-02 1.586661529954342537e-02
1.092761489806382685e-02 1.537794508691355151e-02 1.970400618990635760e-02 7.161308070607318513e-03 1.047414092727072359e-02 1.014379602073447149e-02 1.599579294004639662e-02 5.674849958694503163e-03 1.095769187921831998e-02 1.537053701078542126e-02
1.071188536116035768e-02 1.489181959587976972e-02 1.896142289378275128e-02 7.086479647383336737e-03 1.017905617487071569e-02 9.764998269794803246e-03 1.584881365336140296e-02 5.541147411855692519e-03 1.063073724718605062e-02 1.490882878202205893e-02
1.059621084136835520e-02 1.444151861480705464e-02 1.825600455160297786e-02 6.922610364246625098e-03 1.019577990464574403e-02 9.654008444987458720e-03 1.599789412898818333e-02 5.514328053822987498e-03 1.039247339391219035e-02 1.453513248991970298e-02
1.039404048983976273e-02 1.408967419172384161e-02 1.814412978268261159e-02 6.846602599019232030e-03 9.906157512986301511e-03 9.962508863558344752e-03 1.573111024718077539e-02 5.468405795185900600e-03 1.022946622778697461e-02 1.399220819404822617e-02
1.040316776579639814e-02 1.367087507062425544e-02 1.741927965431842168e-02 6.722880264938624513e-03 9.817688197654163632e-03 9.157242020066845220e-03 1.556232488129001036e-02 5.290954824706517109e-03 9.938416913943573863e-03 1.356181347412485638e-02
1.011694946716680359e-02 1.341892609430326774e-02 1.672850692561526562e-02 6.634021225109070635e-03 9.527812526726291142e-03 8.967237269834936811e-03 1.536936775764555577e-02 5.185502446765714521e-03 9.985256778251858437e-03 1.316801293991789676e-02
9.963444759464855707e-03 1.307122158022478407e-02 1.619431704048121187e-02 6.559362967684551418e-03 9.357932054291936627e-03 8.828170970807907789e-03 1.524789971316960722e-02 5.137012960759856917e-03 9.968138719933685235e-03 1.296384754834679735e-02
9.819704997135929661e-03 1.270930072112211491e-02 1.565887761225956756e-02 6.458258796907223945e-03 9.252080903477432824e-03 9.561341610687819001e-03 1.521804679185606753e-02 5.094939429030179157e-03 9.499990310464704116e-03 1.253221703597894900e-02
9.690477403626973282e-03 1.235810212002667885e-02 1.515112830110810702e-02 6.483191148002275493e-03 9.141649092313571673e-03 8.494360161985192031e-03 1.531072762428768198e-02 4.985582447931537903e-03 9.317285533429626662e-03 1.228368570026864420e-02
9.561833698615095078e-03 1.209026120108902709e-02 1.471239004624166555e-02 6.356728000462175295e-03 8.979115699911615830e-03 8.424391046672549330e-03 1.507838369437069885e-02 4.928597381815034290e-03 9.127529173493425033e-03 1.208627381447005891e-02
9.435255033651708187e-03 1.189771475281898791e-02 1.422437005598230567e-02 6.238955665997691045e-03 8.929496041398799627e-03 8.243284967068446184e-03 1.562720300152622283e-02 4.974257449902139139e-03 8.973421745101010927e-03 1.176336278692032174e-02
9.410052221925270174e-03 1.166335519509778020e-02 1.377914800539936126e-02 6.212302527526218296e-03 8.882953259930976772e-03 8.159661617202459624e-03 1.481418552507119367e-02 4.812110962241562991e-03 8.603665396586116301e-03 1.150448665218576152e-02
9.192174169007012383e-03 1.156121750337983645e-02 1.336691648311998624e-02 6.101698573696404636e-03 8.706054520679178121e-03 7.993809249022541460e-03 1.477128786997853639e-02 4.776627562591386975e-03 8.769385882205252628e-03 1.130378723333238730e-02
9.096876971171070914e-03 1.133379991543304564e-02 1.292357811514577813e-02 6.035915762448370268e-03 8.426927473307086955e-03 8.223210272853043873e-03 1.461795350758931383e-02 4.715020292733357841e-03 8.350054186560127573e-03 1.107527699774272373e-02
8.972736915479841494e-03 1.117786409455902470e-02 1.244534624305142743e-02 5.972489141139038921e-03 8.340479867377979806e-03 7.813958041554861303e-03 1.469323867087465700e-02 4.651073490262158487e-03 8.239883380380967973e-03 1.088990843833726428e-02
8.851276732089350882e-03 1.104739652850507924e-02 1.199882416387311121e-02 6.009728666398747587e-03 8.106713045828481401e-03 7.654803276820576832e-03 1.452377619960089523e-02 4.594215045510074459e-03 8.211799052606730265e-03 1.070285726904194115e-02
8.748014292483700591e-03 1.092069991243549421e-02 1.163566255135961049e-02 5.853685366629414293e-03 8.126798851343593894e-03 7.596879253320524238e-03 1.433668075449124821e-02 4.563825426746858857e-03 7.813170057200476484e-03 1.049261878191834127e-02
8.682233354556600363e-03 1.077232857706344679e-02 1.121045505292824623e-02 5.798589293373653322e-03 8.127563654780954258e-03 7.433455159569419581e-03 1.420393694944231157e-02 4.518445778076062187e-03 7.973896028458521412e-03 1.033174582014777763e-02
8.583122371499695910e-03 1.066133477859673023e-02 1.084711604569468107e-02 5.915048995100575732e-03 7.857477357896811010e-03 7.527815715283965071e-03 1.428072414193383606e-02 4.520042560170194242e-03 7.560782364164417638e-03 1.014492999423231845e-02
8.435062916313849565e-03 1.056256527961112711e-02 1.054765898893149714e-02 5.699093014929553815e-03 7.827476451351258330e-03 7.219901084521082764e-03 1.405040386298636416e-02 4.468548915995203437e-03 8.072661182574249195e-03 9.958237647857859365e-03
8.333000220346617817e-03 1.044029290734138811e-02 1.011143260842403691e-02 5.742538002809278140e-03 7.681798696612775375e-03 7.170645283392534063e-03 1.395094868140946999e-02 4.379043906943866360e-03 7.477967336960354011e-03 9.798726574689598651e-03
8.243608626723311628e-03 1.030589739562761016e-02 9.914619735017334706e-03 5.612876297511193782e-03 7.556368490633120008e-03 7.067693796455319991e-03 1.409988114833640206e-02 4.377604432510629091e-03 7.278278501712699168e-03 9.649541528909422530e-03
8.244373574022920495e-03 1.019584843402538549e-02 9.548917392701803883e-03 5.596875252756469687e-03 7.343709768264155766e-03 7.041009870579606651e-03 1.386869284476097489e-02 4.377997374465480117e-03 7.220550214711859462e-03 9.544443589218607610e-03
8.040441256915404483e-03 1.008745861103034318e-02 9.214873204944759241e-03 5.568119374367251455e-03 7.261923418514353371e-03 6.860255196302874128e-03 1.375305514017710097e-02 4.282276838046608462e-03 7.095017485563769218e-03 9.349518706475261343e-03
7.968173459169598447e-03 1.004399269914115281e-02 8.834111999930564091e-03 5.493832370019189476e-03 7.247566993197405820e-03 6.774173331841300619e-03 1.355451377685640106e-02 4.231651411855270710e-03 7.108647105932024493e-03 9.289241208623112006e-03
7.835235256368835305e-03 9.942015439764004953e-03 8.572548247815187789e-03 5.416026923525439282e-03 7.052766273730906241e-03 6.998482774838648418e-03 1.350486891051053476e-02 4.285504300106421360e-03 7.252473183321724720e-03 9.088126002741560641e-03
7.832146649849212536e-03 9.832598687022253009e-03 8.324957691930255296e-03 5.404770852571517438e-03 6.928376325653138115e-03 6.837780586379962715e-03 1.344373677919200732e-02 4.179440249403455765e-03 6.738286458062133812e-03 8.915060156425444471e-03
7.731375289048034172e-03 9.764867453515563636e-03 8.012564730933178364e-03 5.394751903496379855e-03 6.886811057447361599e-03 6.657516438070674829e-03 1.330248221261602463e-02 4.128936528291050380e-03 6.679060122877368555e-03 8.787026031119114095e-03
7.560405221482535514e-03 9.731062322250818436e-03 7.845741759478084415e-03 5.343235484685252869e-03 6.877022784112648071e-03 6.415555865813440777e-03 1.331606701286453150e-02 4.127407757085726180e-03 6.567492091990804158e-03 8.698764875456477599e-03
7.484044036062511944e-03 9.622869158060235947e-03 7.505480355867330533e-03 5.296833804103898841e-03 6.836114924558293546e-03 6.486308880571199816e-03 1.376280548821947822e-02 4.141024915309028318e-03 6.481071664638043094e-03 8.542570607653751300e-03
7.399582773874739498e-03 9.536206897508824401e-03 7.326796651651642373e-03 5.237781423638883903e-03 6.701481589827371424e-03 6.367128248795252306e-03 1.306947129542256926e-02 4.078293773098805655e-03 6.430411357492397256e-03 8.560903782327856926e-03
7.343767965742075896e-03 9.442436496496434475e-03 7.084595701157655329e-03 5.233117162532514161e-03 6.661334748247751611e-03 6.237490198747868905e-03 1.294558750634716357e-02 4.014674938917673838e-03 6.384437298220745592e-03 8.435079436160968294e-03
7.234284968061959267e-03 9.360783270626612390e-03 6.851628105581483892e-03 5.154487490867034651e-03 6.450807717674638710e-03 6.144308855614789323e-03 1.291500208547999642e-02 3.975211106092525586e-03 6.498846707062150979e-03 8.216833625271589489e-03
7.121076995680152531e-03 9.281081990276829341e-03 6.668573768000026110e-03 5.127806781264900374e-03 6.447477269729045592e-03 6.377179631281943567e-03 1.289712815472288283e-02 3.937126718214362976e-03 6.201257907098013840e-03 8.126614281424429653e-03
7.048425332014061732e-03 9.264797040882006077e-03 6.424922661443178452e-03 5.124926475217844377e-03 6.277460669763207032e-03 6.045154629177899516e-03 1.275469599366619786e-02 3.940269431414241720e-03 7.394381251752572132e-03 7.954797646543838863e-03
7.053794249005429506e-03 9.185289813167726858e-03 6.278137142679898752e-03 5.060066770303124455e-03 6.357020430515820594e-03 5.966782315781375343e-03 1.285337321821209897e-02 3.881319284345757705e-03 6.142341385754772690e-03 7.944803256985846079e-03
6.939311691043821215e-03 9.127500240473034043e-03 6.027450241028079608e-03 5.025797225118130984e-03 6.133341507574993808e-03 6.030250696023663204e-03 1.262978209165385723e-02 3.855163946708558761e-03 5.975203891014049112e-03 7.809974351789512360e-03
6.812025111480427518e-03 9.066520384200112484e-03 5.872348181869450380e-03 5.001251208448906534e-03 6.027123410269586215e-03 6.300555026420360909e-03 1.257309770448139172e-02 3.897762434360684067e-03 6.144953608680558087e-03 7.622905076459550629e-03
6.770745684659123555e-03 9.030473123349329681e-03 5.703520858238208049e-03 4.977270719090772823e-03 6.134633420562500203e-03 5.766981236406801270e-03 1.242251197300166948e-02 3.804662676112926818e-03 5.812927727684543550e-03 7.510470753580373443e-03
6.703089722552947778e-03 8.989822290654167145e-03 5.559244864427452006e-03 4.967420090423506525e-03 6.061763413992892445e-03 5.703183950838341780e-03 1.274796589887240532e-02 3.817175389842537066e-03 5.783748504780645248e-03 7.460181530136471804e-03
6.607903046144330585e-03 8.839944846143043405e-03 5.411756561661348712e-03 4.910578079964319533e-03 5.907960587951907941e-03 5.596865840092375352e-03 1.237211153843924966e-02 3.752255843243253782e-03 5.743084107613554215e-03 7.413384035741450023e-03
6.557963279709478656e-03 8.782839516147743220e-03 5.338700155452198899e-03 4.888473110411976387e-03 5.760743461640715699e-03 5.706120217450742597e-03 1.222488690837540866e-02 3.736874733083725073e-03 5.668570253130476161e-03 7.208657006676729741e-03
6.490671022647215641e-03 8.713013806070358386e-03 5.261080450844663262e-03 4.883731424486129936e-03 5.783037442264009689e-03 5.477224176676477423e-03 1.220551621951797977e-02 3.679715497985637171e-03 5.691610608728484878e-03 7.114162960280905404e-03
6.416510656154997792e-03 8.656272608660213821e-03 5.019771176438896608e-03 4.964442966064934112e-03 5.751959241126287405e-03 5.506777745974546917e-03 1.228894533053430382e-02 3.657650771656787651e-03 5.761133497636196019e-03 7.029421945334513033e-03
6.361944684232494034e-03 8.607625560429817829e-03 4.944147648601768946e-03 4.824761138153331984e-03 5.614060445736692925e-03 5.561746020959981371e-03 1.225895702778860390e-02 3.700267188484046652e-03 5.506522073351669162e-03 6.941464207376331005e-03
6.269256305112073588e-03 8.551834107688999556e-03 4.856895428219715725e-03 4.804614631669245142e-03 5.496338568814911757e-03 5.329436964343304758e-03 1.201166310750760580e-02 3.609817811258288819e-03 5.460367346909203445e-03 6.844811004032736075e-03
6.318845461431725312e-03 8.525281539417095197e-03 4.837181031270212407e-03 4.770875537071607615e-03 5.573777541522220540e-03 5.753346414745643539e-03 1.209077145389812237e-02 3.585521892061217797e-03 5.397080613378028337e-03 6.768515431993611144e-03
6.299032359744055273e-03 8.433119858597626362e-03 4.679772609469985342e-03 4.741262573895518341e-03 5.403773658037250294e-03 5.460568225294304759e-03 1.193829567054163765e-02 3.608975580674701408e-03 5.462847008022575501e-03 6.702980805071349739e-03
6.115610211783653605e-03 8.359211424329732881e-03 4.613673997768212229e-03 4.787541901382350029e-03 5.404638337244522042e-03 5.382925021037736867e-03 1.208274819121523541e-02 3.541870414593930715e-03 5.436208965019517954e-03 6.612573184405968856e-03
6.124029556378400400e-03 8.305487664287699787e-03 4.564025738728809227e-03 4.705107762586677872e-03 5.334284664356076996e-03 5.078015569417284984e-03 1.184404309701029591e-02 3.506724716085469259e-03 5.298855562620954918e-03 6.513617918382425855e-03
6.076378798291624979e-03 8.243712111701696765e-03 4.467574212139806787e-03 4.702626830023558246e-03 5.273593895752152171e-03 5.029092898938530148e-03 1.172875410520778268e-02 3.491856836828355955e-03 5.233599594799186704e-03 6.447632590644397990e-03
5.948382861428625802e-03 8.288758361624385188e-03 4.381158849257590915e-03 4.663220035202387051e-03 5.176570271309594712e-03 4.997116569196602409e-03 1.161638260672810674e-02 3.475166676000775775e-03 5.219687161092902671e-03 6.360665569520329923e-03
5.878869985572366015e-03 8.149108663196626481e-03 4.338431078682778406e-03 4.648377631762888942e-03 5.129514935469043323e-03 4.955571989927299616e-03 1.151969758065236361e-02 3.460311480599849183e-03 5.433334581596934408e-03 6.298186278705496070e-03
5.825110410822065266e-03 8.125955450757643694e-03 4.410373893512785012e-03 4.660611176732130934e-03 5.128423822932540697e-03 4.889623692752725036e-03 1.165631106050614603e-02 3.423812624464177886e-03 5.110718106121246544e-03 6.313904900021062409e-03
5.776222287641825416e-03 8.061092126432188240e-03 4.274053212269192555e-03 4.706322550051712274e-03 5.052894411406401616e-03 4.846571464268165617e-03 1.158724382477874411e-02 3.449586474580058557e-03 5.125140341948165347e-03 6.166617391420121247e-03
5.933507447122835475e-03 7.980946045597779939e-03 4.158262395770957916e-03 4.600440656575537773e-03 5.035228881113800944e-03 4.839463211781900621e-03 1.151515703742178424e-02 3.411693894872617778e-03 5.206743280878218041e-03 6.260628144790658482e-03
5.701538016304160197e-03 7.924524362504948433e-03 4.125043866175923633e-03 4.572744862840193505e-03 4.944512311687588799e-03 5.455532044410289598e-03 1.147343358243351624e-02 3.392488042873912247e-03 5.009460080496537689e-03 6.121440724126962080e-03
5.599492090590519645e-03 7.874922510002395695e-03 4.110099509139586264e-03 4.553814046286261928e-03 4.942398505500936873e-03 4.828392322923443121e-03 1.118793383335593868e-02 3.334655395199476614e-03 5.012853316454424571e-03 5.993295043119619032e-03
5.600173633816449802e-03 7.997910703619210207e-03 4.058417165351014058e-03 4.534816882517976773e-03 4.911942731097387362e-03 5.294300429315334199e-03 1.110999814879660291e-02 3.318663845421196933e-03 4.962289652661105652e-03 5.921988423987202543e-03
5.500266885871093678e-03 7.799500866996377478e-03 3.988290418257869549e-03 4.515121853212794231e-03 4.894596081642944331e-03 5.031747680568820526e-03 1.114118439850933159e-02 3.430889756709417249e-03 4.960877072024753170e-03 5.870581374396599376e-03
5.450995516523009406e-03 7.719403877692631796e-03 3.965160509228815924e-03 4.540298636041211790e-03 4.818199778493292840e-03 6.878006861975836939e-03 1.106980182910589569e-02 3.270479145735475084e-03 4.932850703567592983e-03 5.836557312301902251e-03
5.414899697920020315e-03 7.666960704670071000e-03 3.963094409153712118e-03 4.484705198137192705e-03 4.811559044403970059e-03 5.331877001529800215e-03 1.103925923956808677e-02 3.248531326979030472e-03 4.888542018913167100e-03 5.744779397109653525e-03
5.354508331594453295e-03 7.642337166656641527e-03 3.932571108073197250e-03 4.472853578185106288e-03 4.710182355031053425e-03 4.540862403884361395e-03 1.095039294605305163e-02 3.241730256733391883e-03 4.869758114493045326e-03 5.680252751457532702e-03
5.311013129042345231e-03 7.593378213570477729e-03 3.866566014838786550e-03 4.508086716646022597e-03 4.705224844418962743e-03 4.568379908460389396e-03 1.127774570583106768e-02 3.204366811719207200e-03 4.852281020376708089e-03 5.782857815106302521e-03
5.320843487755071155e-03 7.564000173999841856e-03 3.825309759313129995e-03 4.447088403009935402e-03 4.644060191329344930e-03 4.706384790313743356e-03 1.074814683116049469e-02 3.229303712347935621e-03 4.735320026811829994e-03 5.635132466510904721e-03
5.259678445885219641e-03 7.544038791657744006e-03 3.786255535475212437e-03 4.470729584853568028e-03 4.619959321141150002e-03 5.554072748659816608e-03 1.070928918885126133e-02 3.200394788637869921e-03 4.787851417104656455e-03 5.510921043979839958e-03
5.206899792495159850e-03 7.441263914766983560e-03 3.776569051974234831e-03 4.494193641675362644e-03 4.662088310686796598e-03 4.660032087699073414e-03 1.070145273035022493e-02 3.153335228024807969e-03 4.701098286671463386e-03 5.458698824719609120e-03
5.142322923724803631e-03 7.379772097697497382e-03 3.752346446033690604e-03 4.447882345364124676e-03 4.556893001663147279e-03 4.366021753215466872e-03 1.059641459052085288e-02 3.137808928421439731e-03 4.717295215101138112e-03 5.408448226944896631e-03
5.177761183000641892e-03 7.347229278525291632e-03 3.713624271721278295e-03 4.411247717538023007e-03 4.571616646985548170e-03 4.280082545141485062e-03 1.056602967828560412e-02 3.109050628062972645e-03 4.663232827890262215e-03 5.389093368778932053e-03
5.068824274745327603e-03 7.290919835751186011e-03 3.686753104392058444e-03 4.599090053177527608e-03 4.526478800400531022e-03 4.353075269196139858e-03 1.045862904809841815e-02 3.096123980178265914e-03 4.700791730128308678e-03 5.319859254641675500e-03
5.035196854836095602e-03 7.256092959650520952e-03 3.676979653680752681e-03 4.412253673976540905e-03 4.456179674151006069e-03 4.319465434969942640e-03 1.038592921512799735e-02 3.074985811598443097e-03 4.597467491661469396e-03 5.281549952569416541e-03
5.094568522530123177e-03 7.225438327887023782e-03 3.658042917309222743e-03 4.341523960215689856e-03 4.471400560390791437e-03 4.408453033390714350e-03 1.029225852553029494e-02 3.078428826902665939e-03 4.709615272295609133e-03 5.250571976401087471e-03
4.970722970234170250e-03 7.198339957318672898e-03 3.645794845811965983e-03 4.339266058791375023e-03 4.383288273816633371e-03 4.141953385209623181e-03 1.049639021726956820e-02 3.057194698111498354e-03 4.569006833093918959e-03 5.188344844045366701e-03
4.892216387427914849e-03 7.121021667470464264e-03 3.593922483343524321e-03 4.313919710311081915e-03 4.425766275167030035e-03 4.120449305549328013e-03 1.018887356064049343e-02 3.063949867789243515e-03 4.510855599050535986e-03 5.188811904636960598e-03
4.898716155181176077e-03 7.112840625751590783e-03 3.583533007325978657e-03 4.306040074771068371e-03 4.370737859446480536e-03 4.982207728365145756e-03 1.029342220399369692e-02 3.010643978640608568e-03 4.491544587060638909e-03 5.141454940524168259e-03
4.836218993017641840e-03 7.039926231639351967e-03 3.558811419199748530e-03 4.361443818041461397e-03 4.352679621956248579e-03 4.262102051981446309e-03 1.003649232691863034e-02 3.024468800599595074e-03 4.911240485819503426e-03 5.060330964875897099e-03
4.815450089638008586e-03 7.040882986108886431e-03 3.573341411153697304e-03 4.284776697819587393e-03 4.331715241744605108e-03 4.337262392747637946e-03 9.971521195390570594e-03 2.991394846588355493e-03 4.499665114213426825e-03 5.026197948507667851e-03
4.835343228187290870e-03 6.960125773949537437e-03 3.521195314797204764e-03 4.317998042438808519e-03 4.317805360980401901e-03 4.055469535440626647e-03 1.013782133881595098e-02 2.981075891374866411e-03 4.444038539665230887e-03 4.983757414238686873e-03
4.722590318038685266e-03 7.033649444068169714e-03 3.505150052542727827e-03 4.290472706301773180e-03 4.281231457102154664e-03 4.031770193341792721e-03 9.851889880370206382e-03 2.946836000030983883e-03 4.582401705496771081e-03 4.956321315124937940e-03
4.731205148612005994e-03 6.889066450667846904e-03 3.476841548056319557e-03 4.270581399464882903e-03 4.217748040096322426e-03 3.969891693857019281e-03 9.775941906724342975e-03 2.945740939443969742e-03 4.468090004217626331e-03 4.909819487592489984e-03
4.682087529964375910e-03 6.865625689050746348e-03 3.469879670930749692e-03 4.244484757135861576e-03 4.199383799580912006e-03 4.075918646034107709e-03 9.761476061690017511e-03 2.968577750393536392e-03 4.382866213694251549e-03 4.873593716831469032e-03
4.641087268025963740e-03 6.808555149115227967e-03 3.471822189426214140e-03 4.248987234714377351e-03 4.145837202702749857e-03 4.145913503816106224e-03 9.679241252634335213e-03 2.924970461760895840e-03 4.335515661735043352e-03 4.838005953991495432e-03
4.664983042000537747e-03 6.783042006462652006e-03 3.539287458672529113e-03 4.419143085836221320e-03 4.163237711564376185e-03 5.448129210841943203e-03 9.734063619478160873e-03 2.881715268826337897e-03 4.329699771885063900e-03 4.826759911918923097e-03
4.759265102749329381e-03 6.737061134160392782e-03 3.472301511732598690e-03 4.230700028093350995e-03 4.094469169765775976e-03 4.185414664878116253e-03 9.666233198361292439e-03 2.908749171955700950e-03 4.359770534525931988e-03 4.823622249314444589e-03
4.573668349811790997e-03 6.719879196541018486e-03 3.424579980059055256e-03 4.207983513488936476e-03 4.182466907922408397e-03 3.964670988677055155e-03 9.424728171256042605e-03 2.889283942064788460e-03 4.370643622536076085e-03 4.753007553757454887e-03
4.547616582902664489e-03 6.651619636474828678e-03 3.419156002791212592e-03 4.209050880861442585e-03 4.163732545806583807e-03 4.221922665545145385e-03 9.373094746249133885e-03 2.864798519903373388e-03 4.307080268613944045e-03 4.722242585999411081e-03
4.831112741908567820e-03 6.627692014485675812e-03 3.423481433524824466e-03 4.218243113206617684e-03 4.093431516138039232e-03 3.885973558150156333e-03 9.374675746355344563e-03 2.836719511427904065e-03 4.256258260410690150e-03 4.678794535496039880e-03
4.548815188882422179e-03 6.595231545778185676e-03 3.463994162829073763e-03 4.200200336813384762e-03 4.067742862777430288e-03 3.840259191583904504e-03 9.320506510075442924e-03 2.808330388619509777e-03 4.553487443189920686e-03 4.683689699477211824e-03
4.449811207881805217e-03 6.566039777756227554e-03 3.376025301797398650e-03 4.167740076154593555e-03 4.083802009199881400e-03 5.518033296717668110e-03 9.184493913952275143e-03 2.888237774045086803e-03 4.278487586270100264e-03 4.644866693697263793e-03
4.827724266298391576e-03 6.522193453373935530e-03 3.362257185162126523e-03 4.167604519622511786e-03 4.012537156692720479e-03 4.292873256849107956e-03 9.109023510955107164e-03 2.860287733038823204e-03 4.209905094939766015e-03 4.614482789443985489e-03
4.426427031956958920e-03 6.539152649552168461e-03 3.355903571081910418e-03 4.147478285071554485e-03 4.038939013076644005e-03 3.853651336224218644e-03 8.995158223430192376e-03 2.798607781693001392e-03 4.360103428353937979e-03 4.562317648209005330e-03
4.569609548184602396e-03 6.427671367691763574e-03 3.383199774365661366e-03 4.143821025624769457e-03 3.920735889587296033e-03 3.776534992232444873e-03 8.920340198068801504e-03 2.763586234401144929e-03 4.163418604395912118e-03 4.539960225247442228e-03
4.317073950816517798e-03 6.441933684686978502e-03 3.341756061722067541e-03 4.132062463567258946e-03 3.925658930267668725e-03 3.686646891549370808e-03 9.124673368997256173e-03 2.809032763185049814e-03 4.173592653811207705e-03 4.506568165324725123e-03
4.313053501453428112e-03 6.372608101532555892e-03 3.329145965899317928e-03 4.171491972144829308e-03 3.924147671910819743e-03 3.915687746979827979e-03 8.773771867756218965e-03 2.805158028218312973e-03 4.283069490355016599e-03 4.547940410444406209e-03
4.369811753905238072e-03 6.348513511897535717e-03 3.315495568880772684e-03 4.121237779849626533e-03 3.889808016874445658e-03 4.237876385338299259e-03 8.728660596980014966e-03 2.765328251369746689e-03 4.126500934020902248e-03 4.465612726103561705e-03
4.261526710064435057e-03 6.321447199064562580e-03 3.323649655720555245e-03 4.166613325242133140e-03 3.891104335564833996e-03 5.432275692920095732e-03 8.668719526029019032e-03 2.745445420739534795e-03 4.151990236751414848e-03 4.427006878163293642e-03
4.288270331218727201e-03 6.291311940089439406e-03 3.314470668620629265e-03 4.129717345465070376e-03 3.893911995011803753e-03 4.528472478411149638e-03 8.573988136103542768e-03 2.719834383313364089e-03 4.080036087474861982e-03 4.420784024057570691e-03
4.228056622303712903e-03 6.259971155572404376e-03 3.316679780569718999e-03 4.108568312171644379e-03 3.816683789715766707e-03 4.364175113347638219e-03 8.511523142554381499e-03 2.708911406125720771e-03 4.083585193393786915e-03 4.375132798469179123e-03
4.461915426554201140e-03 6.324920001611731950e-03 3.276341134102456025e-03 4.097907154311744397e-03 3.838780633932914379e-03 4.279182064162346741e-03 8.419915072780351228e-03 2.693390399228734640e-03 4.136374813553439847e-03 4.388215315741428660e-03
4.177013131243766109e-03 6.229629322396249870e-03 3.277816081858414381e-03 4.094733173674430446e-03 3.882317400650630440e-03 4.165618753704246856e-03 8.337173020361130990e-03 2.682208146925448965e-03 4.068942020555637792e-03 4.441806362236592684e-03
4.195856984509444866e-03 6.198254709037022067e-03 3.266178945795478617e-03 4.175414923035141064e-03 3.835487179302096445e-03 4.225885437858523282e-03 8.237131695604422987e-03 2.682384524669606703e-03 4.061960746572933559e-03 4.308918259821665174e-03
4.207795287802960568e-03 6.147969501253600783e-03 3.254272667192427936e-03 4.083191133917371887e-03 3.740533569528454224e-03 3.839271153329015720e-03 8.155853528507180095e-03 2.657421982587021385e-03 4.065765685759595641e-03 4.303683200277656426e-03
4.166294650852921978e-03 6.137115537329952512e-03 3.307856208685587118e-03 4.071101464494907528e-03 3.764547869841039073e-03 3.899388881791164118e-03 8.095457843218819768e-03 2.671818796904333604e-03 4.063496641610180558e-03 4.261185050288640239e-03
4.144331351343020879e-03 6.103816202671789697e-03 3.276861416282093268e-03 4.099252872876255060e-03 3.728480646199163352e-03 4.456384726578236678e-03 7.985803256170176737e-03 2.659753819629103247e-03 4.046025038425806776e-03 4.243385159760514405e-03
4.132452176798205416e-03 6.065575264440252815e-03 3.235023639713341392e-03 4.054304055121702235e-03 3.726352610280806842e-03 3.699765659809652919e-03 8.045118913655908283e-03 2.653714326810515875e-03 4.056743288665409959e-03 4.394912371428407079e-03
4.139958381085643950e-03 6.097670887095747901e-03 3.239845165107798405e-03 4.051822859563654691e-03 3.726916500047292458e-03 3.442834607947348798e-03 7.855791393043839652e-03 2.671558609752399272e-03 4.378168159098683870e-03 4.263577402297226079e-03
4.057728470190878449e-03 6.009251030506379716e-03 3.226483122892239829e-03 4.035953040552647288e-03 3.675729660489782634e-03 3.505397233073260718e-03 7.685057553620854368e-03 2.642816920900038606e-03 4.039671035752365365e-03 4.168024902467253913e-03
3.996128738065680454e-03 5.967538959351127714e-03 3.219938011067057741e-03 4.036162429117144852e-03 3.663885792158182338e-03 3.955392784753070101e-03 7.648407232787647093e-03 2.613956913449920483e-03 3.965683428966521387e-03 4.193765655782224870e-03
4.042045066600359095e-03 6.019439956967392175e-03 3.232400224300672510e-03 4.066524912420205543e-03 3.691107316645912944e-03 3.520765515998937941e-03 7.489559666979587679e-03 2.605378333901452268e-03 3.934654250989280677e-03 4.122644454672989324e-03
4.261121896220026670e-03 5.918487610118783673e-03 3.221241382200215175e-03 4.028994739589791471e-03 3.642440221867292161e-03 3.334673234669951677e-03 7.462739849165277509e-03 2.601203448315249356e-03 4.064725387298811013e-03 4.106355611982061282e-03
4.427338990836034160e-03 5.945154048217035636e-03 3.210701784554022709e-03 4.012833771982963170e-03 3.817760745418830731e-03 3.348892329426663480e-03 7.308131232644930059e-03 2.714380265361733199e-03 3.897653671681690357e-03 4.079659068270068654e-03
3.972741501038335940e-03 5.834273983681184314e-03 3.246848544682534414e-03 4.048732389430586068e-03 3.644692925843605932e-03 3.395600165421283796e-03 7.330369785213925772e-03 2.600588939224650342e-03 3.899216557452493074e-03 4.095303831731460405e-03
4.131879063620064706e-03 5.870333818844856652e-03 3.181874206133303469e-03 4.005421377960819221e-03 3.594603306431970978e-03 3.378319552769774251e-03 7.102714827558747647e-03 2.599932042584283433e-03 3.944084652880938159e-03 4.095246833266908033e-03
3.995622347249631716e-03 5.782326046478346304e-03 3.195707315193740787e-03 4.029297947643071913e-03 3.643347791666680033e-03 3.513347129434033801e-03 7.014780768011879761e-03 2.604528117911909454e-03 3.858731828978768236e-03 4.020336405640316697e-03
3.920124926046991351e-03 5.780354800526655082e-03 3.182881285725706368e-03 4.009549275312590706e-03 3.667961563058632236e-03 3.627739834717091938e-03 6.942992478937357048e-03 2.637968928991697021e-03 3.875740484789017438e-03 3.993398207607261677e-03
3.940968951817675446e-03 5.744563908529926911e-03 3.174281671584685584e-03 3.991971992689183867e-03 3.560473718906451927e-03 3.718936149192273929e-03 6.924604142172056248e-03 2.567413925985988568e-03 3.930577205950113936e-03 4.026073734736264689e-03
3.929392526368498569e-03 5.709682241295605670e-03 3.177957770150547853e-03 3.984307610494161600e-03 3.756075849093890463e-03 4.165941092470579199e-03 6.652184025147389601e-03 2.562418494505088254e-03 3.831231382515027512e-03 3.959317706033004154e-03
3.909884202615205619e-03 5.705273010543299161e-03 3.165310910961490875e-03 3.988767239826835308e-03 3.551541906102862085e-03 3.646308106958132903e-03 6.589103164856645496e-03 2.626893764341928228e-03 3.896943927541246435e-03 3.961496842775722588e-03
3.867748758408803486e-03 5.628637999915466969e-03 3.165462745375872532e-03 3.984274533484492148e-03 3.539560549048888140e-03 3.237220608623738501e-03 6.498296216055433720e-03 2.558168302695981982e-03 3.803731725121334371e-03 3.919032579280158808e-03
4.124916082820831095e-03 5.668484090397019406e-03 3.174724069768872399e-03 4.007355297318970430e-03 3.524314969498194144e-03 3.307240897843808335e-03 6.393738540973307322e-03 2.536286450415304455e-03 3.836893330551489900e-03 3.909837449625744830e-03
3.862100892611322351e-03 5.593879025322334893e-03 3.188021922977719511e-03 3.979080577174674664e-03 3.537348539667186428e-03 3.190681461638711532e-03 6.240616802332472207e-03 2.528617879074281181e-03 3.814298694560544749e-03 3.879350417147183275e-03
3.829154511885574704e-03 5.583257763469573476e-03 3.159393521532781728e-03 3.990949868913188509e-03 3.540165493606496020e-03 3.928584634271072018e-03 6.120932872884177200e-03 2.531896741076217379e-03 3.789551654513570022e-03 3.854849464534407071e-03
3.804132518325818897e-03 5.565133595575454291e-03 3.154834944415268235e-03 3.996491496472908377e-03 3.518876551978419344e-03 3.421908966218571279e-03 5.984888790929820609e-03 2.693309256807646830e-03 3.763023233464936074e-03 3.830856236876562741e-03
4.010659598921908348e-03 5.576484997347979852e-03 3.137636479600432789e-03 3.950648152323084882e-03 3.502484423233945439e-03 3.385722627907386106e-03 6.215588237080618347e-03 2.560422915416908640e-03 3.927172758231079960e-03 3.881539064727092866e-03
3.772438704066103949e-03 5.490194508166048627e-03 3.131655015894596519e-03 3.948279528321475829e-03 3.472561819236120225e-03 3.224077095341180369e-03 5.773686620590041257e-03 2.513259100951442844e-03 3.760942496972678479e-03 3.813745511058695692e-03
3.793158463148145736e-03 5.480971252663262988e-03 3.113565851095577691e-03 3.959257637869755160e-03 3.561606077805059851e-03 4.279471440434274090e-03 5.674443355678376009e-03 2.510644232805309562e-03 3.745631658207003792e-03 3.779073241892692923e-03
3.767390212989272721e-03 5.453726987877038739e-03 3.120396219504372251e-03 3.964060356842312796e-03 3.454300366858900889e-03 3.293748723859888251e-03 5.651138113176332883e-03 2.546419871499386398e-03 3.733455089705347858e-03 3.784561918573787435e-03
4.272567558405659070e-03 5.430613822472301136e-03 3.129054695145503263e-03 3.934531237246844358e-03 3.451412235885783619e-03 3.157863276482824385e-03 5.390501709222327367e-03 2.493476146938242936e-03 3.774893576996871374e-03 3.759583476766724559e-03
3.761207318332690855e-03 5.396626130212672096e-03 3.122163466972339117e-03 4.008998174764026763e-03 3.440986501338926581e-03 3.244895298154760240e-03 5.278841061079686710e-03 2.501119211935332997e-03 3.701431059524744327e-03 3.721179834498611946e-03
3.945253566151233661e-03 5.376147310710079584e-03 3.133293061049824586e-03 3.928891543846262623e-03 3.440488113770635500e-03 3.094615418420213187e-03 5.306649274922519734e-03 2.520298168806711474e-03 3.690300639853658429e-03 3.732829651573415456e-03
3.712522892839428476e-03 5.384051220585601809e-03 3.107162281659013071e-03 3.934545365057074209e-03 3.494674166430863146e-03 3.217021515927884646e-03 5.122048608383161263e-03 2.496713692909873373e-03 3.718735192654892396e-03 3.776730145439530055e-03
3.689727297101397154e-03 5.327287895709473600e-03 3.114934301976510396e-03 3.921014605466567084e-03 3.462188079918337297e-03 3.352702256050628989e-03 4.958244081253129765e-03 2.510191066236368979e-03 3.726958416644644834e-03 3.685887344680856877e-03
3.734810186734700051e-03 5.315558119811202367e-03 3.099987607199670980e-03 3.925149647090094354e-03 3.427452093572660573e-03 3.016547789392190135e-03 4.843434700679876727e-03 2.526534943517295528e-03 3.705037676885351589e-03 3.697860010768510945e-03
4.118251927929048560e-03 5.300259649855536444e-03 3.088328102466001823e-03 4.030412547070253391e-03 3.438612295736223450e-03 3.591092306325975592e-03 4.777594260530948836e-03 2.502866269213946566e-03 3.781369241401096298e-03 3.651763240047874517e-03
4.038375869970920254e-03 5.316798192362706676e-03 3.093341425049634264e-03 3.932118629970851598e-03 3.415407771479834088e-03 3.253373199153520873e-03 4.705488864652876066e-03 2.462074497357414227e-03 3.684533308690241156e-03 3.670216244037201921e-03
3.791216353930962693e-03 5.223506085490034478e-03 3.110732945544877372e-03 3.915684995360884865e-03 3.391568145567559495e-03 2.983934034201472969e-03 4.566631658518440981e-03 2.456441948697552120e-03 3.717127961035216442e-03 3.620893122759274562e-03
3.696894177468310928e-03 5.234182775677573805e-03 3.104564447468341221e-03 3.955585296943907141e-03 3.394820199928207452e-03 3.090586676986114070e-03 4.443504254002222063e-03 2.459557608660821199e-03 3.636704596993439644e-03 3.607316017871403744e-03
3.691353259916545834e-03 5.191724905876624573e-03 3.083782210032110383e-03 3.892739047080704014e-03 3.381672340382810543e-03 3.227583451725014613e-03 4.397451204966547345e-03 2.481048735738033452e-03 3.687683169741373494e-03 3.581755174339927746e-03
3.728992858349528591e-03 5.164562864706233845e-03 3.108344592098015013e-03 3.899274995982332948e-03 3.472652586440670881e-03 3.967365666641534117e-03 4.351833419948912714e-03 2.573466792969590113e-03 3.645707140761848559e-03 3.567681448646356241e-03
3.697612582644504986e-03 5.133430189125673913e-03 3.109137692418665038e-03 3.895799427964185928e-03 3.365786066754299088e-03 3.849397676158044547e-03 4.221947801942930664e-03 2.463835582395839611e-03 3.673249558825780314e-03 3.572845772203360123e-03
3.860984199597849564e-03 5.127756641964409390e-03 3.075427833032597699e-03 3.901195809466673908e-03 3.377622517610122128e-03 4.551233334832384056e-03 4.209185327242168095e-03 2.456774841310672714e-03 3.680520250888482357e-03 3.530465620277691615e-03
3.625540926420349735e-03 5.129265562256678755e-03 3.097970261781996491e-03 3.881868717713968676e-03 3.358841983029458612e-03 3.303022252243188652e-03 4.195613250470985045e-03 2.463645859167236905e-03 3.614875836178377874e-03 3.547544478623538503e-03
3.752931043415379947e-03 5.168937009924448600e-03 3.132042968882003953e-03 3.885849054116021373e-03 3.355091181949109574e-03 3.299022691299123827e-03 4.068771774496278415e-03 2.439411361714156727e-03 3.638828494299937120e-03 3.565057182755867679e-03
3.651307654184848990e-03 5.114954094694253856e-03 3.071058224192593517e-03 3.877444739006967022e-03 3.341046267790778995e-03 2.957029591668958960e-03 3.963539544720454805e-03 2.433891358869383088e-03 3.603600592288851417e-03 3.484686196229156048e-03
3.666708030679497431e-03 5.027347954517924489e-03 3.140796043705258115e-03 3.867622414263876488e-03 3.343024868802853874e-03 3.251179015864144942e-03 4.047273138905911616e-03 2.422419928933237931e-03 3.627379825495337037e-03 3.460633278804910434e-03
3.632860284317833074e-03 5.119694195530611822e-03 3.069484037864940711e-03 3.870267380481048729e-03 3.379979362308464449e-03 3.266546637290771750e-03 3.871614329941490146e-03 2.425132704241088604e-03 3.549333595890644556e-03 3.445259470173658682e-03
3.622472005537994821e-03 5.059855043923081573e-03 3.071832571665165327e-03 3.927594911414335893e-03 3.326274605526248224e-03 3.048299754584446984e-03 3.808738569117303078e-03 2.428182104670768664e-03 3.826863625992773903e-03 3.502005122455808389e-03
3.693939543939249795e-03 4.974380256457352351e-03 3.080534360682988040e-03 3.864299750853797833e-03 3.332985112881441288e-03 2.981978407720479486e-03 3.808513898794219088e-03 2.426739406020388123e-03 3.563871628786872102e-03 3.436682280467500718e-03
3.772226360665693109e-03 4.945841727430719259e-03 3.059738359880438598e-03 3.862097578526195799e-03 3.307581878903680279e-03 2.985594524925825732e-03 3.856449524381834471e-03 2.416890830278389975e-03 3.623679653697049058e-03 3.409716262350960970e-03
3.592496210189121027e-03 5.010383119502462811e-03 3.055409446641197367e-03 3.895840895409883632e-03 3.314270495054875369e-03 2.895299804906760217e-03 3.857895510800948488e-03 2.407811186277022172e-03 3.552385067710602234e-03 3.397658673835045069e-03
3.586400901296682257e-03 4.910607768047210026e-03 3.058232604869455876e-03 3.880648565845325020e-03 3.334275476313055663e-03 3.129177333815747527e-03 3.670181648388585668e-03 2.405059806910171682e-03 3.912522700477942886e-03 3.388051661518486253e-03
3.571897687578960874e-03 4.897495321752381656e-03 3.076715229545349574e-03 3.902460136371403709e-03 3.308971551411943844e-03 2.977193828789910773e-03 3.681638200733485487e-03 2.401163803303165735e-03 3.556816074570692474e-03 3.367027193766124540e-03
3.655784091888637788e-03 4.908023955086793580e-03 3.051629450485906538e-03 3.850719762077238397e-03 3.296425865707660035e-03 3.815096613401271642e-03 3.858259039789208554e-03 2.394695186138542150e-03 3.542200443058766447e-03 3.351070177478049448e-03
4.012410861726186176e-03 5.027554651581031368e-03 3.055177025518330137e-03 3.898138095506359542e-03 3.293673683874237621e-03 3.452195617987537362e-03 3.672275910236943997e-03 2.397129247902742618e-03 3.536572310982593389e-03 3.350573502705879447e-03
4.048550113301659439e-03 4.893758097020852078e-03 3.052865484247619960e-03 3.913217957216537021e-03 3.288177231927096218e-03 3.799663061878471096e-03 3.596080903046900475e-03 2.412236316173296639e-03 3.510210598819811598e-03 3.326598394027913217e-03
3.594901924651977120e-03 4.862362239527903002e-03 3.104477303213596610e-03 3.831333638222045226e-03 3.286800762195666702e-03 2.982047207015051625e-03 3.567449500601243065e-03 2.408674707049081147e-03 3.709942322715885626e-03 3.326335106809609476e-03
3.523557745561031393e-03 4.820013918770636556e-03 3.062215023434432422e-03 3.828232617257973022e-03 3.291191582978521095e-03 3.024562499763292119e-03 3.547988997858231124e-03 2.409311672220550843e-03 3.529264488841041703e-03 3.303243481433135956e-03
3.508404347587631110e-03 4.826666080682858254e-03 3.115085203547893460e-03 3.900333108542969503e-03 3.275650182970350852e-03 2.843887326754266677e-03 3.529467403716522993e-03 2.400538582009737083e-03 3.525371627588559480e-03 3.288084823081789069e-03
3.656802918137838990e-03 4.797554347753448314e-03 3.051356095740773676e-03 3.823815315037533760e-03 3.269581386060203907e-03 3.249696864054203455e-03 3.794047497072838664e-03 2.373609627132282351e-03 3.502803246144018876e-03 3.269195464970370713e-03
3.536889326977698048e-03 4.874462214289766900e-03 3.037916008262292640e-03 3.829230961251249912e-03 3.270961228588956972e-03 2.812946552737458430e-03 3.601050812534250557e-03 2.393297136070113903e-03 3.481294449079011186e-03 3.254098557443110308e-03
4.150725780965607362e-03 4.758549714446129800e-03 3.036198754005997764e-03 3.881330241414314430e-03 3.265871077758157603e-03 3.187729679777269887e-03 3.498869236997737778e-03 2.405761493447917260e-03 3.495968228928361416e-03 3.261536607877751383e-03
3.533253169176871818e-03 4.808505236514010878e-03 3.045445364113929035e-03 3.819620142324215480e-03 3.290671798157270532e-03 3.391325412856330008e-03 3.497849384054326459e-03 2.377974773339470733e-03 3.462598509300577731e-03 3.224086799673180244e-03
3.607125867560482743e-03 4.735253133825139370e-03 3.040529559647727181e-03 3.931505068091784884e-03 3.289857518116218963e-03 3.287310391208848187e-03 3.595033824191831186e-03 2.399950160853961748e-03 3.483065726734917503e-03 3.218994452597209906e-03
3.579429958681776616e-03 4.723563326713167004e-03 3.047242900210219221e-03 3.813545809843723114e-03 3.264546730969554965e-03 2.860437688408256143e-03 3.479455226349129331e-03 2.382242023102908168e-03 3.506628857934911830e-03 3.211739000279425268e-03
3.637707481933007397e-03 4.689625839036262560e-03 3.043631296817323525e-03 3.915554111919601968e-03 3.262681608180616893e-03 3.102358823888012439e-03 3.470799432168740570e-03 2.361738829624681398e-03 3.453639043867904202e-03 3.238238537447841060e-03
4.008720508232505898e-03 4.710083458749330515e-03 3.035589740398537614e-03 3.832118766535231799e-03 3.240697878628450660e-03 2.950921653383876964e-03 3.565877860460382482e-03 2.352904361025498839e-03 3.468366020077806675e-03 3.263319932309178845e-03
3.635501300770013246e-03 4.659288785814166486e-03 3.032336477097071978e-03 3.805972888294615296e-03 3.234670094632346483e-03 5.015219090217611607e-03 3.636227197192571856e-03 2.416362359945915979e-03 3.441010975430964288e-03 3.186495732472820804e-03
3.512191994455239521e-03 4.730712245982649812e-03 3.030800163400926197e-03 3.812833248628612337e-03 3.239190718677707487e-03 2.967554172470162135e-03 3.431000619076165787e-03 2.406596992157692370e-03 3.478070865215904771e-03 3.165177492137015523e-03
3.559855673311499661e-03 4.630120089663541071e-03 3.029766976795960666e-03 3.839378491480624923e-03 3.249386609491236935e-03 3.070524397060703150e-03 3.537611351965492309e-03 2.415662894466958678e-03 3.537813017138981102e-03 3.168853889600870086e-03
3.712465252334736301e-03 4.684415312400722411e-03 3.041793721586837258e-03 3.814507219690570390e-03 3.225669987420668253e-03 3.612171515308132928e-03 3.457379084368022992e-03 2.362974761251772880e-03 3.445090883419749291e-03 3.198971867630803247e-03
3.538954869256113675e-03 4.600170067015291533e-03 3.020928969512753914e-03 3.793688806549135994e-03 3.219833250965769503e-03 3.637965798350291206e-03 3.478954377689453311e-03 2.389261025413243721e-03 3.436924713078638727e-03 3.142017074744508313e-03
4.528549995498642490e-03 4.578490483040931203e-03 3.026270785938231338e-03 3.790272110409701693e-03 3.238458440236046017e-03 2.768904916524099653e-03 3.407488410461377744e-03 2.403581033063487832e-03 3.441805599305549669e-03 3.149251810591956451e-03
3.502460499555462743e-03 4.567510427546430003e-03 3.028472921565503531e-03 3.792106804836905837e-03 3.212747674914062743e-03 2.851089236810338493e-03 3.472256185665315974e-03 2.408516064915424901e-03 3.416170448581193082e-03 3.170410473596325159e-03
3.496630088542130796e-03 4.550099740677376360e-03 3.015469218415435266e-03 3.827652239617626920e-03 3.215791183429291249e-03 2.862073252467211334e-03 3.368756299429391098e-03 2.368099058853931089e-03 3.433063244043615264e-03 3.124721092896670833e-03
3.633272679116282631e-03 4.560444065812420053e-03 3.014365179906675681e-03 3.784481112802910805e-03 3.213013175265427845e-03 2.933124741536062650e-03 3.418865417128786905e-03 2.366784956803936676e-03 3.415593225118930196e-03 3.108048328936489565e-03
3.622096535149262574e-03 4.578526554332388449e-03 3.033058438560303893e-03 3.809946245918104275e-03 3.223282631686081971e-03 2.723764206616858218e-03 3.399687877957283891e-03 2.352540199661031818e-03 3.456387235683318782e-03 3.136435710998859965e-03
3.497896483522641969e-03 4.508167320674360753e-03 3.021140746648655079e-03 3.794419030641625785e-03 3.204452701578458084e-03 2.806074276234061214e-03 3.380025965303871602e-03 2.388541835120231317e-03 3.471517414396496637e-03 3.191996347094861429e-03
3.473175230398899832e-03 4.516069706968696418e-03 3.031402752467128418e-03 3.797923519394171259e-03 3.201252313732226747e-03 2.910200633384761246e-03 3.412340327588101862e-03 2.359355461238422068e-03 3.442044754002413897e-03 3.076655822948100912e-03
3.470271011316959989e-03 4.499415503347562947e-03 3.054833967875346563e-03 3.810876216619949342e-03 3.316753658599354716e-03 2.768761850376764023e-03 3.428075594699324553e-03 2.342693283902496856e-03 3.399050719854790174e-03 3.072141052613768832e-03
3.551250029251893162e-03 4.492629948488747332e-03 3.021549226120550779e-03 3.795750277172226655e-03 3.204323458932574475e-03 2.698897197168091330e-03 3.344069410258922181e-03 2.382430587213021315e-03 3.388894242813202638e-03 3.060806024325695655e-03
3.411450185700884256e-03 4.562207285633372404e-03 3.019431255500312251e-03 3.779442643196088449e-03 3.188398048859790185e-03 2.800593802310322438e-03 3.318983744146737028e-03 2.471213970264004006e-03 3.488028022089120252e-03 3.066406171028844118e-03
3.436999684839677199e-03 4.459536257717123739e-03 3.041120396109361478e-03 3.778817691654448845e-03 3.213770097127940147e-03 2.805725745380883984e-03 3.398017152712413166e-03 2.324501435575922204e-03 3.389445348097195210e-03 3.084341547261430175e-03
3.540326029948241693e-03 4.435123076402740054e-03 3.052514124987905104e-03 3.792097226919666133e-03 3.326192961087437450e-03 2.697816664005076200e-03 3.344777464747298538e-03 2.329221270869465555e-03 3.383919734082876073e-03 3.045931182411463090e-03
3.622671895324349432e-03 4.472390954115324641e-03 3.060641543276204635e-03 3.824238023821288895e-03 3.212637731161104276e-03 3.051572583322250971e-03 3.412644556800919441e-03 2.376958907586913371e-03 3.379503000761203014e-03 3.046471306344123928e-03
3.416347799974971816e-03 4.522684628329875015e-03 3.024184958383864530e-03 3.770054960670561877e-03 3.247564760033981590e-03 4.171753668992384326e-03 3.305521477125229583e-03 2.372644533740302965e-03 3.365643869325299874e-03 3.041503376286005915e-03
3.432668621654977759e-03 4.404275783956411970e-03 3.012504474886457898e-03 3.765662481600186295e-03 3.169409011945467820e-03 2.779598055778505824e-03 3.309208150458533768e-03 2.411916852142268267e-03 3.347362044251858248e-03 3.034400889444603937e-03
3.424701759611812300e-03 4.431543545389627151e-03 3.008238241455711212e-03 3.872025030693002252e-03 3.175580643694907168e-03 2.714439648754038252e-03 3.297406995287683554e-03 2.332462957077190927e-03 3.339813957682525800e-03 3.018437723126401757e-03
3.579933677528794773e-03 4.404139362196462550e-03 3.034770311481306895e-03 3.759234612646769873e-03 3.164882279321465201e-03 3.242873666653207747e-03 3.288000017667840839e-03 2.370850601969846667e-03 3.353559445695842960e-03 3.016805844352699745e-03
3.426514347181936707e-03 4.331129597791521547e-03 3.022721297004716742e-03 3.776742909988854268e-03 3.175787238076931227e-03 3.320824442167500095e-03 3.287545065838115999e-03 2.333531723851703203e-03 3.330131321681001778e-03 3.031577601559815125e-03
3.492008167518396294e-03 4.333370931316366491e-03 3.002638846694554060e-03 3.756108502498318319e-03 3.188785624434683184e-03 2.731171061926651426e-03 3.301425381389068957e-03 2.365471108601945645e-03 3.357731984638224337e-03 3.001029314674655800e-03
3.471953103643602226e-03 4.368184557094607207e-03 3.004243701065044750e-03 3.949053678511138879e-03 3.166040151706021617e-03 2.779010892548644095e-03 3.426531519390400501e-03 2.327985514589043983e-03 3.412159867193717121e-03 3.003101486714915974e-03
3.482591815693591823e-03 4.340390721678102220e-03 3.010298791352413513e-03 3.752611864208042249e-03 3.152599949245995029e-03 2.812720318653490204e-03 3.324147969715973705e-03 2.340807480710488647e-03 3.330393725926053278e-03 2.984645823290733076e-03
3.524055254344696676e-03 4.291001938488902927e-03 3.041276142887925325e-03 3.746312297193272068e-03 3.152027704833634553e-03 2.699718052337623641e-03 3.293316474921148106e-03 2.394242593926673886e-03 3.329871909523334124e-03 2.996103805054140500e-03
3.414984196633545199e-03 4.359668237319360914e-03 3.033361801656968282e-03 3.769230318738392600e-03 3.186920389577658098e-03 2.750289492837241882e-03 3.280152611856575542e-03 2.322628668820575937e-03 3.444880179441820334e-03 3.030830011508052740e-03
3.426020802665465017e-03 4.304810254042753907e-03 3.025123492732532948e-03 3.781141096320706635e-03 3.150266014750498656e-03 2.628896482432871787e-03 3.359093635499275660e-03 2.317642648785238606e-03 3.319024830495142554e-03 2.975866169682939329e-03
3.394617388369364826e-03 4.237359787722183926e-03 3.003893986389549568e-03 3.748825437173274044e-03 3.171922421713086956e-03 3.571550861501934619e-03 3.257366280593023897e-03 2.361273812085804957e-03 3.351816628397661247e-03 2.972750039025857331e-03
3.391279067524185110e-03 4.212894237184838624e-03 3.010554848096120163e-03 3.738306973350018474e-03 3.153447249911105893e-03 2.881132863743215630e-03 3.283289395854403943e-03 2.304972755794807131e-03 3.314601735731080578e-03 2.971464278647834023e-03
3.419299442534087276e-03 4.210659125576166062e-03 3.016633508262811948e-03 3.784716775023794742e-03 3.179104325175510955e-03 2.592383737901905565e-03 3.252580617514821536e-03 2.314335481406308310e-03 3.343807945161798075e-03 3.062498556794737356e-03
3.472515310536687314e-03 4.215317512996294425e-03 3.013287501688180058e-03 3.743192063349492973e-03 3.135093802243944707e-03 2.654477275061065209e-03 3.237861061277700226e-03 2.360900454036466388e-03 3.312819603248880803e-03 2.964051739391397600e-03
3.399780032340208886e-03 4.172153628082304541e-03 3.014415319034561679e-03 3.733015772554193912e-03 3.200645094563761128e-03 2.730607050188852553e-03 3.291971696015780040e-03 2.313042545174600739e-03 3.508986776351346454e-03 2.977094880838294672e-03
3.565693204065853179e-03 4.158220861671701671e-03 3.008805658601427114e-03 3.755960761167453747e-03 3.119588601683979511e-03 2.906108768140982807e-03 3.241248451981543297e-03 2.326338874534599963e-03 3.370733238013321181e-03 2.943491978800127223e-03
3.618754371155780223e-03 4.250795320816332622e-03 3.019734911327445412e-03 3.760006108684853417e-03 3.137703741088139139e-03 2.601734201865318809e-03 3.248024600213401079e-03 2.338478190435463143e-03 3.318595305039357627e-03 3.030983323828252522e-03
3.355841932665330415e-03 4.117539807538614025e-03 3.028833780569348613e-03 3.731444955463722891e-03 3.163550358768803077e-03 2.667920816324447116e-03 3.227381021345082472e-03 2.293852597998707714e-03 3.311068578414864093e-03 2.944886500784755969e-03
3.332433138158898481e-03 4.127114943617625313e-03 2.997049028371449614e-03 3.743826998409540384e-03 3.148465560374190658e-03 2.936577548544154221e-03 3.242024689429099348e-03 2.384396848163697694e-03 3.285477044612920318e-03 2.922094279606902382e-03
3.429573092960954903e-03 4.132731616305346765e-03 3.018990696290288923e-03 3.725897750371865921e-03 3.119676836742511263e-03 2.762896446141655665e-03 3.232195410005586980e-03 2.320604442775590481e-03 3.286108600938961611e-03 2.951391176221333790e-03
4.980427342018738796e-03 4.081913728140861355e-03 2.996158128703584750e-03 3.784337212596512474e-03 3.196865475310540182e-03 2.748286776006103518e-03 3.202320992425391685e-03 2.350127912090598827e-03 3.354937322692652223e-03 3.026952730888400004e-03
3.687478095809631606e-03 4.062435058743501040e-03 2.996861224439227589e-03 3.735098388648809813e-03 3.135322203439970014e-03 2.747095144189026783e-03 3.203692107944653387e-03 2.408599837256845001e-03 3.346637477250363757e-03 3.010993182144701668e-03
3.719583212540756960e-03 4.038299475928049977e-03 2.997089248507354108e-03 3.729390151491071819e-03 3.107338623015889600e-03 2.774822534280424295e-03 3.277648432810696764e-03 2.351642393049396124e-03 3.282337818923622245e-03 2.920873619083284248e-03
3.646851178554450738e-03 4.056663487656242059e-03 2.996566836157398082e-03 3.722661664852540148e-03 3.113669546515302530e-03 2.596387756480574276e-03 3.321790616615986381e-03 2.419017409569656270e-03 3.322828621154909519e-03 2.908636179352160327e-03
3.370469690054210023e-03 4.019066040890960714e-03 3.021014743403660496e-03 3.738531568942636291e-03 3.111424614847829555e-03 2.675612886917158161e-03 3.200613145245257384e-03 2.314265665470634139e-03 3.274225460477711916e-03 2.909689486395377125e-03
3.554689689261659666e-03 3.974463525442699895e-03 3.008259998478657934e-03 3.756902255211968644e-03 3.138847193091898972e-03 2.670555488625156199e-03 3.230034188856731152e-03 2.303046277738473712e-03 3.263339800432780036e-03 2.936469524823196765e-03
3.677453016461518145e-03 3.970974979645054692e-03 2.988887245042867909e-03 3.764298763763460585e-03 3.161369437787280631e-03 3.837257737195291958e-03 3.192280304405444458e-03 2.288864839265926116e-03 3.345028651810689081e-03 2.898739703345041066e-03
3.484693113662407690e-03 3.971726189027914057e-03 2.984101818373721508e-03 3.746427775149840239e-03 3.131984845323499550e-03 2.646446096861225852e-03 3.269879301509120897e-03 2.317430114309987788e-03 3.273846039472486872e-03 2.905812064725694661e-03
3.522455363822579559e-03 3.957007680493507262e-03 3.017075086736754636e-03 3.727337524393295118e-03 3.108717262405885206e-03 3.796066771511559784e-03 3.191158055689076976e-03 2.317941079149253569e-03 3.262510691938407762e-03 2.892915718136416462e-03
3.385457353810337067e-03 3.924681007646983050e-03 2.989925959033502834e-03 3.722991671008922619e-03 3.171095038546201030e-03 4.320042886955895514e-03 3.179112858732094545e-03 2.397936694787790052e-03 3.266064595394523127e-03 2.882818630439839321e-03
3.839294669465287500e-03 3.936675463266282697e-03 3.008107316229918868e-03 3.723415165866974554e-03 3.113465517742773723e-03 2.686177689920074725e-03 3.193868681723256719e-03 2.301530294842932603e-03 3.409811511244313382e-03 2.892843397733259932e-03
3.599851259088376887e-03 3.873632176224781412e-03 3.036641576306837835e-03 3.880138426443495523e-03 3.129580143266585956e-03 2.634130028661675615e-03 3.169533408898077276e-03 2.301467364640533662e-03 3.257736360795418940e-03 2.870991495449765670e-03
3.366402665932564410e-03 3.970071029458876674e-03 3.044800601174827651e-03 3.721023984183027562e-03 3.086474475571894440e-03 2.585160499262836777e-03 3.221987293724016838e-03 2.286653137662473471e-03 3.309882268737018417e-03 2.882327584747391633e-03
3.324738703261977124e-03 3.881476448205406406e-03 3.034242837921227558e-03 3.876042667287576439e-03 3.132348884853576338e-03 2.656155119305247427e-03 3.282568559265378830e-03 2.294248599411678746e-03 3.380170429862973825e-03 2.897006585120784003e-03
3.428704868568537706e-03 3.902702104812704603e-03 2.998180467534085260e-03 3.703578760856814523e-03 3.111887828203501686e-03 2.740806568362931517e-03 3.161902290335255692e-03 2.289223714376116808e-03 3.289740527648945569e-03 2.882862488039695387e-03
3.539559339068817576e-03 3.807222883017155786e-03 2.982027402098033197e-03 3.798024931204904524e-03 3.067833323860557140e-03 2.494208318938997537e-03 3.191885505364242849e-03 2.473682646705366393e-03 3.299764211788721712e-03 2.855765172020227182e-03
3.322077289119377847e-03 3.836654170005931314e-03 3.067801149673659526e-03 3.716282318169206265e-03 3.113114985592873966e-03 3.135713169354651872e-03 3.185680470620131603e-03 2.301910737781770033e-03 3.286819627839939178e-03 2.884948453842239424e-03
3.453697233936599623e-03 3.857329183015159070e-03 2.977306894776305442e-03 3.770591258286694336e-03 3.085324696116741039e-03 2.568450783285118090e-03 3.244350306841052144e-03 2.424423160118914858e-03 3.320162366183741949e-03 2.847021870680223159e-03
3.294612652312284198e-03 3.754422519614651101e-03 2.982175459393316026e-03 3.696572264222081679e-03 3.059723160761321659e-03 2.811928316242706498e-03 3.308195497073535430e-03 2.284863274068335993e-03 3.232926800424688451e-03 2.867760490338079615e-03
3.325733903273252190e-03 3.741798289931657414e-03 3.000497970827967469e-03 3.701286007965087603e-03 3.115931462561588160e-03 2.704086148891484288e-03 3.232066994553989964e-03 2.307686920999888099e-03 3.239958315071999554e-03 2.874115478451923049e-03
3.265373905039734362e-03 3.742857782789046732e-03 3.032914608358801539e-03 3.702371380972566302e-03 3.066668808703779982e-03 3.075428473298252429e-03 3.188801517548743667e-03 2.318112942413705878e-03 3.236286886466643690e-03 2.928867605861656346e-03
3.300902729085784890e-03 3.722017504994167350e-03 2.977433837389876440e-03 3.694213633333424344e-03 3.062903767128531771e-03 2.949864993318469103e-03 3.150350573323025885e-03 2.283482410195213173e-03 3.432358319141437606e-03 2.980453141836647557e-03
3.295189503731966313e-03 3.694411269893021436e-03 3.063180658419761837e-03 3.702262331926349254e-03 3.073404564714779345e-03 2.600700900443502807e-03 3.200029912667874937e-03 2.275461612602232286e-03 3.397355777096321226e-03 2.870901052402457295e-03
3.285614056560259150e-03 3.678702134256382761e-03 3.003291746339747329e-03 3.730240807176663301e-03 3.099858106340157640e-03 2.567284631538876722e-03 3.217744184431000666e-03 2.336952321970983508e-03 3.290788906722086956e-03 2.852300531731809512e-03
3.277792272394954975e-03 3.687028579590319929e-03 2.990819551821582382e-03 3.694816188037264217e-03 3.098165462812287572e-03 2.592324133030865421e-03 3.225537901776667337e-03 2.284946598674380408e-03 3.215926258421515551e-03 2.837435577438970034e-03
3.708719779619806724e-03 3.734209588383714199e-03 2.991516038316366193e-03 3.690899492392379130e-03 3.053498547487142403e-03 2.494885699649401420e-03 3.149240418964568099e-03 2.279727619683091355e-03 3.215994765481493961e-03 2.824855307604896663e-03
3.370467862672481014e-03 3.695939760905929492e-03 2.978886497506753276e-03 3.712604500015440935e-03 3.066270216417628890e-03 2.609669998463947597e-03 3.145095312381002671e-03 2.319403004316562562e-03 3.227281277406051502e-03 2.837311918181198087e-03
3.276696731372380576e-03 3.631399035419614722e-03 2.985373596878485806e-03 3.728896839253846747e-03 3.045132199459587609e-03 2.589111020003507808e-03 3.148220985946361197e-03 2.308353069439201752e-03 3.207296063116759754e-03 2.821007388174218838e-03
3.271193623118280429e-03 3.627754383345709738e-03 2.973404827886101491e-03 3.681608389319827521e-03 3.040120255316907695e-03 3.001173010415590908e-03 3.143829945488904078e-03 2.270808411316755857e-03 3.268532081766049868e-03 2.813999248399418843e-03
3.276329265726902855e-03 3.617136816379558101e-03 2.973921734867173653e-03 3.680955466983428567e-03 3.037062155574298331e-03 2.775316189501083122e-03 3.135285665283239764e-03 2.270969795255699253e-03 3.203851087744424755e-03 2.820460193419914528e-03
3.379751838842791518e-03 3.591656353568093134e-03 3.105430989803707482e-03 3.735307269313137106e-03 3.058938091466556312e-03 2.509970696408674908e-03 3.146557135743988879e-03 2.271582852981624424e-03 3.202775420631700631e-03 2.809606566993952739e-03
3.274813355695311862e-03 3.598016658926595033e-03 2.986068613942782606e-03 3.722679143671235938e-03 3.027029847551709896e-03 2.504483972229078117e-03 3.333946612734380987e-03 2.315627530426731841e-03 3.190006411389932975e-03 2.910802728269602704e-03
3.284899451576599877e-03 3.603867903605493129e-03 2.983555012057821903e-03 3.788796465871925329e-03 3.033286560422530052e-03 3.601688899023580866e-03 3.123061466872067374e-03 2.339525987775752103e-03 3.222716341009030944e-03 2.812474766093424512e-03
3.282125806337255532e-03 3.539688980175894045e-03 2.989526036073292953e-03 3.688974953126238337e-03 3.052267236291679800e-03 3.577023207947796057e-03 3.149783269165941021e-03 2.359504922348528832e-03 3.271902943549342968e-03 2.803058373762820805e-03
3.311538143865357716e-03 3.599816765301379166e-03 2.977511048434925735e-03 3.722718426344741056e-03 3.021090459388446267e-03 3.195338138046483357e-03 3.151604940637402295e-03 2.277968193518672448e-03 3.255733192963686500e-03 2.790763529384053011e-03
3.292396680188440245e-03 3.540676226699937881e-03 2.975354989084330864e-03 3.683670278186348523e-03 3.037475483775680524e-03 2.496470659164895176e-03 3.152005009005280287e-03 2.271874151085142342e-03 3.203112183032667294e-03 2.793384238659607586e-03
3.273917330274738868e-03 3.504586636281330214e-03 2.971464675730399636e-03 3.668927273569671035e-03 3.038462051796149855e-03 2.538122448239523918e-03 3.129804677720432644e-03 2.281457296222493773e-03 3.280644349513760476e-03 2.784620644802531051e-03
3.267391578232744804e-03 3.490225262097208531e-03 2.994021335275321317e-03 3.670808398334920834e-03 3.027037241066463449e-03 2.548973111170779564e-03 3.132623335857518190e-03 2.359609067677847626e-03 3.213439248049718578e-03 2.788367807969970372e-03
3.430821086148846000e-03 3.483026951561753182e-03 2.986348632067446340e-03 3.683545307207457264e-03 3.097578717291578701e-03 2.605919743640849797e-03 3.140916860224261288e-03 2.270876325409000758e-03 3.184692832848122750e-03 2.788633890376083189e-03
3.342366448380200417e-03 3.493410207970869003e-03 2.982832502588239620e-03 3.683096707598131417e-03 3.007874426755994483e-03 2.683867261867802553e-03 3.126067544046202355e-03 2.286571286171774908e-03 3.338970982264742766e-03 2.813719983005185613e-03
4.143984304699316855e-03 3.464888856126555235e-03 2.972844928314103633e-03 3.665520812812279091e-03 3.099729999564212069e-03 2.528321818859720089e-03 3.141137954711215475e-03 2.454466315487482259e-03 3.176310726867726062e-03 2.784515129008664422e-03
3.221448942033886247e-03 3.507414703609586758e-03 2.996505487353646156e-03 3.679504174572810742e-03 3.031113133356271982e-03 2.609448485640003361e-03 3.152592262642290363e-03 2.329894057283851162e-03 3.186783850100151187e-03 2.827910721339313687e-03
3.232563525261258463e-03 3.461384417510388750e-03 2.967754245867280059e-03 3.666566313729365412e-03 3.003066328144280827e-03 2.539666756894627588e-03 3.119264280278857479e-03 2.293176321211870105e-03 3.198204606153240946e-03 2.777175443568377557e-03
4.238906381527079645e-03 3.442397580263748761e-03 2.976824409739291851e-03 3.683692157238765974e-03 3.019464094825330229e-03 3.441487768440338289e-03 3.143969570809711494e-03 2.296715449698347958e-03 3.170576049266186653e-03 2.769684122638753875e-03
3.499800212428598543e-03 3.426243785067717255e-03 2.983503794847246812e-03 3.653015345996352570e-03 3.000353649384236362e-03 3.956937427621142270e-03 3.191866111331220952e-03 2.306554427791533690e-03 3.181108738591105142e-03 2.783806513438222708e-03
3.710267199256895437e-03 3.569788760454083339e-03 3.030243790969577768e-03 3.650725820323169699e-03 3.000725869588754396e-03 2.888285331173983620e-03 3.149989566995517118e-03 2.338459071304316815e-03 3.177428588825489605e-03 2.765986629930583616e-03
3.460154466317705811e-03 3.445272137243196066e-03 2.968811973226838114e-03 3.671355294215271348e-03 2.997908416639947018e-03 2.598025172072305090e-03 3.143173488310807995e-03 2.422991946391723442e-03 3.169990014963736114e-03 2.786775703952353890e-03
3.225739568784524291e-03 3.442976239366412044e-03 2.967910856132548788e-03 3.651039804071479558e-03 3.000243556079029705e-03 2.666831996506527618e-03 3.125062566044813084e-03 2.273151573775534628e-03 3.201367655356326600e-03 2.777399111378384654e-03
3.378910748564336111e-03 3.386569276350648392e-03 2.962985478166224509e-03 3.648179283485523342e-03 2.992900467973894606e-03 2.577406050976680744e-03 3.295307160640125257e-03 2.301326631657555494e-03 3.193242972048641447e-03 2.825598564962233158e-03
3.215286461893818257e-03 3.395846211196582465e-03 2.975077126628988128e-03 3.715125539362895603e-03 2.994077377275313791e-03 2.494753359366061376e-03 3.218055731197770348e-03 2.257490328379260433e-03 3.151590193845135376e-03 2.819146982345298660e-03
3.261023799468801537e-03 3.406582105776163882e-03 3.001365156464556351e-03 3.710943100249364333e-03 3.006857706754099621e-03 2.467950932090861096e-03 3.092466048607167648e-03 2.319643153807052736e-03 3.155400528890857370e-03 2.736599332109214411e-03
3.232242468886903884e-03 3.426605554515449285e-03 2.968209766395937463e-03 3.643371893714636000e-03 2.986595863801977304e-03 2.480439315521364759e-03 3.192738954717421525e-03 2.287096042930471425e-03 3.152923070504620121e-03 2.754884864709961599e-03
3.505553645885163289e-03 3.384991969107187249e-03 2.966933383267349872e-03 3.683896537632067210e-03 3.011455606801161523e-03 2.521563924165640385e-03 3.094666912089484925e-03 2.298353191388421545e-03 3.200432635737116178e-03 2.856163195427286004e-03
3.831354695650542302e-03 3.364477445750991506e-03 2.971227926696360169e-03 3.644951844523442504e-03 3.022554567061525553e-03 2.872141208430162816e-03 3.245345348760975569e-03 2.261274701604116134e-03 3.171107583564216313e-03 2.803393146398552079e-03
3.215312678295880952e-03 3.362819330951821034e-03 2.974276942024357048e-03 3.653969409607143309e-03 2.973880429162123300e-03 2.916985309040255603e-03 3.091869011944486326e-03 2.252918788538957676e-03 3.158207097110887589e-03 2.783338484742038394e-03
3.267052237814047425e-03 3.343421936838785868e-03 2.978285241688371360e-03 3.686600623779183201e-03 3.008331534656854319e-03 2.746555227893980079e-03 3.110860616919058821e-03 2.259551507899502671e-03 3.156064437741599570e-03 2.727528910599480265e-03
3.263064559722690054e-03 3.475812575446822570e-03 2.975053330300223443e-03 3.676423794804231388e-03 2.980727876640835734e-03 2.580643736296389830e-03 3.101617617435491279e-03 2.254813627154298155e-03 3.168548821348927871e-03 2.989834009638499875e-03
3.246661242115182148e-03 3.369719623871253022e-03 2.973901260548814443e-03 3.649820568046591770e-03 2.973633147390783004e-03 2.779134739081451800e-03 3.221132544398076780e-03 2.270944847392029810e-03 3.200983725933298409e-03 2.806496764077073651e-03
3.209061145807614278e-03 3.315941749653703464e-03 2.970724637135104332e-03 3.662967879241061080e-03 2.969496817475793075e-03 2.725923439464603484e-03 3.143105870541723114e-03 2.288613423493516836e-03 3.171193305950444335e-03 2.804685369569595750e-03
3.219216673370812673e-03 3.304799170314233394e-03 2.961364945060636703e-03 3.649128458469472636e-03 2.972777450714902264e-03 2.670892617817917283e-03 3.085421644190808853e-03 2.394627440555470010e-03 3.132198082511029793e-03 2.712819236913992325e-03
3.574568040672415712e-03 3.299157934493864280e-03 2.974260494931909096e-03 3.646118183723252165e-03 2.964708814869382834e-03 2.516492150674104217e-03 3.074913273134484946e-03 2.255985202766336122e-03 3.184169245754219640e-03 2.756411997131978393e-03
3.171756952610548571e-03 3.307191195294948306e-03 2.960696508006629025e-03 3.634622560879935925e-03 3.051198071194849253e-03 2.740076841354552144e-03 3.179411675061879702e-03 2.328262135287274218e-03 3.182565751958412251e-03 2.703175228189036178e-03
3.179758028022963267e-03 3.366155495699131497e-03 2.966411673679510575e-03 3.629891004917021758e-03 3.050351697278340726e-03 2.422407857654339594e-03 3.102608248742692431e-03 2.276395252741503141e-03 3.264991420272763713e-03 2.736635311268143054e-03
3.741112896085624969e-03 3.261586342648248229e-03 2.957992499078424854e-03 3.656951873855565464e-03 2.976599325433207203e-03 2.445256110355504935e-03 3.202474760505549453e-03 2.334070690498238169e-03 3.130312756523802049e-03 2.792809587875186728e-03
3.198740672635341786e-03 3.255464795804846080e-03 2.961332191398686076e-03 3.652336147423903331e-03 2.988497652921862091e-03 2.478518287825330711e-03 3.191121908458812838e-03 2.297085975879165163e-03 3.138080779703385746e-03 2.696018282435885555e-03
3.272611673696757158e-03 3.248845278978446886e-03 2.960738266901498383e-03 3.662801545149287508e-03 3.053173813680831652e-03 2.819096664352674104e-03 3.079885980255787220e-03 2.251463285253472741e-03 3.148624593678894714e-03 2.693996428085182904e-03
3.179273807494383246e-03 3.250931378540681746e-03 2.951499752623245633e-03 3.630578324814947699e-03 2.968353933945965233e-03 2.610304675882626699e-03 3.115102968494106329e-03 2.267088056467218057e-03 3.137774071391067829e-03 2.774888531386600615e-03
3.189857642503614917e-03 3.299386619504432201e-03 2.959415204856674121e-03 3.703365662878549923e-03 3.004168901923008270e-03 3.919475217510302693e-03 3.119930137521101637e-03 2.247042913991408042e-03 3.124252894052651896e-03 2.693194989857098948e-03
3.229069926875435988e-03 3.231613370809029682e-03 2.954196308549806877e-03 3.624802645377572016e-03 3.011422609986655514e-03 2.611379480397867797e-03 3.127931136405444259e-03 2.254189586951752151e-03 3.152079626436710569e-03 2.705080185679824712e-03
3.169806950156015771e-03 3.233748163991608318e-03 2.999550591939654978e-03 3.684540455554817864e-03 2.989302332246661711e-03 3.189599301411810868e-03 3.061172154632581504e-03 2.249373069224382560e-03 3.117802786742719396e-03 2.688495037658294399e-03
3.269532108402923264e-03 3.217494354431722683e-03 2.966120221192353971e-03 3.666713862558902606e-03 2.937153600377433171e-03 2.431198558867044956e-03 3.056395094389578997e-03 2.477795301038149788e-03 3.125364468449349457e-03 2.693359998840663162e-03
3.192868123362831417e-03 3.213269152172620359e-03 2.962290055443744016e-03 3.620222660171595105e-03 2.936153988924988713e-03 2.630160633623472143e-03 3.090456480921018392e-03 2.298460454515960458e-03 3.124416089171060812e-03 2.683394855043884624e-03
3.144663666217123368e-03 3.266547781859518388e-03 2.953674576485992940e-03 3.690138160673490930e-03 2.948262854586024447e-03 3.523018578039902992e-03 3.051943950685258051e-03 2.294659361689884314e-03 3.127308350141154002e-03 2.758643956102262759e-03
3.156746366561082907e-03 3.215020483799568406e-03 2.968959724915599951e-03 3.623896674972572340e-03 2.941158930233241705e-03 3.212718475933074025e-03 3.048192581198616493e-03 2.339367160654984724e-03 3.138060598455312458e-03 2.675570658035187482e-03
3.164006430186890474e-03 3.257877608004232633e-03 2.960608401951783913e-03 3.615973133869100457e-03 2.942711974464142823e-03 2.394569436779897011e-03 3.053239301843328236e-03 2.250550916040431042e-03 3.118239726137758943e-03 2.668236195001956468e-03
3.530052649922538633e-03 3.208289010994421538e-03 3.052132723696334132e-03 3.634971940033827550e-03 2.936275824936557342e-03 2.403300244405125186e-03 3.048369706905723620e-03 2.252386070337323958e-03 3.136543544925143520e-03 2.712176823466421957e-03
3.247408304446578863e-03 3.255478581384816609e-03 2.951175218292600901e-03 3.681625901800707461e-03 2.934002590333505394e-03 2.441828289025814187e-03 3.056660002880793800e-03 2.252795872938348053e-03 3.107540221390168132e-03 2.668442289803897929e-03
3.366572102866568095e-03 3.176937892638040644e-03 2.965195901248164536e-03 3.670652560615587316e-03 2.945393555785627733e-03 2.356646374705125436e-03 3.087853782477243368e-03 2.263809986725562242e-03 3.159230394707887319e-03 2.728127405630602353e-03
3.421138116529240901e-03 3.166140159923102118e-03 2.956014311040519160e-03 3.619989961613199764e-03 2.952500537698430315e-03 2.463149215173068580e-03 3.071412179811970795e-03 2.292974374303670664e-03 3.308884482890180317e-03 2.666611241835740390e-03
3.158431528760349480e-03 3.162642221049504886e-03 2.951321851545436400e-03 3.722350807207795969e-03 2.924610178432498608e-03 2.613941090127535477e-03 3.140079018658490165e-03 2.336348604364782856e-03 3.113152765648287065e-03 2.708253932304454867e-03
3.150458137362911488e-03 3.274607048480557801e-03 3.007829581179570239e-03 3.619763530538856137e-03 2.934605591480033641e-03 2.551911769092528835e-03 3.048406222480544870e-03 2.263509612631381309e-03 3.152550044145384454e-03 2.810131233865864608e-03
3.140417703589281403e-03 3.178605150179779348e-03 2.983012568765697030e-03 3.661960996502670439e-03 2.947371178721861808e-03 2.455437712115560948e-03 3.033792892236274880e-03 2.280565712742433238e-03 3.160430703988975718e-03 2.713649685857898956e-03
3.131355893050038596e-03 3.194767342365428375e-03 2.959198146817984976e-03 3.607045277501508447e-03 2.950911090442139527e-03 2.589008400258318958e-03 3.119814674823030622e-03 2.502062903182558900e-03 3.115184365408440927e-03 2.675603460774174814e-03
3.136556988341087770e-03 3.174394259115204640e-03 2.958843099791585215e-03 3.717974645980798992e-03 2.998318039807291828e-03 2.533406531111239389e-03 3.108802941273598481e-03 2.320022737734873334e-03 3.157976067735383547e-03 2.647483323907520118e-03
3.153969731123208373e-03 3.137899640570616065e-03 2.951184992226265919e-03 3.623168251463922997e-03 2.942937639928397235e-03 2.411327567582741659e-03 3.234622851426042014e-03 2.492817668465417170e-03 3.189136822825900264e-03 2.700556010319767400e-03
3.168694257381817359e-03 3.137372701780591789e-03 3.053107215181836108e-03 3.604816483055241477e-03 2.908070231529716852e-03 2.427366557256227086e-03 3.200123897256147015e-03 2.257558814774148544e-03 3.099125577109853712e-03 2.701362773174567460e-03
3.438414636257949419e-03 3.165886651020473775e-03 2.959593566328785029e-03 3.622322363105450090e-03 2.954843910347085007e-03 2.371150361722163761e-03 3.059635169030680731e-03 2.283301624996635342e-03 3.096406348624747458e-03 2.662460421072173396e-03
3.140804349617845170e-03 3.105058755299737201e-03 2.952394724457832811e-03 3.680304460332295413e-03 2.918303232989650272e-03 2.640711886244572100e-03 3.033231505856532392e-03 2.269204406868059569e-03 3.150779188445225823e-03 2.663122894749854475e-03
3.611042139488315501e-03 3.106857341934053315e-03 2.941836525386092895e-03 3.674797832231621337e-03 2.923758192102000799e-03 2.445089282347936814e-03 3.059122925535088730e-03 2.250076257710759142e-03 3.101293898383435544e-03 2.635522893896535303e-03
3.126780707070266931e-03 3.082946716258933711e-03 3.070041971476098700e-03 3.683596516878357308e-03 2.999685736358630953e-03 2.417130854409864447e-03 3.033966777209534064e-03 2.375967372390497441e-03 3.100325596816558543e-03 2.647638371673601953e-03
3.109009730186619320e-03 3.077581647702486503e-03 2.960647580483592462e-03 3.605525679923054973e-03 2.941774262881806032e-03 2.489549308066489174e-03 3.083913743229035366e-03 2.239292330592780513e-03 3.150278738143097272e-03 2.700937958286687892e-03
3.436162101827811791e-03 3.096522953502492664e-03 2.979883379709136974e-03 3.606765573716458947e-03 2.926530178404993139e-03 3.535584931286591282e-03 3.073782649893113447e-03 2.244972813013699359e-03 3.132455316162316081e-03 2.623219752099000251e-03
3.108772337631829710e-03 3.149226046645449417e-03 2.950515339803976966e-03 3.841343564412486467e-03 2.943512616648759957e-03 3.044367398407253882e-03 3.178421358794276692e-03 2.256884842861397230e-03 3.093865479503869233e-03 2.627038894022392084e-03
3.111875377505551182e-03 3.066667453146949569e-03 3.018028068546205027e-03 3.603864523853401221e-03 2.898222554669222656e-03 2.726352889334015747e-03 3.064502408238275848e-03 2.296555386802705354e-03 3.104765723324540670e-03 2.761925358930689568e-03
3.209260598850257815e-03 3.092386861942360721e-03 2.983433606493030021e-03 3.717361989104486439e-03 2.908928722675675673e-03 3.205099123745844616e-03 3.082521399198624636e-03 2.240176599751178815e-03 3.081138999732072926e-03 2.709962361162480352e-03
3.148233552190697962e-03 3.102059665262873328e-03 2.945137447883865427e-03 3.604064290357383675e-03 2.944175458998785858e-03 2.457937100296691407e-03 3.038371458514257592e-03 2.245881965182268663e-03 3.079587433967842080e-03 2.673358818867945484e-03
3.245437300508592290e-03 3.054870286584122647e-03 2.948045209379570805e-03 3.596352433260658395e-03 2.904134355002940728e-03 2.713186431426620367e-03 3.040351720381778700e-03 2.259701846139150309e-03 3.079261892133227773e-03 2.639786639885936207e-03
3.125576028016674619e-03 3.117847309457827832e-03 2.957632919981022322e-03 3.594919602996657620e-03 3.013241974001595793e-03 2.397680218073428796e-03 3.025217173734446284e-03 2.270700493550223756e-03 3.089950823057295657e-03 2.630406757541956745e-03
3.550505431059000801e-03 3.047707067159728493e-03 2.954630088648346233e-03 3.696947923388012661e-03 2.892284167635047077e-03 2.432119288074304810e-03 3.055485504676410183e-03 2.239622510534257371e-03 3.075176124002955251e-03 2.644231797300681131e-03
3.288109459605662987e-03 3.033702868605789825e-03 2.940733734077370133e-03 3.590947600363372013e-03 2.951401600905931549e-03 2.501728740840405887e-03 3.069139947098211731e-03 2.251102845869190280e-03 3.076202672328364092e-03 2.638301498113951142e-03
3.534907054969259506e-03 3.042554694806021576e-03 2.948557672957269424e-03 3.611990374153749902e-03 2.884524530236493023e-03 2.496989494281053393e-03 3.030727999543536468e-03 2.239638118164191932e-03 3.173192324203209878e-03 2.610711331315933390e-03
3.174922954960099873e-03 3.027094623421198484e-03 2.945642725289143032e-03 3.585475104065146985e-03 2.898516932810350517e-03 2.540402718456396571e-03 3.150873379878298738e-03 2.237388169677810307e-03 3.088928413279939250e-03 2.608768229183709795e-03
3.141792548138414888e-03 3.026775142124147298e-03 2.949594755883389562e-03 3.698166966182787115e-03 2.886911841446668670e-03 2.451315357057849351e-03 3.038315466469819568e-03 2.243595822614979744e-03 3.310508929606124483e-03 2.607656791896856979e-03
3.177165587950260984e-03 3.026518775163044607e-03 2.972001857670316868e-03 3.622461031758382813e-03 2.992784249270424683e-03 2.629162460292602636e-03 3.018821350824824577e-03 2.322799438055625151e-03 3.084003000648034235e-03 2.614625940250248082e-03
3.208898575969083150e-03 3.117366576564836560e-03 2.943236133683493645e-03 3.616262363341963149e-03 2.875232657155633864e-03 2.436861343457256360e-03 3.059771020038741258e-03 2.226836514606653564e-03 3.083413710933613321e-03 2.631466428579579651e-03
3.166111983797488885e-03 3.026765692334697222e-03 2.948134877569401954e-03 3.589916217177660258e-03 2.981112270566546336e-03 2.744853786835544859e-03 3.061788035406112253e-03 2.323542759054443921e-03 3.078271413732052569e-03 2.685137619856431575e-03
3.206476197805709083e-03 3.014784729909996113e-03 2.939896992469795585e-03 3.582382140401638940e-03 2.895291966597606133e-03 2.403312531791147472e-03 3.012712918200497695e-03 2.259507102275135852e-03 3.103157030278763488e-03 2.633324742010286369e-03
3.219333508109936508e-03 3.028891514382244833e-03 2.942398946586613929e-03 3.601090833654887677e-03 2.899047563039445444e-03 2.397906964090736493e-03 3.039804748525845157e-03 2.269295255787895805e-03 3.074482416168987636e-03 2.613966893652530134e-03
3.225615452493164285e-03 3.046830978714187756e-03 2.970745845885345605e-03 3.584137285069227165e-03 2.874600676304780566e-03 2.338817477425200481e-03 3.017883224979482810e-03 2.273201572291158774e-03 3.071379080079279528e-03 2.608848472857654491e-03
3.877915862405439170e-03 3.019123695615499956e-03 2.941991803847334754e-03 3.638719555920190418e-03 2.900521003795460996e-03 2.364547435758593535e-03 3.008144637758481364e-03 2.233738331974894926e-03 3.096758088471339432e-03 2.704752189323960526e-03
3.090630219529754211e-03 2.999570802867533321e-03 2.947643405659451567e-03 3.583019321980195331e-03 2.875939332997453062e-03 2.520599660012666585e-03 3.028171304603206014e-03 2.239007723245030161e-03 3.128438683292343592e-03 2.613202235500726792e-03
3.084320078320519545e-03 2.972630207511961584e-03 2.958524218006110696e-03 3.579444687122790292e-03 2.868584687341604617e-03 2.362689714053456836e-03 3.039068791021549715e-03 2.263478565558434911e-03 3.063227046441338152e-03 2.591101040029190634e-03
3.088370823286474155e-03 2.975966336335552319e-03 2.945138662386638517e-03 3.584318333079543947e-03 2.916165546089747717e-03 2.384816435550022803e-03 3.042858939655509066e-03 2.335432620339717661e-03 3.070212929580843839e-03 2.626751865398436157e-03
3.195604229286314654e-03 2.982932528648024433e-03 2.929270891303233353e-03 3.579481564832811841e-03 2.862862294050041567e-03 2.494959011003352028e-03 3.036588031583631331e-03 2.235738029369276677e-03 3.060166700966044338e-03 2.592016870441399886e-03
3.305597294805587023e-03 3.107053399243449310e-03 2.943562018981147211e-03 3.594523403687186185e-03 2.868796867242590521e-03 2.447271030877335406e-03 3.026709973651072784e-03 2.228674720251152923e-03 3.044929100170262314e-03 2.589742762902629003e-03
3.165384388503965363e-03 3.064528085619630700e-03 2.970574709127417074e-03 3.571251766024638799e-03 2.866951155638337682e-03 2.668602964059722197e-03 3.041470249355454798e-03 2.231273309027534662e-03 3.113141557715587513e-03 2.593772902590803578e-03
3.070592606843159950e-03 2.942708243790517330e-03 2.942521596830851693e-03 3.578789174732918861e-03 2.902265976380831881e-03 2.641086192695912133e-03 3.059648099063348118e-03 2.253407500261818755e-03 3.050264325754242171e-03 2.704565475521671439e-03
3.152213357147775393e-03 3.180712773246268700e-03 2.949030192155384974e-03 3.601025238385249360e-03 2.947059589321368318e-03 3.219285714109473059e-03 3.077285664098878236e-03 2.224303909184481565e-03 3.176998948666443032e-03 2.586808406879921585e-03
3.213324327263194450e-03 2.940625260224877333e-03 2.950883784680618290e-03 3.578871230798106283e-03 2.869455476206642618e-03 2.990883642454737149e-03 3.113556271964447453e-03 2.231511687018171777e-03 3.072772299426144993e-03 2.586537915742813908e-03
3.070922943919716930e-03 2.942532140979477531e-03 2.962571084594897274e-03 3.573886394730009172e-03 2.853154836815210114e-03 2.339834762579665484e-03 3.052084334080690676e-03 2.230898487883624381e-03 3.073730859225794459e-03 2.592581482033629644e-03
3.236426150772928577e-03 2.927493024598124514e-03 2.957304455535794858e-03 3.632368493407275075e-03 2.867361137264902698e-03 2.328277065087822843e-03 2.996156677111081433e-03 2.244846322254247153e-03 3.040659741862646644e-03 2.596546702265738540e-03
3.282382821934967491e-03 2.920912392673303930e-03 2.933697118087542650e-03 3.566788901110114467e-03 2.845092586906462686e-03 2.309710411997835128e-03 3.076586211679215900e-03 2.243592427430223576e-03 3.045932163157567645e-03 2.584208539522311974e-03
3.093289361531214622e-03 3.009401988313100719e-03 2.934076117522675924e-03 3.664984779262110606e-03 2.851504145176585528e-03 2.464973855279814063e-03 3.013536574020729206e-03 2.225576075495248017e-03 3.048745951665782043e-03 2.583974636106383446e-03
3.092163338389995915e-03 3.059474351091904208e-03 2.930763819456147761e-03 3.565335774747328563e-03 2.862138516207283698e-03 2.551401945076363538e-03 3.042885908495607250e-03 2.224066092182018766e-03 3.046018911042004586e-03 2.587933737880480835e-03
3.186787206737362425e-03 2.917988212320322180e-03 2.938675504004826123e-03 3.570504206714539535e-03 2.848955921726043384e-03 2.869863218970383333e-03 3.003966145595342047e-03 2.363973327613866273e-03 3.032747640963784352e-03 2.577930980141507431e-03
3.161042376524988030e-03 3.011797403601127431e-03 2.954028127159192933e-03 3.620754921035642185e-03 2.848236685480479320e-03 2.622365844995545089e-03 3.072101675295865926e-03 2.228670407087045367e-03 3.034106145380630233e-03 2.583893999338487697e-03
3.073167771250601924e-03 2.988157334353236470e-03 2.944951870189845000e-03 3.590454808381741622e-03 2.839316028406424497e-03 3.469689524526971096e-03 3.046011985396403741e-03 2.249517352017444630e-03 3.042461563255887021e-03 2.630312347030078820e-03
3.145648499997777577e-03 2.925280046046135809e-03 2.951472555583221479e-03 3.573676310501162565e-03 2.938448696258403551e-03 3.115054138842267024e-03 3.040137264759735451e-03 2.250385550512459983e-03 3.059103757132745471e-03 2.581350073177219109e-03
3.045871959670631932e-03 2.935948311317181092e-03 2.947408206433003389e-03 3.568479674912827717e-03 2.866372424340000048e-03 2.691173299652054735e-03 3.031769033330384156e-03 2.244497572326390085e-03 3.026948778971815229e-03 2.571104491830307221e-03
3.149833486993578163e-03 2.936749331049077257e-03 2.940867816713183414e-03 3.567370002855706820e-03 2.838644349723791135e-03 2.356052887963405902e-03 3.052921508797547170e-03 2.295717563551000207e-03 3.099092712079420942e-03 2.572125198963780973e-03
3.109602054817459972e-03 2.960671060483724588e-03 2.934117029397894250e-03 3.564019706013055178e-03 2.868425079278231950e-03 2.361707630404104568e-03 3.033576549797926437e-03 2.224271081228394557e-03 3.083903591914643853e-03 2.613770417462993496e-03
