2.204986220846961997e-02 2.442123206096083118e-02 4.530932817477004854e-02 5.753935934478598968e-02 3.388390786994358028e-02 4.453542528874515627e-02 2.667529736212249578e-02 2.811804148949520465e-02 3.777446193450012535e-02 4.132154638165407012e-02
1.160149537741969258e-02 1.395494996213803539e-02 3.189171385866340636e-02 5.006956589698970811e-02 2.482587778234623607e-02 3.378476658921322068e-02 1.728118152015695880e-02 1.995495417999490831e-02 1.995167777308274812e-02 2.758113348464247619e-02
9.243566004788594803e-03 1.150489715776431381e-02 1.731291877792586267e-02 4.031102031365098315e-02 1.631422469427662447e-02 2.592801824610242376e-02 1.215483818080735287e-02 1.726581769205489530e-02 1.171283770846129162e-02 2.279320109842998890e-02
7.873806360256939418e-03 1.023893360548506701e-02 1.057756634878668708e-02 2.822232713825080161e-02 1.081065828012362472e-02 1.976866484467339202e-02 9.180777031670655022e-03 1.460033478209591881e-02 9.674219466580731910e-03 1.992627731204899347e-02
7.011783656513764958e-03 9.337995745038088491e-03 9.002649846759806090e-03 2.137851434777720064e-02 7.494063074027748801e-03 1.354522946298117314e-02 7.459089244277747680e-03 1.340938326231689084e-02 8.337068213839605307e-03 1.750457985612613107e-02
6.423607735009658620e-03 8.515044203172629153e-03 7.975484796033389945e-03 1.748969431108505362e-02 6.021416764140579726e-03 9.370685268379015317e-03 6.327668413660551827e-03 1.020094293731156967e-02 7.575484723370830634e-03 1.542649753185161392e-02
5.902694964459583374e-03 7.486233557641298712e-03 7.141021137831895203e-03 1.413653878864194573e-02 4.937390016072820860e-03 7.568274380988217372e-03 5.580329974657467773e-03 7.768504458737296274e-03 6.813552757238264777e-03 1.358973278605533214e-02
5.461761569575189837e-03 6.857114986589298196e-03 6.564683971539648187e-03 1.098269507602904482e-02 4.387828387225116422e-03 6.601747705900611225e-03 5.056116172974135271e-03 6.445221629493558084e-03 6.519138404364551234e-03 1.219717497226857454e-02
5.180787587551040872e-03 6.177542221713979917e-03 6.048024288418262298e-03 9.101062443143114258e-03 4.105446387038077377e-03 5.821458098629508915e-03 4.803646456725086528e-03 5.363661699915906952e-03 5.883585357421063436e-03 1.112655296819434203e-02
4.881570606352416200e-03 5.639138494294215938e-03 5.658199384435557214e-03 8.340847276078684411e-03 3.873125823828186490e-03 6.458252733400240107e-03 4.330658538371335610e-03 4.546543265727016891e-03 5.521057679998110992e-03 1.038712163744431177e-02
4.646554457415319819e-03 5.183205013498938703e-03 5.372134928957628466e-03 7.842045142057637100e-03 3.789871736674434340e-03 5.410638105102866247e-03 4.119440854837857005e-03 4.074490580922441284e-03 5.155406179162621769e-03 9.621796376452407609e-03
4.495998370382430637e-03 4.760404931574431509e-03 5.119880079785189136e-03 7.262560165764048691e-03 3.677425055822598939e-03 4.856994825522722124e-03 3.932909438361749735e-03 3.840054290896335095e-03 4.861284810690580209e-03 9.107403650557217498e-03
4.266061888572929457e-03 4.606974209756793323e-03 4.860754552782810094e-03 6.859584799588623778e-03 3.572282201463881143e-03 4.566048859413257208e-03 3.804422950934458359e-03 3.849181563946800846e-03 4.576084676748893264e-03 8.354160261883009433e-03
4.076838491458041093e-03 4.325687520404210978e-03 4.642646467275334150e-03 6.387728921508291184e-03 3.546704843739511333e-03 5.106880538047100203e-03 3.716761948792472389e-03 3.468538196693579136e-03 4.359931980089372557e-03 7.835983462055896506e-03
3.984341374635115215e-03 4.010748603487994564e-03 4.476164109063376743e-03 5.938007249584477572e-03 3.488837784503368792e-03 4.785302595121797287e-03 3.627104262440782566e-03 3.686743120707621120e-03 4.216800926207126335e-03 7.328557096951425487e-03
3.826698548635837187e-03 3.893574571777871050e-03 4.296979311612355960e-03 5.655745146719858701e-03 3.657357807253202621e-03 4.204204887232777278e-03 3.693907622942469056e-03 3.331362102701941174e-03 4.005457729486793482e-03 6.942087188077872284e-03
3.763218699515752212e-03 3.796195609537379809e-03 4.169866034676326418e-03 5.324010357308580840e-03 3.428044302954525932e-03 4.376808531205773206e-03 3.557295121512340803e-03 3.358115364982579808e-03 3.886420357654746770e-03 6.430206645663383812e-03
4.005706182848493661e-03 3.617973022409644909e-03 4.042864400023511023e-03 5.004859967291223205e-03 3.334706862382872360e-03 4.822495242139385359e-03 3.437121946709635611e-03 3.409027762699625048e-03 3.737486017212073713e-03 6.023850176042051460e-03
3.517732126234518909e-03 3.584700520532585477e-03 4.041884625310003358e-03 4.835053380690622869e-03 3.301358938975648000e-03 5.101416016655536435e-03 3.450103557194581644e-03 3.247946436562014223e-03 3.628916300925703019e-03 5.841984787803632811e-03
3.507289269755835964e-03 3.442738959161775487e-03 3.911889578291634188e-03 4.556657292501488724e-03 3.339778534542473063e-03 4.349321531652136121e-03 3.535592042035877111e-03 3.199037393945034641e-03 3.578326314610454605e-03 5.327406476939147706e-03
3.431586412762183732e-03 3.407160162946328095e-03 3.818672475589951487e-03 4.457646123676785831e-03 3.250142313922740802e-03 3.888896306783758746e-03 3.425713738182987762e-03 3.243363968561067262e-03 3.462337215600590126e-03 5.049649077115589760e-03
3.360605784144122046e-03 3.323826077469388320e-03 3.695338690280719138e-03 4.491072075648552125e-03 3.209913763134902929e-03 4.649179173353503239e-03 3.418029303454918691e-03 3.107928529955863300e-03 3.476808633395206578e-03 4.791551989130040691e-03
3.291327340805102163e-03 3.265139690144329507e-03 3.647690071901662015e-03 4.207283696485746710e-03 3.290487766994043290e-03 3.806658367172483046e-03 3.300711908596635005e-03 3.123781261313132978e-03 3.374008221352394702e-03 4.750629479283398696e-03
3.207386784511949765e-03 3.241080240752964355e-03 3.644870137786521483e-03 4.130914466375160132e-03 3.215728543486896275e-03 3.747822846345007144e-03 3.261783368960318764e-03 3.211339253000080208e-03 3.364507125354631711e-03 4.395596882054864790e-03
3.276266371951325543e-03 3.251992867649588885e-03 3.535332077353309059e-03 4.044886562007525728e-03 3.172371572732886075e-03 4.918816198488685024e-03 3.302327689014344578e-03 3.086611514083066870e-03 3.283095658064937375e-03 4.396443642042830238e-03
3.172487140526869531e-03 3.193059597113457899e-03 3.523076849251730557e-03 4.093146963220170055e-03 3.158993964241902600e-03 3.828358858915678186e-03 3.293457204496221240e-03 3.080222986434750804e-03 3.239849464433847224e-03 4.148403258266810008e-03
3.410041927452663220e-03 3.124522923735789919e-03 3.494571983104797792e-03 4.849806058434966843e-03 3.137489169466480161e-03 4.610857201242954048e-03 3.216854958935358097e-03 3.107491585878069569e-03 3.258279117353279214e-03 4.078963014736479951e-03
3.043672045970321604e-03 3.151564673591882287e-03 3.621725927428512577e-03 4.050584169996119914e-03 3.111178604587745786e-03 3.808680375478905398e-03 3.201382733086362026e-03 3.306323461296478781e-03 3.186136483633502173e-03 3.904272801869393666e-03
3.016691554101070313e-03 3.074502273352274634e-03 3.455649192252443873e-03 3.757085367565623189e-03 3.123830210589425855e-03 3.845297859171452424e-03 3.201136519412973828e-03 3.036942999208592977e-03 3.147556295012795581e-03 3.802683962710327100e-03
3.006774262597378556e-03 3.136943619367166172e-03 3.383847930704403026e-03 4.508618680590296621e-03 3.170382353962066489e-03 4.025265752895653033e-03 3.203274766637632595e-03 3.360481496393056232e-03 3.113356685097359335e-03 3.703362992292457377e-03
3.008751604208545656e-03 3.071562858140720279e-03 3.354303314287511266e-03 3.751404041852764160e-03 3.120221913740215715e-03 3.677747373392643935e-03 3.359351095323583666e-03 3.014805883501259741e-03 3.075873051255807126e-03 3.629089825254183839e-03
3.122299068236489197e-03 3.033819157381272176e-03 3.308547184873859501e-03 6.416111735188484259e-03 3.085514723580568865e-03 3.518266422041939085e-03 3.169118840646304152e-03 2.975421714475614317e-03 3.040975101609347687e-03 3.549753884527509940e-03
3.072726123187215219e-03 3.045806315200245973e-03 3.338379445852190496e-03 5.379990744139705877e-03 3.075318361426181580e-03 4.086597792460310019e-03 3.318411167704859391e-03 3.152215755769658539e-03 3.080999756944128969e-03 3.494862658948242381e-03
2.919775977704404737e-03 3.027902857880633136e-03 3.288845501106576683e-03 3.628039384633844310e-03 3.052656029176445927e-03 3.694027387788685179e-03 3.201534698304495195e-03 3.012756745327959187e-03 3.011235871840222973e-03 3.404476892123624570e-03
2.945816400711812662e-03 3.043395585374226477e-03 3.315670496161500069e-03 3.668431275502622661e-03 3.050486857148124436e-03 3.593149880334529575e-03 3.217545259181162683e-03 2.994117750716035909e-03 2.997423329744391875e-03 3.362159654877482518e-03
3.016305499265520360e-03 2.974750312102915524e-03 3.215857496795065940e-03 3.743968930946461274e-03 3.093029961024627676e-03 3.535772368661565645e-03 3.135208985814751884e-03 3.049968022675510464e-03 2.973982874258323736e-03 3.330876060665578006e-03
2.928015742022560975e-03 3.091273876270852171e-03 3.287137407642951384e-03 3.941751067994365629e-03 3.040375603504235844e-03 4.027148484966202972e-03 3.174349030121825527e-03 3.013459668758305694e-03 2.963497387772518789e-03 3.279530301736386863e-03
2.888051004991050962e-03 2.977208889045022348e-03 3.288110919781523853e-03 3.587806270360845064e-03 3.036836161755273895e-03 4.230123421993907395e-03 3.170621270308087315e-03 2.979531109148224419e-03 2.934553980412360572e-03 3.266866933123044325e-03
2.905923936742441788e-03 3.058622534219122488e-03 3.208814102840948802e-03 3.689030316016182233e-03 3.085036819998223604e-03 4.581468084006763350e-03 3.145834460766153660e-03 2.983650683617783492e-03 2.957048433648459904e-03 3.194016290997694300e-03
2.957501679538012632e-03 2.989885520311544569e-03 3.205227561671745735e-03 3.676956999543350320e-03 3.071783286876573517e-03 3.533568332029190986e-03 3.231207046443407109e-03 3.013874616346907259e-03 2.957521449182385579e-03 3.198860542430853691e-03
2.820880372620953192e-03 2.973469611366601293e-03 3.237276009447342517e-03 3.700440057220239984e-03 3.032771639324534363e-03 3.394227034935646918e-03 3.169774535381660648e-03 3.007635092244208622e-03 2.907849485606215506e-03 3.113665268852808775e-03
2.813049778567014870e-03 2.963442868239419322e-03 3.169059323599971584e-03 4.417200241256215992e-03 2.999774526447681212e-03 3.449493009432892492e-03 3.154538461219526246e-03 3.136010990373762006e-03 2.966295586613897084e-03 3.182591363351668871e-03
2.809514257308162993e-03 2.984599748729002515e-03 3.181567858335116687e-03 3.549740688962472589e-03 3.012115440248549960e-03 3.565909473428274801e-03 3.087114985865250724e-03 2.951976588991192443e-03 2.931618752550705330e-03 3.069675420666988230e-03
2.799607138449618053e-03 3.072505558157327763e-03 3.144179638036932734e-03 3.759281165108183369e-03 3.039782570967002832e-03 3.155201595186356203e-03 3.124607225357135028e-03 2.994266281490042415e-03 2.880990568342379609e-03 3.090243377504145461e-03
2.882812374651479333e-03 2.942455203947254121e-03 3.167426697994720278e-03 3.497521715482816186e-03 2.991572716040149984e-03 3.397350818977769651e-03 3.149661390624528164e-03 2.939851337491817748e-03 2.890264637724755410e-03 3.036689616630298006e-03
2.784095233966285034e-03 2.937251555091910035e-03 3.083936519435150504e-03 3.455639299532029755e-03 3.042839857136408598e-03 3.633980007578026944e-03 3.306173036266247308e-03 2.992142150166068968e-03 2.873692770549930459e-03 3.013153750732288586e-03
2.807950432600294158e-03 2.936401622699118773e-03 3.111129667159007531e-03 7.141778362576381781e-03 3.037670125569034898e-03 3.870894985213006387e-03 3.088766890967862590e-03 3.012444896816409302e-03 2.876555888076541383e-03 2.998714447320996630e-03
2.745551944752740170e-03 2.989000323795446955e-03 3.375421337827163790e-03 4.343448412443163577e-03 2.959251669875684852e-03 3.249441294921711233e-03 3.090821401868784884e-03 2.984558874133797900e-03 2.870759727428917954e-03 3.021473035596676428e-03
2.994680339536925050e-03 2.945011271900222806e-03 3.113433344406554577e-03 3.554173690904648044e-03 2.985321585797056677e-03 4.448475680899344198e-03 3.099473663072335912e-03 2.958450509334096222e-03 2.838633048495870208e-03 2.948047429465692256e-03
2.750378206316008052e-03 2.998001846347494830e-03 3.141843014017118695e-03 3.457230986845517568e-03 3.006903646612326623e-03 3.281705731819668879e-03 3.090016584726123106e-03 2.949498551173452415e-03 2.835319009077563127e-03 2.988118413037321470e-03
