5.581005147336638023e-02 4.944124430380879287e-02 4.881789361115657783e-02 4.683164115492879226e-02 2.484174744499033707e-02 4.024911883329704981e-02 6.322590126792804188e-02 4.699613183535709254e-02 4.582852094243507896e-02 6.192745664475288181e-02
3.143569684178378759e-02 2.442528904515301955e-02 3.700069673906442036e-02 2.864464774357506488e-02 1.331555815169650769e-02 1.737249867876611981e-02 5.635033658935188761e-02 3.173751269934763780e-02 3.252339206240807690e-02 4.591085234342365262e-02
1.971594295287304455e-02 1.360423961141969673e-02 3.090310989572556816e-02 2.331604409036997644e-02 8.773309355835581455e-03 1.254286029829263655e-02 4.423719779467076563e-02 2.694790078547831119e-02 2.493965325512507297e-02 3.675111206169923150e-02
1.656412648825575373e-02 1.162496825956569474e-02 2.665789230896684417e-02 2.123245011880935465e-02 6.890610531416240143e-03 9.999163947920487044e-03 3.144356071320528884e-02 2.379497320624480647e-02 2.006010853598045804e-02 3.146323295067671860e-02
1.424734312666347223e-02 1.019383091418086563e-02 2.320104774991965657e-02 2.015882233356872805e-02 6.665795888893403728e-03 8.319459909990101903e-03 2.422125200882621968e-02 2.142229506275528106e-02 1.646713740496705616e-02 2.693606398590461110e-02
1.243693747553302129e-02 9.347145219954987663e-03 2.000816057859501271e-02 1.866067352298478310e-02 5.764300191747412198e-03 7.212846055674397572e-03 2.086818982743474105e-02 1.922992125738990851e-02 1.373465342281544876e-02 2.306831978785704382e-02
1.070730141759849117e-02 8.743042592952245812e-03 1.701394742761397350e-02 1.778517981113800911e-02 1.036053890921890923e-02 6.419813678546167947e-03 1.873522925124978741e-02 1.743080297068886828e-02 1.179234536975142834e-02 2.117413772985839160e-02
9.243889768826377487e-03 8.265167146088377853e-03 1.451361104576497259e-02 1.679165119311561497e-02 5.402448660261042687e-03 5.867758506870902717e-03 1.734522485114733253e-02 1.571521231227975685e-02 1.016439657445212391e-02 1.975510238756521264e-02
8.320069587368155231e-03 7.860509894050356217e-03 1.231667492434646537e-02 1.601991568087774223e-02 5.202887243277532457e-03 5.499131772209203683e-03 1.605422670215111286e-02 1.443886791420408849e-02 9.287829548171182975e-03 1.871921017042565624e-02
7.608458856209569625e-03 7.493219380121159991e-03 1.077059661492501923e-02 1.533899467466853794e-02 5.409475369744036130e-03 5.062530924495378670e-03 1.476578870596869861e-02 1.325727911360858463e-02 8.072284788232953617e-03 1.790856925302089508e-02
6.731363188075732695e-03 7.121534410700403918e-03 9.547171147010211426e-03 1.450100534453435674e-02 5.604429624810064112e-03 4.833975056050474929e-03 1.357909045270602917e-02 1.244801330090635448e-02 7.463971490506544036e-03 1.720338814563102461e-02
6.226747859238338824e-03 6.871210472900221577e-03 8.585642611270784957e-03 1.396097288968475326e-02 5.259073394009158159e-03 4.596851904655019187e-03 1.273951439988973283e-02 1.122438306241364467e-02 6.694841485853387023e-03 1.647398984430959237e-02
5.833510729989842096e-03 6.634928185085400137e-03 7.806420136935155601e-03 1.325754793215339761e-02 4.899168367941227585e-03 4.370835812925135191e-03 1.207790411389556701e-02 9.968456433750811849e-03 6.057896300857178694e-03 1.583911863932247616e-02
5.754563100339194284e-03 6.297365294992414257e-03 7.213342424704423730e-03 1.267489051553949246e-02 5.440751910157901917e-03 4.286768611444700255e-03 1.038918187763162616e-02 9.202618812195643289e-03 6.289110021823599884e-03 1.554467965051292352e-02
5.236180273406510106e-03 6.056153182511637631e-03 6.670080635890772436e-03 1.212376724361663265e-02 4.855821635617384863e-03 4.128703934962598722e-03 9.457548011493776066e-03 8.447965787510810023e-03 5.526959757531234481e-03 1.472339474725107081e-02
5.049390914962759158e-03 5.837452803981912214e-03 6.355430210909913252e-03 1.178118697139526189e-02 5.355384398603476974e-03 3.971836776453034970e-03 8.552032195618650828e-03 7.760901827444363632e-03 5.148506855829962196e-03 1.421386038855966538e-02
4.969429691465226256e-03 5.661865271781900237e-03 5.911961757015252866e-03 1.108667178577338146e-02 4.772758879651305131e-03 3.853880826537805279e-03 7.767233268456471586e-03 7.372184849336077539e-03 5.028892234951213951e-03 1.364750333924111096e-02
4.587041410675570842e-03 5.561416803189089472e-03 5.695228889940291694e-03 1.078580008166970215e-02 4.683691220870444573e-03 3.775512156991183907e-03 6.996527585688009157e-03 6.470772882929958815e-03 4.638585420133067849e-03 1.304454393277577895e-02
4.429005345470466218e-03 5.325524582147857580e-03 5.409750534571212445e-03 1.019419152258826435e-02 4.594179478190905594e-03 3.720072751431874672e-03 6.399085094759244391e-03 6.047123216327862476e-03 4.475283878920909182e-03 1.238684440530970002e-02
4.308004621222630455e-03 5.127567830794261920e-03 5.142058124496336549e-03 1.016580896192578222e-02 4.625501382667056641e-03 3.621855159014007036e-03 5.976122359140901424e-03 5.735704728458175181e-03 4.323996126479382612e-03 1.167138956508320669e-02
4.199308088636465909e-03 4.946054100323392030e-03 5.010321140960846166e-03 9.678102035363764927e-03 4.670406814098180572e-03 3.559451221616201453e-03 5.660506027150581307e-03 5.312470891689824969e-03 4.269383896001690236e-03 1.103056313945697739e-02
4.107943566987301912e-03 4.885055827364073212e-03 4.815705024536913285e-03 8.966703597533882963e-03 4.467556383096709868e-03 3.543033955002523796e-03 5.178280265391741084e-03 5.043545165329696954e-03 4.129263438156835671e-03 1.005793662975454535e-02
4.097473671669274800e-03 4.692382170187020876e-03 4.670487706451412202e-03 8.594183767435885704e-03 4.632597826913206762e-03 3.533225286797696783e-03 4.798400159477191410e-03 4.888662119780840844e-03 4.009688999798604117e-03 9.074112757547457553e-03
4.017363775790623072e-03 4.601603464850680635e-03 4.561686330544195873e-03 8.148553792499823797e-03 4.551231379818740895e-03 3.415007240470560850e-03 4.625996602501372852e-03 4.543545564611161172e-03 3.939793082202739001e-03 8.185929785437954034e-03
3.881563555740370590e-03 4.449113148607724416e-03 4.381867746331518515e-03 7.783990449786126926e-03 4.270651221722492237e-03 3.335275433668388485e-03 4.376702061119790328e-03 4.423362024430386660e-03 4.016399278614358505e-03 7.407298897001614139e-03
4.065137416836642377e-03 4.305541023681669875e-03 4.303493054685719743e-03 7.672840649570214673e-03 4.477756050911686596e-03 3.364318180837947737e-03 4.206741441862729518e-03 4.191940664277258970e-03 3.806696768917748521e-03 6.828733401960111055e-03
3.802581807991944375e-03 4.207998156252301149e-03 4.239316704938634293e-03 7.117810532554840960e-03 4.243563809900658367e-03 3.325036022617762661e-03 4.135124556428442823e-03 4.081946829413770662e-03 3.727737890397885695e-03 6.383474713398803665e-03
3.722707932312924791e-03 4.166035307029527027e-03 4.155191351937147747e-03 6.807334803398591531e-03 4.474961156606018474e-03 3.220246224910475186e-03 3.947868604984907867e-03 3.900967735746097270e-03 3.678579099444786137e-03 5.792172088114829615e-03
3.833291451041560393e-03 4.012933991842283429e-03 4.036597660244033332e-03 6.512385386074827365e-03 4.255327151081832529e-03 3.225538024918302247e-03 3.849645612317557399e-03 3.931378373132799094e-03 3.714535265369347736e-03 5.439708233112425760e-03
3.747017048100485023e-03 3.922925105744636855e-03 4.021106186630160964e-03 6.206707125831332876e-03 4.282699588624074884e-03 3.204864648774181056e-03 3.789346146262236124e-03 3.783637196146616595e-03 3.587871852590674565e-03 5.285572162790984352e-03
3.635878099286699028e-03 3.858113105804324757e-03 3.893435031265577578e-03 6.018745795138859093e-03 4.231906178004523136e-03 3.152441353960478299e-03 3.772006200467662492e-03 3.607197700502943766e-03 3.539434308588225876e-03 4.859146805750243388e-03
3.580743388048630502e-03 3.726347285856281433e-03 3.991874480054158174e-03 6.074953144945851452e-03 4.276929191440571355e-03 3.202324127416136552e-03 3.657831521185380286e-03 3.492251460795266996e-03 3.521652392136156561e-03 4.685112880709407270e-03
3.563988808393511124e-03 3.749917803169711475e-03 3.768167372283599565e-03 5.562386521874845315e-03 3.786812648224945586e-03 3.061734839446501877e-03 3.598655524416244453e-03 3.401341530816259003e-03 3.525488696119103999e-03 4.493125211957866780e-03
3.585645889703276915e-03 3.614914557388183240e-03 3.799951737692542231e-03 5.363840363726246098e-03 3.883839387921272403e-03 3.069591499495515248e-03 3.585281063234288523e-03 3.405594118941081879e-03 3.399446104532491582e-03 4.311920565278904750e-03
3.525653020637984931e-03 3.546043946775068526e-03 3.661725376855146704e-03 5.341012370440562790e-03 3.745838330619540892e-03 3.084468116799896509e-03 3.464286586931199403e-03 3.384115310990914484e-03 3.550414530919347982e-03 4.156416421636792771e-03
3.474424422156484511e-03 3.506661138723215967e-03 3.560797971502440221e-03 5.092722447448108126e-03 3.612520593791980136e-03 3.019822389657990467e-03 3.525656052136161549e-03 3.193195113520996224e-03 3.385910685081275351e-03 4.050562489879265364e-03
3.474003276091610758e-03 3.474182243281412948e-03 3.525520990635543084e-03 4.883109189272264589e-03 3.562546266928588810e-03 3.023910420651067677e-03 3.463999779062254536e-03 3.122282728692171803e-03 3.540803671038710628e-03 3.911718130822122025e-03
3.453147751824694241e-03 3.365067463762773207e-03 3.475594994775913806e-03 4.768962918800828676e-03 3.492766692693527551e-03 3.039469918071739229e-03 3.370163003641441120e-03 3.146752363597808601e-03 3.458658970298064423e-03 3.877585607540711115e-03
3.422826785216844143e-03 3.334833079754595878e-03 3.434552445134338248e-03 4.618021691925400588e-03 3.465445790435972475e-03 2.990679090261809305e-03 3.396345701270445626e-03 3.098151303602611310e-03 3.426083614082834836e-03 3.774949970728518067e-03
3.393536257952947579e-03 3.271969503836676813e-03 3.372165288728809409e-03 4.501929775630304775e-03 3.395933188973344636e-03 2.912183904165975210e-03 3.319102387443902905e-03 2.988059823660931934e-03 3.377763909798960767e-03 3.700086942148543209e-03
3.416407580093036751e-03 3.223178892729987310e-03 3.343499106772722385e-03 4.424861977902204944e-03 3.219074971040993428e-03 2.942340487309613555e-03 3.264745929690266498e-03 3.013213223083252221e-03 3.268689554177638210e-03 3.666691714867810047e-03
3.392982758256965579e-03 3.254960342233564723e-03 3.309873087050507062e-03 4.324032915503137064e-03 3.210887197064666611e-03 2.920708042940442159e-03 3.245565355646394881e-03 3.088641328111183665e-03 3.237878898041921232e-03 3.618516275442938430e-03
3.402339545687994241e-03 3.154059176101779716e-03 3.241651769633974080e-03 4.236687947077637066e-03 3.111701468676164421e-03 2.928075793990986709e-03 3.220493191562197148e-03 3.018447924929341507e-03 3.230272292352336528e-03 3.566073827968879555e-03
3.298614929986498894e-03 3.117983759574747670e-03 3.247451100334231532e-03 4.161380613125847082e-03 3.207743084387179849e-03 2.839868526242214902e-03 3.277238708501173121e-03 2.889400039539563765e-03 3.234234347718809369e-03 3.539059791526548513e-03
3.295644264979340470e-03 3.072943095464868071e-03 3.160676888098908500e-03 4.276022367291976330e-03 3.002315616862232927e-03 2.851320622620484319e-03 3.219192472163470275e-03 2.869259246273177071e-03 3.193813664196729508e-03 3.488420244869169535e-03
3.276552633161564261e-03 3.090520019379581085e-03 3.176715641488187317e-03 4.051778744975556741e-03 2.991250273377493805e-03 2.842463072631388251e-03 3.197029248361080503e-03 2.923713718890604690e-03 3.388904874581156936e-03 3.493694236147025425e-03
3.248030655657106140e-03 3.113337823367674263e-03 3.142764512363921403e-03 3.917830865339018941e-03 2.992335942409434391e-03 2.850587589087996178e-03 3.274817652105288350e-03 2.902006871080999809e-03 3.145714200934578413e-03 3.479053907801957918e-03
3.219539247823945821e-03 3.029053039557702033e-03 3.106837151568594361e-03 3.828988549143725901e-03 2.926207050746461834e-03 2.858466705392878702e-03 3.146359982369013875e-03 2.875048442116215439e-03 3.156651209161414218e-03 3.548009177640732825e-03
3.211999814640920364e-03 2.971088425779230217e-03 3.092828588117441622e-03 3.779454737688718070e-03 2.951298074816548992e-03 2.745968246846844287e-03 3.148050614347703245e-03 2.795085447083360455e-03 3.243958480223078662e-03 3.449674201344897148e-03
3.250320808328789005e-03 2.942274896713695416e-03 3.099890847942060428e-03 3.751559294529035939e-03 2.880098367174344955e-03 2.760168662885662504e-03 3.254787675530563217e-03 2.888107641545669020e-03 3.136490223652805501e-03 3.516561053147705066e-03
3.209593500589915608e-03 2.909016961826803045e-03 3.115949388474828496e-03 3.729738935359108547e-03 2.823924535643807746e-03 2.788279693327533251e-03 3.216272109565336459e-03 2.770008041045878954e-03 3.110447311642076853e-03 3.392902359901322877e-03
3.153440846063175224e-03 2.893007923829077430e-03 2.997551115503513212e-03 3.654256479866383866e-03 2.817143491907314612e-03 2.815474673243518328e-03 3.131033877278074484e-03 2.760501756652217285e-03 3.105375025835431946e-03 3.378592295395045370e-03
3.174353893749502775e-03 2.939407609628513253e-03 2.989761249318895892e-03 3.653467710092824037e-03 2.836414022099099669e-03 2.746863606795843602e-03 3.231487102574281001e-03 2.979573337061830387e-03 3.264576242305581785e-03 3.409902734517235474e-03
3.243930546652961083e-03 2.844225467028050052e-03 2.976135507975578680e-03 3.582614601205334239e-03 2.795724353751607733e-03 3.013875694062827671e-03 3.137455603383854097e-03 2.745890939624204795e-03 3.095234430655987527e-03 3.358509374027140830e-03
3.178248504877938339e-03 2.818838499771723731e-03 2.971036862650245757e-03 3.571588512486949685e-03 2.795556280444530268e-03 2.729683591940906991e-03 3.433398904905673229e-03 2.737483233013098590e-03 3.102536083319752062e-03 3.340557410531126963e-03
3.102341116292070371e-03 2.807407720963958717e-03 2.945508787489444207e-03 3.531920415913214050e-03 2.759696320034001320e-03 2.708582000947943290e-03 3.252761074908817711e-03 2.706309126367023241e-03 3.064881738352490462e-03 3.495396635041039292e-03
3.135938937210509727e-03 2.804119434286283467e-03 2.934858278855022665e-03 3.514991712033662362e-03 2.760630735149199357e-03 2.671294684387911199e-03 3.072567555666838070e-03 2.858430973501859332e-03 3.179883399743266802e-03 3.351231014047869727e-03
3.165020404562500847e-03 2.820242441509048653e-03 2.911206984840908427e-03 3.423983931809797959e-03 2.755654085568997810e-03 2.664950735647046015e-03 3.096411160533882496e-03 2.738847987066920803e-03 3.090358035084445846e-03 3.316564020592953268e-03
3.147928921503937317e-03 2.763758635635147221e-03 2.880906755582090736e-03 3.393570874835277838e-03 3.024306776549005264e-03 2.630247072141271309e-03 3.047941962763785553e-03 2.700837989504046611e-03 3.041266507371787314e-03 3.318588145161522913e-03
3.085184041122114324e-03 2.763381641458144931e-03 2.900466046694923083e-03 3.382459959083096782e-03 2.764212394906295864e-03 2.672261318150036691e-03 3.085291727081070252e-03 2.723453173291312101e-03 3.047590053164740600e-03 3.348911827551354688e-03
3.134997295189806236e-03 2.749949494334294649e-03 2.863809506448373402e-03 3.359924657089387486e-03 2.710613298822690722e-03 2.655019360028498115e-03 3.204679316498497757e-03 2.674058412471041254e-03 3.040296228458509546e-03 3.335750839709617985e-03
3.067940051691222386e-03 2.821746698526473619e-03 2.851867691779703951e-03 3.397053134637039937e-03 2.782830214276035743e-03 2.674386490970826879e-03 3.086672160103720586e-03 2.713170667788099549e-03 3.042799704546558792e-03 3.324754563273989594e-03
3.119367927640675272e-03 2.699612303964955308e-03 2.910912315581517390e-03 3.306223346260738459e-03 2.707373163009901482e-03 2.680914809319806871e-03 3.180019026729863189e-03 2.690669808034686170e-03 2.987136587096581898e-03 3.283312457432339005e-03
3.037670207508269375e-03 2.690727365199488668e-03 2.826262286992072426e-03 3.353397116389669752e-03 2.690839115250464979e-03 2.585895161465574365e-03 3.079105681386646275e-03 2.891120506109802132e-03 2.955467105927121058e-03 3.224518867370349158e-03
3.052513483819634284e-03 2.690294458987261585e-03 2.841796538390973029e-03 3.265184475944176833e-03 2.663999899710773993e-03 2.577243123603362683e-03 3.023737547993998569e-03 2.711968862629644296e-03 2.975842936785689195e-03 3.282126115872055234e-03
3.235187001681816190e-03 2.648952166585645876e-03 2.826841721120488485e-03 3.280393363433557058e-03 2.691847648344996864e-03 2.590594068857355898e-03 3.092606591267888731e-03 2.873027285766093300e-03 2.947349234594127693e-03 3.223827385224312374e-03
