2.779803411167910271e-02 5.077691281616385915e-02 3.235647323615047782e-02 2.331896004536446187e-02 2.901806155850686006e-02 2.322269507282120893e-02 2.834784644145060470e-02 5.884087403454477810e-02 5.138673064375822580e-02 5.742169897932976330e-02
1.622226976752469754e-02 3.683987841824166998e-02 1.883504964348997265e-02 1.335267659666321445e-02 1.922085190820599712e-02 1.410655108966593282e-02 1.821642971288298107e-02 4.499857971535017181e-02 3.036058527602331081e-02 3.991704333054529874e-02
1.270562436179003933e-02 2.699179875494430933e-02 1.330265551706999796e-02 9.590271263220668391e-03 1.488293004604669505e-02 1.063396648285661744e-02 1.412376289253652537e-02 3.505733143323024048e-02 2.423446311766463621e-02 2.953197525272459670e-02
1.013519488894299055e-02 2.173612063945196127e-02 1.096346373202002067e-02 8.235382060663713061e-03 1.159778455029181546e-02 8.828374132983153946e-03 1.153214361447018992e-02 2.831965649824774375e-02 2.153161964915190768e-02 2.274136450003130458e-02
1.141035231265544354e-02 1.856193145315520113e-02 1.010591126827659406e-02 7.341036004286888121e-03 9.638383985483521543e-03 7.518111412782476667e-03 9.697117912722340305e-03 2.426940577060796370e-02 1.920418948163899603e-02 1.663135867196647785e-02
6.674066300971727775e-03 1.580228280078206302e-02 8.700080432601748487e-03 7.400438552027007073e-03 8.326168608344175492e-03 6.671793019264150686e-03 8.315085003970974428e-03 2.150313087760752015e-02 1.719635356485335609e-02 1.090817690615586942e-02
6.354406319362458297e-03 1.374872642882894389e-02 7.966305427030834219e-03 6.512552207232278657e-03 7.330613023857120852e-03 6.179291083322089630e-03 7.544219640494457396e-03 1.916539792138446247e-02 1.592245986057839319e-02 1.021048261390291277e-02
4.715660405518408774e-03 1.205613038229120214e-02 7.576320700262049838e-03 6.622242260920904212e-03 6.687341808435472504e-03 5.732326256056450610e-03 6.898024566139716700e-03 1.796585173863424201e-02 1.424776220283643056e-02 1.313347949562754594e-02
4.996364928788490228e-03 1.070193419284022791e-02 6.754021249067296111e-03 5.631519527492609249e-03 6.276772941477408961e-03 5.343048837201612271e-03 6.474688539430965319e-03 1.595001255120942485e-02 1.295555711895831665e-02 7.186324446681175565e-03
4.341594015517293882e-03 9.578367560748190027e-03 6.540576605820041037e-03 5.250851777536679962e-03 5.933583152740922427e-03 5.191598173159620716e-03 6.011718072209881400e-03 1.430377441476931959e-02 1.181616413454320696e-02 8.614850382551450872e-03
4.146508878555747388e-03 8.633855868404717235e-03 6.099114625180522033e-03 9.997058327807990460e-03 5.854434602674093296e-03 4.879204857453063246e-03 5.950267907170556959e-03 1.307634517937200300e-02 1.103381963999888055e-02 7.189394353742943784e-03
4.017067987625248110e-03 7.913992623501940951e-03 5.937083600875328777e-03 5.570379090762828979e-03 5.593118433164438567e-03 4.639839131057734746e-03 5.593763918124371529e-03 1.164800141448847984e-02 9.908144689247664824e-03 5.903164457879597760e-03
3.874490284810614728e-03 7.277941201347354165e-03 5.211285306784866136e-03 4.878177330878469622e-03 5.361276437579284328e-03 4.543908479230848729e-03 5.448432701633119241e-03 1.127066350139333158e-02 9.144775342626747239e-03 5.329388153663666000e-03
4.038186007606065983e-03 6.716114923119286331e-03 5.090015008196948146e-03 5.874484610314259329e-03 5.202489628454015635e-03 4.373826690286961201e-03 5.558655629004807461e-03 1.037218162256298148e-02 8.289759572362376955e-03 7.206920961678294629e-03
3.570998669041473405e-03 6.435064007786685247e-03 4.832726980384763685e-03 4.852778996420822021e-03 5.184513393320019752e-03 4.344907503530827560e-03 5.336644851655058738e-03 1.035329918946258608e-02 7.595957293157274033e-03 7.510606085471650990e-03
3.524383279544304661e-03 6.149879938765171090e-03 4.937430952674221225e-03 8.165849074524585485e-03 4.976391242166677484e-03 4.274378818197565807e-03 5.289950200939383916e-03 9.771848012142527948e-03 7.224470167009327572e-03 5.647538208185281204e-03
4.801578407149466841e-03 5.981795487866556869e-03 4.400889170686162095e-03 5.888124194742262035e-03 4.873812030180250596e-03 4.176748568508416651e-03 5.055617236777704311e-03 8.288791807385982938e-03 6.640689912780148307e-03 5.988040134053989293e-03
3.251697924561696741e-03 5.710999904129575484e-03 4.356779543972543953e-03 7.198165763455603716e-03 4.793074388125488812e-03 4.066001179712553509e-03 5.206834081369230392e-03 8.766539976236687251e-03 6.297428114348552208e-03 6.513547871030448896e-03
3.330755084639698809e-03 5.503836708160755528e-03 4.141545966082434485e-03 5.700339831892759987e-03 4.895755181142099483e-03 4.008617844469001580e-03 4.980891213148290995e-03 7.576918018804700179e-03 6.271933360984359961e-03 5.562560163407300959e-03
3.484482746610880009e-03 5.381555389694189784e-03 4.356020433617272675e-03 4.265685264003382486e-03 4.632490149307526804e-03 3.962705571677754141e-03 4.935082431380684136e-03 7.126463317119928823e-03 5.755892518867006084e-03 5.117073518448260645e-03
3.074522538525564959e-03 5.228229569092078186e-03 3.930672398518300463e-03 4.880348444494299505e-03 4.782693188728717737e-03 3.956361107112343553e-03 4.945460104322969147e-03 7.351180703556153134e-03 5.567276087342669898e-03 5.373897622633591262e-03
3.199543722205796040e-03 5.096142661669205223e-03 4.117799632832753326e-03 4.213226604776357069e-03 4.663174428836076857e-03 3.944481794603215373e-03 4.883179885919171001e-03 6.637705022150863429e-03 5.327264849223987964e-03 4.483385364662096847e-03
3.996746140804142457e-03 5.056377706052207939e-03 4.343937873613794125e-03 3.815806333133889110e-03 4.606857290537183514e-03 3.878549553241646304e-03 4.798264484289653520e-03 6.600813051481452427e-03 5.121601036422371994e-03 4.666842447030910591e-03
3.025164817742853791e-03 5.074586034286649762e-03 3.858789173409808704e-03 5.077251529040850697e-03 4.335287448565211185e-03 3.874505848392533185e-03 5.083345008738154695e-03 5.657654299986160720e-03 5.015523490456918164e-03 4.614417074267223445e-03
4.161594996982009333e-03 4.930217287293345990e-03 3.875679378284995272e-03 3.884306498142907696e-03 4.353976395343563295e-03 3.898782519309586161e-03 4.891526897373599247e-03 6.850170801689327814e-03 4.853152018937513350e-03 5.997087996940543043e-03
3.314531891208269843e-03 5.000401837203945730e-03 4.113716350634168302e-03 3.889237615975922862e-03 4.402196877187572292e-03 3.827786052355535394e-03 4.689093762277155540e-03 5.257095842030792138e-03 4.787676136418663082e-03 1.088528447389414122e-02
3.027564325429747336e-03 5.011102079075550712e-03 4.468035922640678677e-03 4.508101806732540615e-03 4.398621981365830741e-03 3.890484668259385371e-03 4.741880763757916686e-03 5.041650159058014974e-03 4.742307750261501656e-03 4.743641960235674658e-03
4.098202135184384962e-03 4.916782193162025187e-03 4.042708120064598780e-03 4.551079963398987731e-03 4.320012042243611197e-03 3.689181348032609820e-03 4.988679342547584251e-03 5.033511384011689696e-03 4.806746463481191556e-03 4.365900638607754167e-03
2.930142412311778199e-03 4.958547253162652081e-03 3.721315077050183287e-03 3.974676758767527879e-03 4.248345876943019662e-03 3.765311393273361278e-03 4.682175284172676068e-03 4.652977115135169608e-03 4.472616493723683903e-03 4.722343952861089017e-03
3.446985178758770439e-03 4.901883047634212655e-03 3.775673356580135868e-03 5.677229731204849056e-03 4.292201089798917263e-03 3.686845755331300770e-03 4.671545640594950387e-03 5.034021201096415196e-03 4.525870728667109703e-03 4.771262460459562912e-03
3.382779147385425733e-03 4.882265896916190839e-03 4.232357353080173565e-03 4.206466449531205513e-03 4.240284373745260849e-03 3.639994602813257339e-03 4.650918639938924314e-03 5.732848802214938165e-03 4.379878078046149648e-03 6.112032772833340608e-03
4.704884065370259875e-03 4.952425424836657923e-03 3.678001158439021204e-03 3.716204716375200341e-03 4.259050126302075905e-03 3.659375202883056576e-03 4.703534682963789355e-03 4.839470301740073262e-03 4.208718731677755023e-03 4.388004134819909613e-03
3.001387944177265343e-03 4.813970648846975162e-03 3.498144584780850386e-03 3.571666497704457759e-03 4.366037539226580617e-03 3.674802187520366005e-03 4.831554319223350068e-03 5.662904602448542296e-03 4.285861237325194403e-03 8.522602591399287830e-03
2.980001620072231759e-03 4.612800000799483977e-03 3.534269490456032597e-03 3.971068769144098579e-03 4.096610051057978687e-03 3.632770744712908537e-03 4.823647307599835711e-03 5.662330063494453759e-03 4.157851726004748241e-03 4.492899447120239122e-03
2.849915054283197469e-03 5.039991665726710479e-03 3.676323337646939925e-03 3.780509891778061592e-03 4.157242857048154029e-03 3.576783363376850357e-03 4.649845049998915271e-03 5.169986387031505481e-03 4.030079107482076838e-03 4.403874844526351959e-03
3.301581809327295766e-03 4.901465148661196883e-03 3.553919076648860437e-03 3.640174072570756189e-03 4.077224899754450585e-03 3.580628783238037124e-03 4.834188374879845596e-03 4.983091436322013498e-03 4.151662291099821739e-03 8.805736574517233906e-03
2.943367607941365337e-03 4.908005144522255281e-03 3.928270097698899517e-03 3.734646129967857976e-03 4.359533097805735370e-03 3.599703631707156740e-03 4.562370002371864477e-03 5.706352838331387421e-03 4.136287472320272079e-03 4.636691575906447607e-03
3.226313915704283851e-03 4.735887709640630369e-03 3.579845710286966298e-03 4.706712878447128455e-03 4.106613158463230662e-03 3.532658795788974366e-03 4.523888700153400749e-03 4.261664843006151941e-03 3.934482850635482622e-03 4.056153971550794518e-03
2.910055519627490275e-03 4.733994121544526229e-03 3.762411430625053638e-03 4.598673188064412304e-03 4.069452364907300002e-03 3.554685394033829139e-03 4.578535376579695275e-03 5.040815443571849096e-03 4.011498074021319950e-03 3.695195953405512167e-03
