8.502480085961176826e-02 8.073509808048393022e-02 9.118784385670115900e-02 7.086470870746627848e-02 7.598017751006530540e-02 7.476615285299595404e-02 7.726469440546158973e-02 7.459601918248429109e-02 7.267835524996102414e-02 7.550330770435721706e-02
7.659655831103005796e-02 7.794697573453870931e-02 7.374025976222740864e-02 4.859108851721214567e-02 6.683285676840615419e-02 6.941594408474469069e-02 7.174334445347006761e-02 5.464901641089075363e-02 6.576289012279246116e-02 6.871268698980842471e-02
7.055535132024186307e-02 7.690852045487288347e-02 6.186572788686457020e-02 3.387672218438594202e-02 5.788677756268498231e-02 6.458933664571120392e-02 6.805167381053028874e-02 4.255790190092036129e-02 6.064432022212561807e-02 6.478355356616996574e-02
6.580000485492701334e-02 7.583245996685546164e-02 5.221080842427931745e-02 2.690775727020421407e-02 4.964550609223117306e-02 6.010977163104808119e-02 6.560379385891156045e-02 3.449156355625755677e-02 5.691516574739310247e-02 6.157793368243775350e-02
6.168205268469260233e-02 7.529358654085893665e-02 4.336022046532669871e-02 2.258487928271675493e-02 4.211213698767342362e-02 5.596180945032250970e-02 6.320531317157770945e-02 2.886157396959964511e-02 5.238010044371939344e-02 5.796596046222398518e-02
5.804231505635287780e-02 7.470857639628213087e-02 3.629448621383821183e-02 2.000149808036703197e-02 3.573072806406019097e-02 5.148156410373901787e-02 6.084736010363222397e-02 2.502384247704475193e-02 4.815863080412234598e-02 5.377474678830938826e-02
5.480878466046740921e-02 7.374535879520799364e-02 3.133024728506404039e-02 1.825529485363570903e-02 3.083307210182282404e-02 4.725471730029880829e-02 5.858685176538756118e-02 2.237468172071190031e-02 4.397156852888177425e-02 4.917602889228563784e-02
5.169269987656240767e-02 7.285609982779908678e-02 2.755109091831048351e-02 1.708148736904777434e-02 2.706122367952890420e-02 4.163607631887775856e-02 5.587357643311152006e-02 2.025615552093157010e-02 4.060126937241413658e-02 4.481414390913834866e-02
4.899538264160775008e-02 7.192933886410655953e-02 2.486599880786904970e-02 1.631138481971476997e-02 2.443800018429604162e-02 3.628681779855627565e-02 5.242434631542394752e-02 1.866020857815480286e-02 3.805897987176688757e-02 4.105921593927550767e-02
4.656572005217657351e-02 7.108098847009464150e-02 2.330915003056769491e-02 1.532969986727073484e-02 2.241867653712786151e-02 3.233613263779236413e-02 4.861808739664685158e-02 1.738797905326304807e-02 3.536422480726201384e-02 3.785213173620270016e-02
4.406726350828524263e-02 6.992904061751770151e-02 2.109538216007428649e-02 1.482524555461274714e-02 2.106601037839837126e-02 2.912059933946520643e-02 4.433723449540721145e-02 1.657221086612924513e-02 3.282193133435089283e-02 3.508813313875056711e-02
4.211266530758626253e-02 6.880437341318965117e-02 1.952624904819218882e-02 1.431339773109524538e-02 1.942439990646952289e-02 2.668090009724564601e-02 3.985332029727316899e-02 1.595263128016883095e-02 3.086473335940855683e-02 3.296205516878034786e-02
4.038399905083443764e-02 6.764807458829193154e-02 1.836932137889662336e-02 1.434435205885986955e-02 1.826322008227746971e-02 2.506128669951400434e-02 3.632396541781604538e-02 1.545229998233911030e-02 2.886253534760442954e-02 3.104276345649297289e-02
3.888739791473085766e-02 6.616721324851991548e-02 1.712169112058207349e-02 1.368889607930868883e-02 1.741395848315570663e-02 2.364928479902297237e-02 3.336787113086322337e-02 1.502032515352008310e-02 2.682209496545518226e-02 2.969488224857034717e-02
3.834025180474691374e-02 6.480106747554005564e-02 1.640708605417515176e-02 1.315069680067889636e-02 1.634997915773402088e-02 2.255460024876491248e-02 3.134108599874264184e-02 1.470091483967017436e-02 2.501365923487324991e-02 2.825799338337645419e-02
3.640318560799332692e-02 6.314361269768697937e-02 1.538300168239094094e-02 1.288743818788529519e-02 1.548995994417645336e-02 2.159001633559754635e-02 2.990927254982680972e-02 1.443005822882089187e-02 2.341925713890976105e-02 2.727681299623065797e-02
3.544449505337051581e-02 6.143762486297047604e-02 1.460506400058480744e-02 1.268677537099738989e-02 1.485450170811667553e-02 2.090142461455751777e-02 2.892419576132870124e-02 1.409838235002370752e-02 2.193797400687361870e-02 2.647362167867354371e-02
3.439355515537061841e-02 5.946853445649934178e-02 1.391488003864063683e-02 1.236814947703305731e-02 1.413891153865487992e-02 2.021330159088065986e-02 2.795523516557122876e-02 1.394027584650229558e-02 2.034607069038513877e-02 2.570909155961980178e-02
3.357673426607626910e-02 5.742337209393446468e-02 1.321066595752561773e-02 1.199008173810614357e-02 1.340950718943217414e-02 1.957262186738748314e-02 2.728689533425738417e-02 1.360981963540169523e-02 1.921299134610818943e-02 2.504841635798873978e-02
3.272753655251042088e-02 5.513682900199526338e-02 1.275819057693435704e-02 1.180865678890970390e-02 1.282090129395474336e-02 1.894811817347972008e-02 2.660435197716459060e-02 1.352560300068465955e-02 1.775171129871152415e-02 2.446852658082324800e-02
3.236405055087961113e-02 5.251785424941966818e-02 1.211638487642597434e-02 1.163265507989185397e-02 1.220594593318981638e-02 1.842378637109036779e-02 2.619843577068778004e-02 1.322504331768751921e-02 1.633129702382569298e-02 2.414618051108336633e-02
3.101111989507480265e-02 4.998131236011130879e-02 1.158877323521931638e-02 1.164759712784586843e-02 1.167671258574735568e-02 1.794264280541026449e-02 2.568735370947493324e-02 1.304828805349595583e-02 1.548491445411222592e-02 2.366405797131534289e-02
3.033574291228273781e-02 4.773849835593366869e-02 1.132277902422231496e-02 1.112902469375637131e-02 1.115222617147639157e-02 1.759427066526685068e-02 2.530258706124121834e-02 1.294163805688096879e-02 1.476764110630389600e-02 2.364964036374798267e-02
2.972553386254506505e-02 4.605298608803452820e-02 1.079582282491471125e-02 1.097154682019237451e-02 1.072046107670940503e-02 1.717292996997435081e-02 2.514513932372237914e-02 1.266739670559930732e-02 1.413426052021247992e-02 2.313919443658024253e-02
2.883910838965506734e-02 4.351556648320128312e-02 1.045935808046314502e-02 1.119967428177532157e-02 1.025206778825475673e-02 1.653695559708596996e-02 2.480275897129275570e-02 1.262192950925071500e-02 1.309163567322777118e-02 2.280442612452743614e-02
2.833389131840685984e-02 4.152683979274724574e-02 1.016361444859597944e-02 1.074583067683448218e-02 9.829232451017000036e-03 1.624595596414524570e-02 2.429596241026362943e-02 1.242714993699590119e-02 1.260107809498831923e-02 2.236701806671117024e-02
2.760633963074024186e-02 3.946016450920560720e-02 9.995910691068997378e-03 1.066850756110455239e-02 9.461047892301975570e-03 1.587142842573313270e-02 2.407189998642308287e-02 1.226313581699401377e-02 1.198172091409209494e-02 2.221452464279332489e-02
2.707404333740873192e-02 3.739111449342013421e-02 9.522250232850958465e-03 1.044296997950670651e-02 9.261834480222563143e-03 1.536150112172370019e-02 2.370252577120703086e-02 1.213022823639655669e-02 1.161969640068215640e-02 2.174934654357019159e-02
2.633981535750719652e-02 3.530338877970852496e-02 9.294226102665746614e-03 1.021757850210973373e-02 8.981046817658603493e-03 1.491920284317984485e-02 2.339261833487513501e-02 1.199326807700039875e-02 1.106386867888962608e-02 2.142891161319048984e-02
2.582287727097735963e-02 3.317748396892994389e-02 9.012501866430155939e-03 1.004449458755619570e-02 8.509882659455245482e-03 1.455329969152975057e-02 2.308274152471928575e-02 1.185663885843122461e-02 1.066541808868596251e-02 2.121063128121626618e-02
2.551073195558445361e-02 3.091260623202724683e-02 8.793673810326021675e-03 1.003623824850362334e-02 8.164076878688539610e-03 1.458985484394728811e-02 2.283350589215295615e-02 1.187386997730398470e-02 1.048072454038743995e-02 2.133847733956287240e-02
2.607574337347538102e-02 2.843515215917600397e-02 8.579325346575723474e-03 9.884552294281779075e-03 7.917733981228934625e-03 1.394373787418118002e-02 2.275466052775795486e-02 1.177590252907453720e-02 1.023686027811285607e-02 2.096156669121706714e-02
2.425782484008935647e-02 2.558182037546608695e-02 8.419455549226032010e-03 9.883876755515583895e-03 7.659840095802066158e-03 1.367002663718580070e-02 2.249479019718398157e-02 1.165606264047987922e-02 9.809396242250412179e-03 2.062522217917691150e-02
2.411963686493075534e-02 2.230035249418523685e-02 8.342450269564993109e-03 9.390835319745466370e-03 7.411747885762280143e-03 1.350849898172528166e-02 2.225642069784154395e-02 1.145452910283029958e-02 9.655458994237055975e-03 2.050487660646747867e-02
2.345818246806658999e-02 1.959122509500178105e-02 8.044899662346498281e-03 9.298147360291084823e-03 7.221770520948255639e-03 1.324851128378846249e-02 2.215794530720606795e-02 1.138855862287024671e-02 9.551350806324932288e-03 2.037967275175336587e-02
2.336322848644598743e-02 1.806672309747262353e-02 7.913460725557404721e-03 9.240918805036810527e-03 7.573135173240689091e-03 1.332653813359809675e-02 2.166450821767087337e-02 1.134094141551291249e-02 9.332483116463464665e-03 2.035004701237872957e-02
2.267781478731045741e-02 1.699413935273592219e-02 7.822963024609306398e-03 9.224885105129108920e-03 7.016278889197790844e-03 1.272685583533095938e-02 2.173616974137647720e-02 1.116336290575585012e-02 9.069768359209208139e-03 2.035013822509146308e-02
2.233231652816168936e-02 1.616929892119703394e-02 7.671227235678903557e-03 8.900092796031034564e-03 7.003202827641133617e-03 1.249860711002658172e-02 2.128325393993020509e-02 1.131776142552942156e-02 9.022853944500582729e-03 1.984093694752477738e-02
2.186317142083709156e-02 1.540517881714762415e-02 7.556865481937322798e-03 9.251213449714348544e-03 6.736613794883157362e-03 1.214521244032928243e-02 2.118711071899610082e-02 1.094906199237110321e-02 9.038858898348678741e-03 1.986347711885055878e-02
2.167816472992232374e-02 1.481387356418452546e-02 7.477979836552853081e-03 8.891087987148453900e-03 6.763304256062246424e-03 1.189985257842176083e-02 2.079928247034103575e-02 1.088505989045802057e-02 8.696516095763053358e-03 1.955604391549395013e-02
2.126636360772211562e-02 1.426187179088923319e-02 7.323323880311378986e-03 8.797268999411059567e-03 6.608926886054793115e-03 1.161021312829700960e-02 2.066349347197376021e-02 1.075272143428663771e-02 8.570817462770826539e-03 1.933798968481046168e-02
2.093205490071522665e-02 1.372192994566509040e-02 7.310564284179580340e-03 8.564006777933558592e-03 6.163057851530779480e-03 1.140025714659096030e-02 2.068350594297674316e-02 1.066226136116143856e-02 8.476849101098816661e-03 1.932689659266550314e-02
2.057399824679517070e-02 1.329057734905831484e-02 7.138454761636516682e-03 8.357189455680104004e-03 6.199801205450976120e-03 1.113257297138073136e-02 2.027032606204749732e-02 1.058354840821450378e-02 8.353922470771405970e-03 1.903833177873389196e-02
2.053367794181944900e-02 1.271209718948783200e-02 7.014162439914384435e-03 8.449925337402195216e-03 5.932193956182167834e-03 1.084823825501119408e-02 2.018037231424084713e-02 1.073191320984811896e-02 8.300948971932523013e-03 1.918433001966489415e-02
2.011726722373735621e-02 1.212994217784161069e-02 6.981273039887522618e-03 8.102983463567916059e-03 5.856729325623944230e-03 1.046848308770531415e-02 2.056066932956597190e-02 1.054703236790889044e-02 8.218697486490861986e-03 1.892115742452386493e-02
1.970755346074697448e-02 1.161177241966009771e-02 6.891324798929060816e-03 8.168837746115875653e-03 5.763439897888235526e-03 1.032120826368155761e-02 1.983376307126495999e-02 1.042648703547881944e-02 8.122648601900143983e-03 1.884244872265126644e-02
2.055461703005780419e-02 1.115572910540656854e-02 6.864251566014770677e-03 7.961374716255532544e-03 5.858444928626863751e-03 1.005262939282088909e-02 1.966411634333251057e-02 1.019197409401791619e-02 8.113367020039391822e-03 1.858495705743572896e-02
1.924852220734217176e-02 1.080056651397834355e-02 6.764254533941390160e-03 8.146965699901569796e-03 5.817932419502772415e-03 9.913566290294929112e-03 1.976687527390424623e-02 1.018917560513526305e-02 7.985184710386531923e-03 1.853164630895352827e-02
1.896678385472078121e-02 1.029461685830128023e-02 6.613713775047336436e-03 7.899059985889009261e-03 5.479768577442731964e-03 9.594356886039530005e-03 1.937446594332569924e-02 1.008234303090577849e-02 7.878686190380630727e-03 1.833377323951877400e-02
1.864279511470463835e-02 9.948673224479395033e-03 6.516767015308315945e-03 7.851476678181184415e-03 5.603412389894435637e-03 9.560547293610237654e-03 1.924702820596697547e-02 1.003089602776094727e-02 7.865728459814239418e-03 1.819281906639435772e-02
1.852010308819488499e-02 9.582596743943348414e-03 6.498717532210006309e-03 7.614925339107567366e-03 5.344600969707405218e-03 9.158012749673353006e-03 1.927581911639051487e-02 9.906691050555299985e-03 7.863060844423659310e-03 1.799924185633596657e-02
1.801963734869913361e-02 9.281083331960916089e-03 6.387688714029369358e-03 7.481051259878464081e-03 5.491466202158155202e-03 8.922692474019694453e-03 1.904466772110693581e-02 9.810524567818473818e-03 7.830206780901115618e-03 1.814965072229030724e-02
1.775673287630948061e-02 9.123588629110895507e-03 6.377646556076878824e-03 7.480800661948649663e-03 5.277412942806305671e-03 8.755651423620893284e-03 1.930195965729020191e-02 9.829671050739409097e-03 7.731393244332398530e-03 1.781922281301811725e-02
1.759788964029836145e-02 8.740756358964900039e-03 6.269195967999471354e-03 7.403028169802381223e-03 5.142256323077129716e-03 8.451473754961143225e-03 1.877720687779130607e-02 9.651112714838122608e-03 7.686059057066668525e-03 1.776489557469192182e-02
1.753419467786948224e-02 8.373554745884904255e-03 6.231890203761025759e-03 7.354330544566448427e-03 5.147197619944442193e-03 8.331204682543625825e-03 1.873764167536669592e-02 9.672822113521321874e-03 7.733307812086762448e-03 1.774718105746954031e-02
1.703071987065312570e-02 8.051478227567722412e-03 6.151286775767445675e-03 7.063036710245069322e-03 5.042894705484787798e-03 7.983033189107114139e-03 1.854796183276427243e-02 9.558832589177976985e-03 7.590799650817405680e-03 1.742270607884153014e-02
1.699078520050336868e-02 7.832099502055675164e-03 6.198141558260085622e-03 7.144341377676011358e-03 5.072130107425000534e-03 8.203782455463434070e-03 1.842767858661484640e-02 9.434378545941944638e-03 7.589484802432515907e-03 1.727725879742005033e-02
1.729495419186381777e-02 7.606111376754458829e-03 6.083641081307779828e-03 7.126758517805110819e-03 4.981189966409702713e-03 7.846933184923063354e-03 1.852317422822762766e-02 9.396154953805593846e-03 7.521871632712450427e-03 1.717560030535945220e-02
1.666628787126873262e-02 7.366618485825936029e-03 6.007932365812828496e-03 6.822270375816396303e-03 4.999066302315994213e-03 7.599797674970534475e-03 1.821546165351473762e-02 9.323641613079164392e-03 7.529235353522254447e-03 1.707558316068442592e-02
1.610190561099669737e-02 7.214556660545227464e-03 6.045126733893457782e-03 6.807014448379453478e-03 4.864049963162699400e-03 7.327849998889407815e-03 1.819717216458378167e-02 9.207688569223729247e-03 7.522368549041705092e-03 1.688113157904927095e-02
1.588516989654610925e-02 6.946218692866107901e-03 6.059770783111848719e-03 6.624343686551111519e-03 4.928745223308109852e-03 7.239052547608017252e-03 1.836491507242897503e-02 9.138401430796874725e-03 7.462992795631709711e-03 1.673588299573117166e-02
1.582074649852999171e-02 6.766485710925754064e-03 5.908226277771176649e-03 6.568542401662864558e-03 4.823802840185192550e-03 6.966926847270885417e-03 1.783711142190413240e-02 9.079446081785945769e-03 7.465735671723022944e-03 1.662193556649134082e-02
1.548580488068816013e-02 6.534359632190961040e-03 5.932537943633860167e-03 6.526195856667425625e-03 4.847270425228533686e-03 6.790611142108355681e-03 1.776812028460185433e-02 9.182594507319704127e-03 7.295726851874411063e-03 1.650238897436008892e-02
1.552714873533598758e-02 6.486298348998042855e-03 5.800246313478099602e-03 6.458333426031935554e-03 4.711437584504678776e-03 6.733075460813442784e-03 1.774251984406427160e-02 8.960989838135004909e-03 7.259507375016806784e-03 1.656119616191322960e-02
1.492870733493484661e-02 6.390650241273293335e-03 5.850356631095630748e-03 6.264688966823174499e-03 4.731965683757623740e-03 6.617982667334103460e-03 1.753543727442715902e-02 8.871832685324168577e-03 7.292648939932534248e-03 1.614808251364172054e-02
1.505551286055832952e-02 6.164841720670068657e-03 5.713940669557787504e-03 6.348684514197948381e-03 4.654343784889938655e-03 6.545605334674888844e-03 1.754217999106796183e-02 8.805250475779560423e-03 7.198222728739960517e-03 1.608223428088447621e-02
1.462476244993491520e-02 5.945259024358371704e-03 5.704948636319121143e-03 7.047768576078011077e-03 4.767313554192088507e-03 6.633360984023824701e-03 1.734885629830214965e-02 8.792737701627154068e-03 7.144221741950124681e-03 1.586633302107248733e-02
1.434057924607097349e-02 5.782003844766353193e-03 5.687283010796071077e-03 6.060165068426020228e-03 4.557847322565347116e-03 6.249496031048628296e-03 1.713939842620795101e-02 8.671403829750299122e-03 7.140526926185146277e-03 1.573721398976699049e-02
1.409276745074483465e-02 5.735033018116683125e-03 5.641345981411851826e-03 5.988089875837145255e-03 4.513844807182392470e-03 6.050374387134000061e-03 1.708601185556065868e-02 8.572542003157948565e-03 7.121602542906968827e-03 1.564151468681744192e-02
1.418640533891403488e-02 5.677301570805036966e-03 5.620637726486944763e-03 6.037604370194251356e-03 4.526926138255229874e-03 5.916033433247414736e-03 1.719475189396908743e-02 8.539861196744137628e-03 6.946063976215834448e-03 1.545876631645106206e-02
1.468918014920186053e-02 5.485512000902366403e-03 5.600900905758224302e-03 5.879335322402073211e-03 4.702780626943863299e-03 5.784859536674008020e-03 1.728130612268172911e-02 8.482127283865627948e-03 6.999050515456285010e-03 1.531554882449405117e-02
1.384291738823363246e-02 5.317996447244469072e-03 5.555545229666690454e-03 5.958841031973290646e-03 4.456640414473287716e-03 5.703806347282788965e-03 1.715577205906879468e-02 8.623896987871877001e-03 7.016398432155656825e-03 1.527846780268550531e-02
1.315118647172472052e-02 5.416803498885168835e-03 5.561670767092451520e-03 5.598225049471014167e-03 4.496488571800397703e-03 5.720085816488796465e-03 1.666985139957888329e-02 8.378878708792142360e-03 6.962203722659591164e-03 1.503457960495817661e-02
1.295324208257653091e-02 5.220803778102263600e-03 5.517175204644362251e-03 5.753158796494038663e-03 4.377856883082635944e-03 5.484691589827914680e-03 1.669138946844254956e-02 8.502933642020286606e-03 6.925981970018538908e-03 1.491973091076952314e-02
1.286027356734824843e-02 4.984623875871022937e-03 5.507946919390944128e-03 5.535353313417523506e-03 4.408903371386977202e-03 5.470484702502219874e-03 1.662933649134129901e-02 8.303925718005774823e-03 6.899464648156805255e-03 1.475703399445806724e-02
1.269298482615417376e-02 4.900345591396093083e-03 5.561361135588412802e-03 5.588816751406947003e-03 4.395654835145684086e-03 5.284974654526201909e-03 1.645386485368366056e-02 8.273776210690907476e-03 6.869142349404370844e-03 1.472636620486762228e-02
1.251722118416969190e-02 4.830165147593660363e-03 5.438634597668932057e-03 5.549668846157548331e-03 4.378410239715372666e-03 5.220439065861123308e-03 1.664091301789309349e-02 8.271872201469196786e-03 6.764243500948700569e-03 1.453826740962584942e-02
1.217068815684844985e-02 5.021751806632300530e-03 5.461346621103061079e-03 5.496755173681176082e-03 4.300133682318168366e-03 5.147426778067724917e-03 1.609898059934107215e-02 8.080726636129208218e-03 6.871082598477883281e-03 1.445933790409876206e-02
1.185453962751646315e-02 4.891004663560173833e-03 5.397588579927573883e-03 5.137309026304191090e-03 4.248907381327262853e-03 5.109116553398159247e-03 1.607045440915152307e-02 8.077867420302423801e-03 6.848173270940161733e-03 1.426719428429634902e-02
1.174560987633033703e-02 4.643114960655637773e-03 5.395894532670857981e-03 5.239878427931735083e-03 4.294826696142017147e-03 5.016515181621772346e-03 1.603035001563448206e-02 8.097355011791394774e-03 6.841649737244635994e-03 1.415008493796907942e-02
1.156764635921236038e-02 4.714353075556155202e-03 5.366510939708231051e-03 5.241854233598751238e-03 4.494073450153859839e-03 4.883835647900502779e-03 1.588249062270789130e-02 7.967870307526594628e-03 6.939154371286823664e-03 1.416120753274590152e-02
1.127385560475554875e-02 4.453885546674926990e-03 5.348146265663030439e-03 5.448081905042364420e-03 4.187285764269040207e-03 4.874442651738105856e-03 1.571397122128920590e-02 7.903231367969158760e-03 6.841433782339373902e-03 1.393376180677396124e-02
1.108588252080922217e-02 4.477856140493668459e-03 5.300981973097548469e-03 4.946654523274792402e-03 4.375513402645588024e-03 5.602764869387409814e-03 1.551071376825998230e-02 7.822190993233025039e-03 6.769093302520686785e-03 1.391669684540781937e-02
1.100848263612718043e-02 4.398477572115700764e-03 5.324381946969593445e-03 5.005280834601067916e-03 4.196517334018130298e-03 4.935919374475322696e-03 1.562897531828547071e-02 7.846437902629951194e-03 6.712930780785381427e-03 1.382283765868793507e-02
1.103518577043880768e-02 4.391338963197363721e-03 5.282645264667228981e-03 4.997301709129270929e-03 4.561913438540067013e-03 5.020671466791136982e-03 1.539180548256577352e-02 7.682481808919738170e-03 6.711265302318102956e-03 1.364418065598736046e-02
1.062667115926561878e-02 4.472881420934664461e-03 5.247045840447432663e-03 4.788995579073073230e-03 4.348114986554527453e-03 4.593938807095618304e-03 1.533706113767153122e-02 7.730802440307016701e-03 6.558803633425852771e-03 1.344031750515944229e-02
1.030883877046109842e-02 4.306951435471237030e-03 5.248501961273854821e-03 4.719879227532404117e-03 4.255141472992726194e-03 4.572656227282942062e-03 1.531004363150403197e-02 7.826820717459973334e-03 6.552711112627334668e-03 1.341677842284482239e-02
1.055710537824093229e-02 4.339653164085814988e-03 5.229738752880318253e-03 4.680433240008860345e-03 4.123414046467543080e-03 4.811837881132915995e-03 1.527201038322956866e-02 7.626248535247757976e-03 6.614956602452267721e-03 1.338547597747390128e-02
1.018669166475383477e-02 4.190093320695843782e-03 5.199274554413707908e-03 4.705226451768581598e-03 4.172485707782362316e-03 4.541049296669080054e-03 1.513344378886447711e-02 7.531915047240154634e-03 6.586025855316969720e-03 1.309260331824518495e-02
9.861368487072898203e-03 4.147006124730083856e-03 5.173842174984953288e-03 4.440481953757893438e-03 4.094972483608681421e-03 4.418433395571516771e-03 1.507261342721654199e-02 7.523671016379657184e-03 6.533417508277113671e-03 1.295551122889659380e-02
9.739062592072068175e-03 4.236110819478161940e-03 5.166484744102422741e-03 5.535620399343122583e-03 4.384433382563291022e-03 4.389825026981875045e-03 1.460876911281673053e-02 7.535761066574634022e-03 6.396682288614251310e-03 1.300630017444644182e-02
9.573180607421124394e-03 4.179548306336870744e-03 5.146622199446525270e-03 4.430536394738178452e-03 4.117703218006160334e-03 4.438388787837526696e-03 1.464337945802785847e-02 7.456806424367153248e-03 6.374993796174296436e-03 1.297923191930757184e-02
9.444487857041848622e-03 4.029147911581171075e-03 5.152683147671221521e-03 4.511470599669830349e-03 4.517783630928218566e-03 4.412902617656788359e-03 1.445829189773115489e-02 7.388079157457799057e-03 6.434152318648468129e-03 1.269577683263499110e-02
9.363609858828978588e-03 4.366834668903138601e-03 5.167824927241438694e-03 4.648857125147000564e-03 4.004127391318139037e-03 4.650662954151618678e-03 1.445183333959458756e-02 7.449692466091707710e-03 6.356847272261927084e-03 1.255203549658634454e-02
9.224225031475885225e-03 4.136027718763457192e-03 5.132973537050357186e-03 4.794500572196130905e-03 4.034689822872849878e-03 4.958049203380116531e-03 1.417397742340037285e-02 7.443960226473650930e-03 6.331874129674939546e-03 1.254271433864821358e-02
9.117151493400468473e-03 4.081932176586242078e-03 5.212389314275260761e-03 4.517128944822540980e-03 4.055373096071787815e-03 4.582343559397496213e-03 1.399924177256041923e-02 7.283906714407276974e-03 6.299959530166401173e-03 1.235848607679074750e-02
8.915978947513300210e-03 3.992269949805300928e-03 5.163162170674271377e-03 4.556330104013550306e-03 4.022196403086693815e-03 4.444780970752968199e-03 1.403520291550564014e-02 7.223853825889757323e-03 6.330759644535937682e-03 1.222608372510789257e-02
8.887234743107663010e-03 3.950401434377233054e-03 5.086892304106627877e-03 4.318937620153736646e-03 3.957472562616803045e-03 4.583534288132164181e-03 1.375349245452986771e-02 7.126481680009226494e-03 6.209749524466363219e-03 1.221069390605847640e-02
8.678700490236487819e-03 4.135909710901134947e-03 5.131010764534863454e-03 4.270513628056357876e-03 4.066843961597741211e-03 4.324210704648783106e-03 1.360808959155811702e-02 7.223107068942135299e-03 6.174499750851763537e-03 1.208022315240888170e-02
8.637547509318615688e-03 3.992337635354721408e-03 5.081816757850569043e-03 4.117556214154722248e-03 3.931431275784499392e-03 4.156387575916515968e-03 1.348917804269842043e-02 7.192135747268249557e-03 6.239451660937714306e-03 1.197427007202000841e-02
8.502993918740448659e-03 4.062435885935304809e-03 5.042196919851373547e-03 4.164468658368273256e-03 4.006969112927818120e-03 4.192210306321048421e-03 1.349733082090028013e-02 7.135933885404916605e-03 6.183483628892016623e-03 1.188666399866348394e-02
8.325986153231884276e-03 4.010472376264049600e-03 5.047569051777284731e-03 3.985252158123339834e-03 3.886210573910705603e-03 4.147334147035316998e-03 1.347328783166143115e-02 7.173650739887741518e-03 6.157704998644941002e-03 1.175567117391180909e-02
8.252638250346219090e-03 3.919137978658123779e-03 5.045910795572725559e-03 4.214011549288711016e-03 3.898054894239498611e-03 4.570309582175424885e-03 1.313404315821354272e-02 6.996260258216312720e-03 6.204087178774114059e-03 1.165517348640038135e-02
8.177185944846714766e-03 3.808879459649025263e-03 5.057684781428064408e-03 4.081511080255928979e-03 3.911890301839265720e-03 4.284995656446671970e-03 1.324052125342703098e-02 7.049296269315307936e-03 6.130673021122277216e-03 1.156276110525927131e-02
8.089174478105342833e-03 3.873046563538545470e-03 5.040552160589368419e-03 4.833205260431859378e-03 4.218338343345265709e-03 4.835969014763731762e-03 1.288455515187359596e-02 6.899511989924264621e-03 6.076042508744910163e-03 1.152110513648602237e-02
8.008884857557452969e-03 3.874096067443624520e-03 5.076846987646534311e-03 3.977463444095228999e-03 4.014583631279808329e-03 4.331828639356018022e-03 1.265961190161519166e-02 6.892261104832240332e-03 5.992874077263139060e-03 1.141774264955050522e-02
7.933090190333729960e-03 3.837620044359026355e-03 5.001518489004606709e-03 4.267749411319321853e-03 3.982374593237717961e-03 4.070687681711383440e-03 1.263251480145166118e-02 6.844613952251087270e-03 6.004286292225653569e-03 1.136600351322620758e-02
7.861635154991025720e-03 3.795180026627666646e-03 4.984194615119258431e-03 4.024160510015334369e-03 3.954551720263383384e-03 4.201402107727105796e-03 1.244576412607448050e-02 6.941812970070366379e-03 5.971370089581868983e-03 1.131045923472040124e-02
7.735200324945381602e-03 3.798503024091687361e-03 4.996508424561737528e-03 3.831192633694366703e-03 3.788838741592729601e-03 4.119190046265105466e-03 1.227696333160043299e-02 6.818029687597352076e-03 5.955656489552335446e-03 1.119779788842944004e-02
7.674316907640424228e-03 3.757328739218810179e-03 4.971173394034086347e-03 3.996959367901033872e-03 3.836071936012323130e-03 3.989564913991234391e-03 1.214145757925768655e-02 6.901801727306960260e-03 6.222801244118767762e-03 1.110047243005614012e-02
7.572287554459303585e-03 3.698322272973348333e-03 4.969580271789513122e-03 3.646822781078259447e-03 3.854717367269565580e-03 4.194953800339916265e-03 1.201220775694182910e-02 6.740487278606358337e-03 6.055397065046020343e-03 1.120596310044764433e-02
7.510534650251326008e-03 4.166398955995224800e-03 4.952950978044452952e-03 4.063109995342688123e-03 3.849880399885538713e-03 5.311915942461482507e-03 1.192725179634537315e-02 6.648815440747391468e-03 5.877978995690408444e-03 1.091687355923844777e-02
7.455861756227390863e-03 3.746455324635683450e-03 4.947361970537363096e-03 3.612740518014758827e-03 3.840018555946985660e-03 4.498896311570646511e-03 1.171911468250823145e-02 6.686325052198073028e-03 5.836720371704347092e-03 1.089500598672219628e-02
7.372644216322190441e-03 3.698072771844358557e-03 4.932113732778470837e-03 4.400275703525332975e-03 3.838218028320438020e-03 3.964674981194153333e-03 1.155882337997410012e-02 6.616260245197504337e-03 6.052163890263743094e-03 1.074789297953920170e-02
7.451039232734719964e-03 3.725059083720064484e-03 4.906883836729832027e-03 3.878711953504497111e-03 3.759907002837516513e-03 4.778090889788530644e-03 1.148482183619066628e-02 6.553065260263680677e-03 6.080004229714958824e-03 1.081582065470186246e-02
7.269364907849808731e-03 3.735623737058112875e-03 4.950993603163015948e-03 3.636904367240612317e-03 4.061457469392085184e-03 4.848197378488298265e-03 1.127546108051695646e-02 6.572776366067562340e-03 5.910329948319300447e-03 1.058142768510831472e-02
7.214443802132324175e-03 3.712648212386667965e-03 4.888534204190712884e-03 4.179413131622025657e-03 3.895328957458602404e-03 3.935245383581023257e-03 1.117006157811240019e-02 6.453451000523707619e-03 5.844822369089598679e-03 1.053901976813384316e-02
7.171173877525281910e-03 3.583649563875213832e-03 4.888083078794795006e-03 4.010593366461087834e-03 3.848422757952205120e-03 3.995266298277119071e-03 1.100830641736676163e-02 6.534833580952732410e-03 5.837148009598406607e-03 1.050028855608648934e-02
7.074946600658131232e-03 3.562768215759851836e-03 4.896878532925473190e-03 3.706428999984662676e-03 3.891703922043507780e-03 4.205060171518970949e-03 1.086573852264148370e-02 6.566860640239618151e-03 5.745969200866797230e-03 1.039768072942680137e-02
7.088468369908555722e-03 3.582486553853284159e-03 4.895347418359828964e-03 3.423477971494302829e-03 3.753211039368556379e-03 5.351971609126851027e-03 1.073649527320677012e-02 6.555366589887127830e-03 5.863030825200065375e-03 1.033044235641456324e-02
7.007844853563144696e-03 3.515256231037708519e-03 4.888939417689003308e-03 3.556451585282125252e-03 3.849961403987536834e-03 4.029637344951929843e-03 1.062216456453175806e-02 6.456518051096019409e-03 5.652989758098274885e-03 1.029862123173013594e-02
6.947539553906477948e-03 3.512045218659037588e-03 4.910064197236339682e-03 3.571059447548929032e-03 3.707725250357373544e-03 4.316667760893381015e-03 1.047105063400388496e-02 6.362457333673111025e-03 5.682187556398518406e-03 1.017413542004438898e-02
6.918456592639099165e-03 3.552435463774040927e-03 4.891419989407588126e-03 3.997367597133347911e-03 3.802011457142852758e-03 3.839347546426761810e-03 1.039901210399958240e-02 6.370659896525688627e-03 5.724103699550641723e-03 1.018361775358432759e-02
6.871812694457444387e-03 3.530585497850106773e-03 4.892869497423735226e-03 3.685894565268401420e-03 3.748879759319968981e-03 4.476845508500478833e-03 1.030253549578868076e-02 6.298846467877034297e-03 5.636899871870106396e-03 1.013820652158882625e-02
6.857879429006725862e-03 3.476596129093090584e-03 4.854201122104524237e-03 3.886131672824197966e-03 3.779555281543327695e-03 4.199073284621935610e-03 1.033197620248873377e-02 6.262843716614174827e-03 5.662909015987521895e-03 1.000015807093956356e-02
6.783303211666276596e-03 3.509117908135625259e-03 4.848595533600818727e-03 3.444406475980938808e-03 3.719550467003780118e-03 4.381189766457986232e-03 1.000951931341493087e-02 6.219803981345320421e-03 5.596514548061731764e-03 9.977524104241578679e-03
6.709480829227325999e-03 3.494129166958032801e-03 4.890049873845657771e-03 3.487419412260549766e-03 3.781584413990786257e-03 3.754684443219909011e-03 9.909899674837173780e-03 6.284627100917868775e-03 5.648881414428963063e-03 9.838221928928660848e-03
6.679887880460123883e-03 3.522437865475638429e-03 4.834367708257358148e-03 3.319832369125174862e-03 3.662439569314998328e-03 4.060168982433529777e-03 9.777224801289440340e-03 6.147449123244418286e-03 5.484379425965150469e-03 9.769355984099165405e-03
6.681008865282836266e-03 3.451865911603982547e-03 4.876205426264454933e-03 3.313114339300703669e-03 3.708381358523227776e-03 3.831590610337726275e-03 9.728398969092421841e-03 6.112491200293251881e-03 5.512502343210047041e-03 9.706795036134386115e-03
6.664009886940418063e-03 3.444846728226846552e-03 4.854283391920017308e-03 3.287721067639833364e-03 3.682510157409859403e-03 3.815780985001909851e-03 9.585489726951158113e-03 6.158923213986808483e-03 5.600529754369862508e-03 9.654212530030792383e-03
6.585598556420694041e-03 3.613974945140102733e-03 4.806563556194144368e-03 5.319009090244949944e-03 3.872185857950576678e-03 3.777834069634601784e-03 9.441685082079003324e-03 6.329211003456466401e-03 5.567946123930368404e-03 9.581231874292743186e-03
6.552585338444033743e-03 3.564420870034336244e-03 4.812331264662017549e-03 3.478392246891645872e-03 3.663651880127087503e-03 3.814183837981977715e-03 9.362208095486672724e-03 6.033879778505848133e-03 5.472075768003892109e-03 9.511395618371394634e-03
6.534498262207396983e-03 3.448248982931156718e-03 4.847201299418188794e-03 4.360689120827817428e-03 3.891886156969034342e-03 3.603688938995069490e-03 9.244041799251577832e-03 6.088322775646619160e-03 5.475706867360997585e-03 9.501802283000319524e-03
6.500596418237004036e-03 3.531515467620378445e-03 4.821146144555197785e-03 3.956089684548544025e-03 3.713804595839825633e-03 3.797265466800846430e-03 9.253464373749570662e-03 5.991542410403394303e-03 5.429942994421903431e-03 9.409589309614562608e-03
6.464007862082184197e-03 3.632702746126965573e-03 4.811196144834464956e-03 3.424622546026245481e-03 3.636597544092289979e-03 3.775048552182367137e-03 9.053706511574475396e-03 6.047537047843307839e-03 5.422463613817323121e-03 9.355934057344354737e-03
6.460206577865768712e-03 3.702465175178385956e-03 4.812428955511258329e-03 3.648394355801015936e-03 3.697663457612491208e-03 3.823350284734654790e-03 8.938208161229813792e-03 5.970089504150170867e-03 5.354486416532733099e-03 9.432683956695159591e-03
6.452386481422215520e-03 3.393005971146011851e-03 4.781502723192415649e-03 4.476629026887217477e-03 3.621610372121247378e-03 3.765697186414506802e-03 8.892199248168848255e-03 5.936675890827398591e-03 5.414463427750223698e-03 9.406894727402756798e-03
6.391518221943290681e-03 3.366330648953408215e-03 4.791546436600681649e-03 3.170813074299005073e-03 3.617317561692467813e-03 3.862972987091418692e-03 8.763411988608721392e-03 5.900224805495278037e-03 5.555890279669245188e-03 9.141281368908096144e-03
6.372928570893904993e-03 3.395885071914467833e-03 4.778075604751554073e-03 3.973011749926278445e-03 3.797295085367176012e-03 3.750155514488548794e-03 8.873228422551398750e-03 5.901722486740757813e-03 5.377657037633640225e-03 9.166297108986773065e-03
6.347624027495942650e-03 3.378897766465129709e-03 4.763712536534701024e-03 3.811765875230731151e-03 3.604321757404167336e-03 8.020848686538763900e-03 8.596100025444194243e-03 6.006224186802936946e-03 5.368477331106515441e-03 9.198275829285470703e-03
6.359447082268757621e-03 3.284442210885531958e-03 4.781784949791460619e-03 3.169344236970720111e-03 3.691703770600494611e-03 3.645997252294544844e-03 8.509645718237895951e-03 5.808693709872276602e-03 5.320257862078099989e-03 9.050652317195541710e-03
6.290507416603925706e-03 3.415691608584814701e-03 4.775215321322884288e-03 4.116645079567785026e-03 3.605541262940928880e-03 3.634835582419458470e-03 8.467807227759777122e-03 5.780975491792555293e-03 5.297226934997285690e-03 8.956800349588683527e-03
6.270191475916920068e-03 3.339621670677700525e-03 4.771985125208857460e-03 3.391768583274741306e-03 3.627654569056553303e-03 5.545243367495345833e-03 8.360459807549215638e-03 5.915909002179507020e-03 5.228151449713194093e-03 8.901538138043490339e-03
6.242844090661572864e-03 3.414831362669025136e-03 4.739320658080667208e-03 3.907001207535332026e-03 3.787561464219588604e-03 3.866792649061492025e-03 8.279311311642376103e-03 5.814263695127229285e-03 5.248261593996815869e-03 8.955982089190288320e-03
6.238539780334124117e-03 3.263968138892333302e-03 4.748825272830843776e-03 3.873280669289391482e-03 3.629368729964914473e-03 3.595659689675413748e-03 8.224055670045337871e-03 5.808056565434566165e-03 5.216718657320194331e-03 8.748529926567733678e-03
6.198786011235415776e-03 3.396932969238188049e-03 4.789763231247688366e-03 3.783287787257354120e-03 3.592007813064450761e-03 3.598260694863965672e-03 8.155903079521844776e-03 5.685543619906145880e-03 5.221920324457220326e-03 8.692518367498182699e-03
6.200697627804889478e-03 3.356943815231076909e-03 4.752755462074639836e-03 3.129767204780617255e-03 3.604901793906989827e-03 3.651867097883394579e-03 8.070592565848693986e-03 5.698319780239125346e-03 5.136896356142441229e-03 8.711193899865257717e-03
6.195084713472643820e-03 3.341100666861879145e-03 4.736142364314015196e-03 3.737385601425274786e-03 3.641966790829201991e-03 4.277026418252422892e-03 7.995263436896764275e-03 5.753111621512219283e-03 5.229987478567732495e-03 8.569257517502638227e-03
6.148771458029952432e-03 3.320490919341922195e-03 4.720988470721434668e-03 3.232530447528466494e-03 3.609728347005202332e-03 5.461335079136738282e-03 7.955419272551668766e-03 5.745021713087942322e-03 5.153491754558133485e-03 8.532648672962916611e-03
6.131679864513627475e-03 3.630036545742092256e-03 4.729365570559232804e-03 3.539259694346266576e-03 3.534967456428349079e-03 4.470702599468092363e-03 7.859216351108389356e-03 5.646392643897028656e-03 5.095196187168661399e-03 8.499493416318459199e-03
6.165133542498751375e-03 3.263497384089299614e-03 4.735742155657429037e-03 3.188722690756257052e-03 3.608734580723648149e-03 3.852823374111520420e-03 7.784336224768961462e-03 5.604200669744698222e-03 5.118969373828526417e-03 8.388361407904987993e-03
6.133762895971010994e-03 3.407885270289562254e-03 4.716127718950626976e-03 4.613085625996383478e-03 3.520778634922628811e-03 3.821536536048959938e-03 7.787572579640579876e-03 5.600977421098126893e-03 5.089870999451193492e-03 8.351241190427339395e-03
6.099944894044030154e-03 3.278311340473666520e-03 4.725816098537341352e-03 3.459530957849415826e-03 3.562091903836842044e-03 3.768092000732469870e-03 7.693254177778883693e-03 5.584921207029671687e-03 5.044049702488552674e-03 8.279768026844783191e-03
6.060612314828419354e-03 3.222510305634498657e-03 4.774805735606354497e-03 3.116163127707256147e-03 3.629728240675096206e-03 4.428217508191458450e-03 7.658903885148112684e-03 5.548840370542124090e-03 5.058383139059628025e-03 8.262342630339127025e-03
6.214306626364584502e-03 3.238497446795838945e-03 4.705524732199244803e-03 4.043962068676093362e-03 3.650646672773888695e-03 3.889135813967082266e-03 7.635307035463508030e-03 5.528019229444305904e-03 5.014866505935521544e-03 8.180152320963338802e-03
6.036400860772444567e-03 3.496951764028301442e-03 4.686737422414983048e-03 3.099387296578921466e-03 3.607690393512718273e-03 3.696304794396236375e-03 7.508768504479572566e-03 5.532021884359736297e-03 5.012658943840022328e-03 8.227003499370715012e-03
6.008695973949956803e-03 3.345711350781137121e-03 4.786922591091450838e-03 5.183551047636770180e-03 3.557769278871951695e-03 3.747421560420824676e-03 7.458783343817602940e-03 5.563433018869606839e-03 5.035169586971082779e-03 8.268876205086610545e-03
6.019125751648536984e-03 3.293554489510321353e-03 4.688155144616733792e-03 3.269517343372012243e-03 3.600876564504372750e-03 3.822924668886710890e-03 7.378804061592807335e-03 5.480868923922957089e-03 5.145208244238845367e-03 8.224368180387702301e-03
6.006021602186832793e-03 3.404761059484514608e-03 4.699524656574969803e-03 3.416616345930940934e-03 3.608698583728381631e-03 3.818320592918643484e-03 7.375911366446876068e-03 5.490932083424890711e-03 5.199582341453418827e-03 8.033649428814019361e-03
5.985879076478403844e-03 3.232203665998907398e-03 4.699675961421220793e-03 2.963051489981342792e-03 3.593152905592676433e-03 3.873443360399578088e-03 7.325705735941189997e-03 5.431518122446033110e-03 5.008748775243976152e-03 8.028610955630722384e-03
5.972126386425194271e-03 3.146583781069492609e-03 4.682048660722415434e-03 3.320683281730204758e-03 3.556470308394716392e-03 3.538902130027837042e-03 7.259552577383851513e-03 5.534911649396074239e-03 4.996157761992201310e-03 7.893076867729068025e-03
5.971935860344381938e-03 3.161998264003965456e-03 4.697012237716384313e-03 3.226413485953971531e-03 3.529017439897199574e-03 3.604250146221405025e-03 7.265909068534411736e-03 5.410871016110881983e-03 5.024410055345724518e-03 7.831367532171066431e-03
5.962926501429184969e-03 3.263955565436528136e-03 4.689328415730240583e-03 3.872087211054977933e-03 3.515498382852535846e-03 4.398486237934338960e-03 7.132202969230037187e-03 5.399288061444192967e-03 4.987546471699050299e-03 7.834063628376125923e-03
5.933149068307607375e-03 3.118279540277961101e-03 4.683547869814386026e-03 3.178952314960506106e-03 3.596058028451812154e-03 4.268602397675371612e-03 7.123107641351864028e-03 5.477336813252368410e-03 4.847493609243916195e-03 7.715320734515669979e-03
6.005043389328884942e-03 3.110766632056473618e-03 4.723762055219185400e-03 3.664123542040627693e-03 3.533009762712140123e-03 3.737058728406689265e-03 7.032377902681156631e-03 5.353962851733030763e-03 4.779278617650256980e-03 7.734500651978214528e-03
5.909245664846443126e-03 3.215435596313642556e-03 4.688998891161140319e-03 3.853830152101732180e-03 3.583541031078712070e-03 3.728724974610695634e-03 6.997029307692317901e-03 5.360612150064623764e-03 4.945913520301760576e-03 7.643550122913569771e-03
5.969024910606672389e-03 3.139968369466176329e-03 4.673117089739171892e-03 3.022528302179472871e-03 3.544742145736823682e-03 3.554615119088226378e-03 6.962994333278444900e-03 5.325306265606390317e-03 4.878149301445201293e-03 7.587363553547776807e-03
5.898672541450463228e-03 3.185353484085706559e-03 4.663931511317056036e-03 3.597648829743400022e-03 3.526289253652635080e-03 3.404127006862350379e-03 6.963534061782314030e-03 5.344666595495037482e-03 4.874634411997956669e-03 7.525215067105192092e-03
5.873291418803865821e-03 3.135621972417167516e-03 4.671573669518639359e-03 3.432097706216825743e-03 3.576602147906431366e-03 3.770968124604807351e-03 6.899821656924779757e-03 5.307832448227564615e-03 4.757328404019892966e-03 7.485499833928333999e-03
5.927164365691711678e-03 3.084031557947755370e-03 4.678586390673247428e-03 3.295310335523372620e-03 3.767666648518480915e-03 3.417905698338421540e-03 6.821491064220414416e-03 5.266251355643992126e-03 4.711907226288470155e-03 7.402000131900884905e-03
5.857741097651972088e-03 3.241212937782019399e-03 4.663861003907794275e-03 3.181301405606783497e-03 3.587624977726412614e-03 3.435489184597132189e-03 6.780249152579263805e-03 5.267006257890382084e-03 4.778391771303330121e-03 7.370871908333995887e-03
5.851210339753808339e-03 3.074767275875224960e-03 4.643939350004944004e-03 3.963397682185331242e-03 3.488230016219763096e-03 3.646717177743238805e-03 6.889317732919995364e-03 5.328393561825133136e-03 4.715403417685503328e-03 7.327879523251651893e-03
5.864293960710646909e-03 3.490778708107863514e-03 4.653594237254090986e-03 2.944627812449319634e-03 3.546486239787449615e-03 5.026707013030914939e-03 6.717132562841906553e-03 5.253629876184817520e-03 4.692259847694333838e-03 7.318489642712778902e-03
5.811210124587065304e-03 3.042572227814932181e-03 4.659488992089219628e-03 3.743974997342101440e-03 3.531552120890128939e-03 3.745407480724098626e-03 6.656460758091096303e-03 5.240968666594013857e-03 4.632022866277107735e-03 7.289054006494188540e-03
5.849110333408734895e-03 3.270322408000332290e-03 4.664989300945593560e-03 3.246630373484089057e-03 3.540785711878601926e-03 3.598944929013873830e-03 6.671119470941666400e-03 5.297824978202727610e-03 4.615580079257476653e-03 7.194969398361288244e-03
5.836471621431050041e-03 3.081497233867394950e-03 4.638567804761607738e-03 3.447391311520522656e-03 3.504883381451677406e-03 4.062184540244733431e-03 6.579232154000021898e-03 5.262540254195667566e-03 4.790649276145972531e-03 7.378587748479516900e-03
5.821152152770472064e-03 3.100917068098516319e-03 4.639108571775572495e-03 3.674783072474406727e-03 3.542755215448089353e-03 3.619072984990001976e-03 6.640393659272554594e-03 5.229470176307925676e-03 4.615346803574595091e-03 7.164649205444142098e-03
5.871142112612086524e-03 3.090463892712234754e-03 4.630884882721039535e-03 3.212638660015031643e-03 3.493201069333560192e-03 4.211003418800922382e-03 6.638776285318700836e-03 5.220755390836565903e-03 4.541289523853540844e-03 7.160562120043045473e-03
5.791958839692148107e-03 3.096684351827544250e-03 4.626333253526055886e-03 2.929706452648146199e-03 3.522385975993812517e-03 3.535250151604015564e-03 6.473889095995694065e-03 5.160101822662290123e-03 4.543025367055600339e-03 7.093349442934723283e-03
6.035288171370947578e-03 3.049349992209421639e-03 4.625965036350327374e-03 4.016036782104271709e-03 3.460298968366704205e-03 3.840304793951803287e-03 6.435673580402776449e-03 5.166997145913132701e-03 4.655775744235430245e-03 7.052693123006845664e-03
5.815055580527002735e-03 3.034460170105406866e-03 4.619110955548657617e-03 4.963492267655718673e-03 3.477337054178581809e-03 3.396705483894112577e-03 6.409092899554917448e-03 5.192652414475201414e-03 4.644091937728745713e-03 7.005815464720516715e-03
5.749723170506160393e-03 3.228522011889396314e-03 4.636022623580805975e-03 3.549519641240587216e-03 3.469474636351026296e-03 4.098658885326977343e-03 6.364767591372260530e-03 5.157228027225603528e-03 4.510280405264533929e-03 6.967785243205416520e-03
5.778848695339547717e-03 3.037081702980085670e-03 4.612963893059503391e-03 2.919216667112445665e-03 3.534446241641941815e-03 4.443329719930481751e-03 6.393049108191571628e-03 5.119227688668791763e-03 4.708876365540811022e-03 6.941375198695675861e-03
5.737823689994621737e-03 3.131275076248698098e-03 4.621135142856025793e-03 2.845261684937987375e-03 3.459363730356993221e-03 3.444730893382580601e-03 6.388779732526255611e-03 5.101516888759363363e-03 4.528445810588054010e-03 6.892193507473893220e-03
5.826865481057662104e-03 3.031496190243072007e-03 4.686499498286080152e-03 3.774809871358282467e-03 3.536435308734054914e-03 5.774168453612509196e-03 6.284765803840834490e-03 5.094418948636601427e-03 4.529722353490113831e-03 6.939760237604711626e-03
5.742995859852250036e-03 3.027767213099862628e-03 4.630085972993975250e-03 3.710160210323050749e-03 3.501520236607851087e-03 3.367322246351155905e-03 6.232955550031877776e-03 5.080559514756347039e-03 4.789256906364808275e-03 6.782032153968642861e-03
5.720282745337771681e-03 3.038508598085319645e-03 4.620334236901935815e-03 2.990529865313021340e-03 3.447547464931361664e-03 3.542661851976917301e-03 6.229845854435205228e-03 5.064030384642525910e-03 4.389874419289029918e-03 6.771510498469923874e-03
5.750128752342063831e-03 3.093923097378676462e-03 4.605962267945859848e-03 2.930290281267501802e-03 3.528009677086599814e-03 3.298070941506272852e-03 6.163377504801689430e-03 5.094415815644982685e-03 4.356050782055654810e-03 6.728081768927654527e-03
5.732273398572891240e-03 3.030141709117527369e-03 4.599455131019814479e-03 5.652705381450657575e-03 3.540773178050948215e-03 3.523506256214856223e-03 6.231207471518218459e-03 5.124677550287404411e-03 4.439645941872780166e-03 6.684781470255050928e-03
5.764157134676569164e-03 2.955556631381572267e-03 4.610862589411344678e-03 2.947390113950766177e-03 3.432161991597272154e-03 3.353373516005165884e-03 6.113659510752784271e-03 5.022408300477521244e-03 4.341288896666710938e-03 6.636618938996296894e-03
5.695669965871000794e-03 3.065114438400377492e-03 4.617910692800616598e-03 3.233860384292843934e-03 3.515597992991472982e-03 4.130238107074172063e-03 6.115281248366982551e-03 5.035634311109338582e-03 4.335892024278954759e-03 6.625806939760467938e-03
5.712295615290272771e-03 3.080039550502928093e-03 4.600262230649188044e-03 3.707249534439884409e-03 3.465130342528507587e-03 3.496825180874717828e-03 6.107086023009272724e-03 4.988299623783038969e-03 4.332484298556154786e-03 6.708705522360617138e-03
5.710436152141987534e-03 3.539092593389848735e-03 4.606149267524853319e-03 3.133246224739026555e-03 3.456445327800843157e-03 3.897114399166604418e-03 6.028016117137035938e-03 5.007618936464563152e-03 4.566044344510034221e-03 6.630066781277483244e-03
5.700226938268289530e-03 2.971566330569709764e-03 4.589867301540009187e-03 3.403888915363069076e-03 3.521932303071015520e-03 3.280792031070501897e-03 6.120910235862461746e-03 5.007111916712937184e-03 4.509209887997190670e-03 6.549897694076339642e-03
5.661952672590947824e-03 3.130791292451248937e-03 4.592649676423425815e-03 2.985088197312424536e-03 3.471634276351314580e-03 3.396230980473835016e-03 6.081627126779473244e-03 5.045975267136901428e-03 4.306420564327102449e-03 6.506658835603158081e-03
5.666270483819396166e-03 2.954517244458627206e-03 4.593789335506211387e-03 3.110755599599390742e-03 3.452859759000781459e-03 3.596028676597527382e-03 6.033629337163186682e-03 4.995395845948172320e-03 4.372163030387208466e-03 6.511441477775919279e-03
5.658586062212539979e-03 2.986354444859819213e-03 4.602934765341364434e-03 3.886549085777824073e-03 3.451821604506022812e-03 3.286811595567839996e-03 5.927795564649290458e-03 4.964325615219034038e-03 4.240024030824940914e-03 6.549204424738989082e-03
5.767396727400730949e-03 2.990736289932185380e-03 4.604245426898047160e-03 3.084593241952274245e-03 3.436285249380886028e-03 3.445644316066553015e-03 5.908806430658426409e-03 4.955215993358794320e-03 4.253152954671047571e-03 6.359982957615032545e-03
5.692424688817152370e-03 2.972100043113600019e-03 4.584916449036406660e-03 3.138076280612579674e-03 3.678550057729924622e-03 4.563625636776694715e-03 6.032787725638012744e-03 4.932364566675236095e-03 4.322509344351831324e-03 6.399401429970885159e-03
5.682965304476941815e-03 3.044737807734864288e-03 4.564793390614085497e-03 3.142077297285745131e-03 3.616114500840179793e-03 3.318667286284881189e-03 5.917598530619661533e-03 4.907129443726830111e-03 4.315813839636064610e-03 6.337354960871945282e-03
5.798764596618172923e-03 3.087495797420409648e-03 4.593828066243889167e-03 3.462124700476777728e-03 3.403573766372810280e-03 5.125502487377402855e-03 5.857200385368521722e-03 4.884445057182787431e-03 4.211989455678917527e-03 6.314891561143808930e-03
5.672948618912068870e-03 3.033036206859639899e-03 4.599803301139666553e-03 2.888793776806146494e-03 3.643597159582436396e-03 3.471247916606787220e-03 5.983349436059773145e-03 4.880944011368411328e-03 4.281941715084275693e-03 6.272381045947501496e-03
5.694915325215667810e-03 2.991659342683395794e-03 4.607799359675435365e-03 3.201380020629581141e-03 3.449351779607153813e-03 3.403979465594423378e-03 5.806205117856956012e-03 4.874203197436422809e-03 4.189836328105477417e-03 6.279169728967306033e-03
5.697713908682009061e-03 2.995019901285050738e-03 4.605959766377179347e-03 2.843308197851206892e-03 3.528484520597346182e-03 3.678337337766845582e-03 5.787250154459826733e-03 4.886350714977091662e-03 4.259209006554376745e-03 6.216281006923438969e-03
5.657408449002780323e-03 2.935964332690456889e-03 4.605008388698072705e-03 2.806951895898300662e-03 3.475812428452796678e-03 4.986797757001769707e-03 5.693440068084845186e-03 4.844808268629673988e-03 4.135621891071648674e-03 6.238745447015707837e-03
5.755300047416898185e-03 2.943203808499372624e-03 4.557019568817501608e-03 4.489225109081947801e-03 3.470424361663912091e-03 3.439207330244878867e-03 5.755724891778259134e-03 4.884158737061930142e-03 4.190339228211404157e-03 6.149536054552345865e-03
5.753620332789272790e-03 2.987460567819370024e-03 4.563789318673926176e-03 3.108506545334138987e-03 3.373327758518702892e-03 3.369105750188904763e-03 5.769848518610169730e-03 4.825905872889412786e-03 4.043389873485042640e-03 6.472334671668549498e-03
5.628782452713884318e-03 2.947331835315031203e-03 4.597262739343911143e-03 3.009758989641104707e-03 3.478143895602877397e-03 3.271249978255226770e-03 5.648079668412539153e-03 4.785916568184350565e-03 4.503390361223410902e-03 6.096159042003428813e-03
5.678221636282423240e-03 2.974868654410630590e-03 4.572409932247539083e-03 2.858452641963397847e-03 3.508316312661918963e-03 3.352982103176866801e-03 5.757396730030762098e-03 4.782296322408241714e-03 4.101775473301521452e-03 6.054607287793376848e-03
5.588056114748259605e-03 3.021086329027371405e-03 4.579531818840278969e-03 3.304561600409972738e-03 3.412304567877106568e-03 3.438019832641728193e-03 5.663703012604689828e-03 4.768305621365907104e-03 4.124363400578549312e-03 6.041405929029713961e-03
5.590272896501537365e-03 3.158125742268132717e-03 4.569909717726734419e-03 2.746865635191297807e-03 3.420467259839499261e-03 3.701531551032606789e-03 5.771237933903483434e-03 4.773221013078643438e-03 4.329274747536990785e-03 6.089911305018464414e-03
5.590652156772719580e-03 2.957720601991626740e-03 4.568664201112002977e-03 3.115218196012408455e-03 3.425847603576268920e-03 3.227877879306680509e-03 5.648403902568358351e-03 4.772330486470135850e-03 4.105205106380654077e-03 6.018637478651288168e-03
5.631186034135413077e-03 2.899375806307593218e-03 4.562328257904313400e-03 2.727206347220110551e-03 3.409160905156897407e-03 3.321894468748797305e-03 5.570974052790334842e-03 4.731522860875491711e-03 4.202782474129904133e-03 6.080029579568830243e-03
5.578885034085633195e-03 2.984464426480570517e-03 4.566482914588131971e-03 5.464487390254834168e-03 3.422687258304934945e-03 3.681040331599169570e-03 5.517222492611320236e-03 4.756127313527407779e-03 4.062592912636248978e-03 5.962851683723126642e-03
5.697008904500704303e-03 2.933995546999662151e-03 4.585420588074335529e-03 3.205532404256002891e-03 3.561600726156254320e-03 3.293313484106621947e-03 5.497223448931859435e-03 4.725817261425026804e-03 4.024821025018075760e-03 5.982278594450674176e-03
5.592961697792502192e-03 2.961198817258988304e-03 4.564673260495924305e-03 3.205877594726966231e-03 3.470431575763035289e-03 3.316774283958038704e-03 5.599508664756267830e-03 4.727117541961644263e-03 4.087346686163748598e-03 5.887475739521867875e-03
5.593604093825719180e-03 3.016325438497650339e-03 4.567550724922397366e-03 3.189632309916937136e-03 3.449875453485011945e-03 3.303981456373046230e-03 5.529635424394024022e-03 4.737592962476329210e-03 4.127526565540008338e-03 5.898727656670833472e-03
5.643216536673030179e-03 2.850759009128890804e-03 4.557127220754044611e-03 2.817761962814573952e-03 3.385961881548735751e-03 3.168020894953445243e-03 5.581335535893286112e-03 4.698665960470310363e-03 4.275768419897347031e-03 5.874407024372079768e-03
5.554556606230665917e-03 2.878127843381719786e-03 4.542443625476886605e-03 4.857296664212256039e-03 3.381300202452273539e-03 3.249164533324184860e-03 5.396008007229117359e-03 4.733106785221543114e-03 4.037336898160642090e-03 5.806944907334192670e-03
5.587619022991263673e-03 2.958853762500984665e-03 4.535488496906080365e-03 3.110726787161660362e-03 3.433817704649601288e-03 3.413184444783306636e-03 5.630431329900395174e-03 4.704707189832461195e-03 3.947214009439956733e-03 5.856529424959650010e-03
5.654877028531171343e-03 2.900283397908410676e-03 4.541820219251127902e-03 3.499534053029609241e-03 3.410477270976564838e-03 3.657785563272810975e-03 5.703956004303412271e-03 4.701707290536869151e-03 4.152477456320973100e-03 5.876430491233900974e-03
5.576234055381004695e-03 2.985851987603374818e-03 4.541300093156963764e-03 3.020363508338840073e-03 3.363603346623758074e-03 4.435409173434647252e-03 5.602806077906369829e-03 4.651584271467490254e-03 3.918113382249116886e-03 5.789137328941459763e-03
5.690513408061844206e-03 2.948257458150372375e-03 4.577610264174794205e-03 3.128157407149596923e-03 3.423859851603828705e-03 3.218619028784087347e-03 5.380961192235246028e-03 4.657984768420104886e-03 3.957111591839662483e-03 6.144799205172035012e-03
5.613309824145505667e-03 2.909481534624192792e-03 4.536667236605913117e-03 2.730226827669047108e-03 3.432679290966204368e-03 3.249187852350788209e-03 5.523308116852341382e-03 4.654427899689357780e-03 4.139802048057794441e-03 5.899168508830345686e-03
5.726637532372369846e-03 2.901260013891421990e-03 4.568130039864926571e-03 4.049529203791727913e-03 3.442377332867328256e-03 3.532921313929994912e-03 5.321803777696474877e-03 4.711430289117431343e-03 3.999663327187408766e-03 5.658746647751744692e-03
5.556127004326076070e-03 2.872197383434029697e-03 4.551449086192553908e-03 2.856461617367268228e-03 3.377531273611722711e-03 3.237339369154280163e-03 5.354512030253565785e-03 4.631072313153534320e-03 4.519607576143743963e-03 5.691154693128333726e-03
5.643535723728359231e-03 2.879286823404713768e-03 4.538917810511592689e-03 3.703329859658868392e-03 3.491817735842288502e-03 3.221152693407073209e-03 5.325050886642009387e-03 4.614502676521292472e-03 4.002970372127026034e-03 5.650939518002492251e-03
5.564386355628608317e-03 2.870984136159756249e-03 4.517144759192917580e-03 3.176035485567781959e-03 3.477329161869670802e-03 3.327176936289419525e-03 5.330137527150336819e-03 4.608778881315558733e-03 3.940221674762752445e-03 5.646893789341322391e-03
5.530859252895886473e-03 2.859916055311879750e-03 4.524554956252628372e-03 3.221148136956184307e-03 3.473650684278723096e-03 3.302347566101389905e-03 5.261231991741355599e-03 4.608996384722362227e-03 4.097239991932379900e-03 5.665026208546222915e-03
5.539419821808551185e-03 2.899179549229370309e-03 4.516734016265375878e-03 2.899776347018620613e-03 3.333896197646367843e-03 3.345004492508898194e-03 5.410598612131736762e-03 4.601578324900821790e-03 3.997149875121879664e-03 5.657218281729630392e-03
5.552142396892845340e-03 3.167898856170693958e-03 4.584521989689670750e-03 3.642699333989892711e-03 3.401097697175724330e-03 3.328297234592525120e-03 5.201673885758781833e-03 4.593291099302832664e-03 4.160324024831288901e-03 5.719793466919287882e-03
5.548539879261286077e-03 2.915624479693072930e-03 4.502473023573140727e-03 4.937699316906309609e-03 3.353536785262372331e-03 3.433679131903598965e-03 5.416951953401413083e-03 4.633845443517695811e-03 4.093456640936103327e-03 5.556716804037299152e-03
5.639691475741823168e-03 2.929352829504228845e-03 4.528439714249476826e-03 3.595097011611563930e-03 3.548029661405056445e-03 3.115537427711127186e-03 5.287696338397843317e-03 4.560901211227891099e-03 4.020735640707187065e-03 5.606010605578399739e-03
5.598508306042358426e-03 2.905513100529866742e-03 4.503716459669928479e-03 3.057773268240397951e-03 3.398170540555665604e-03 3.121381652287121347e-03 5.191504592376793882e-03 4.576194276321787074e-03 4.811108030038520854e-03 5.560311315353388441e-03
5.519885970619671858e-03 2.865381309575476543e-03 4.515080926256007099e-03 3.252875057758722842e-03 3.366722741105190615e-03 3.488897212209484712e-03 5.357121813906686250e-03 4.571724133179975828e-03 4.505158757643903771e-03 5.513243930866111760e-03
5.619691825049812767e-03 2.895101290259705779e-03 4.516501552902248313e-03 2.864953581223907923e-03 3.366370562021664924e-03 3.885173802809463017e-03 5.162919239434455958e-03 4.593897622680431087e-03 4.031410888470765737e-03 5.468931664933759755e-03
5.734387231846179919e-03 2.892509435467236194e-03 4.504261944228127833e-03 3.158453957883302493e-03 3.467476711021103691e-03 3.263887741562039677e-03 5.134296365498019002e-03 4.554641129369798626e-03 4.031291338430230235e-03 5.456022692563764626e-03
5.613889567608968886e-03 3.020115553941520991e-03 4.527559338093328951e-03 2.876035275054149038e-03 3.388349966067328699e-03 3.263340905907389459e-03 5.052734497907807563e-03 4.551382616767418905e-03 3.950641642449180188e-03 5.427116371923389714e-03
5.490518770684232365e-03 2.861894173707491343e-03 4.511525716106809872e-03 2.672846015168015271e-03 3.414516548684441884e-03 3.332465964367906878e-03 5.059452105998541414e-03 4.545163805251135371e-03 3.879352679610918297e-03 5.368605346719239509e-03
5.569385429096078595e-03 2.856022407643672018e-03 4.508619288814704092e-03 2.969770992792173173e-03 3.628567059966553068e-03 3.072318473717690172e-03 5.173395554006035395e-03 4.527863464492425452e-03 3.914352872944550261e-03 5.422194918114909591e-03
5.551736697083327517e-03 2.848543459924533176e-03 4.528035313404810483e-03 3.202074738794032961e-03 3.423211246421712685e-03 3.479221042177254967e-03 5.440239508870266597e-03 4.524641886334084505e-03 3.797750251442104027e-03 5.363160409780716800e-03
5.527251729105195875e-03 2.970290108484156984e-03 4.494060751197967787e-03 2.778952079513544952e-03 3.680001482092831386e-03 3.565327000172013525e-03 5.095112060358203410e-03 4.503387300144334922e-03 4.263956876997547669e-03 5.298191510160048592e-03
5.603223325095147908e-03 2.894143456592951011e-03 4.500337852148423093e-03 3.212953447213988227e-03 3.356181801951360101e-03 3.321470484012034423e-03 5.258523712424917861e-03 4.552898783513311190e-03 4.994092724082552920e-03 5.279167424415225594e-03
5.649268751532405576e-03 3.131899200155480786e-03 4.484923311730744551e-03 2.950550709092002264e-03 3.344629398181680775e-03 3.197937572431957393e-03 5.072344588174062738e-03 4.485883354106515349e-03 3.974544264011638933e-03 5.364583790203730600e-03
5.518342292417791235e-03 2.844829508431594243e-03 4.508953971377801552e-03 3.042372704278323813e-03 3.511406560466232354e-03 3.314123007923206344e-03 5.138865712037176021e-03 4.481988024192213454e-03 4.022818545424391469e-03 5.296354097864181681e-03
5.704843909701479317e-03 2.798839539301225220e-03 4.522356339431086482e-03 3.255183944564512578e-03 3.415488196903088830e-03 3.433185767063739839e-03 5.213888243986888708e-03 4.525145535029775207e-03 4.019045772058898319e-03 5.276807468838757426e-03
5.464810685709586835e-03 2.895796778689110548e-03 4.498248360779601336e-03 2.778600445038564154e-03 3.644323423450396802e-03 3.277382493758868552e-03 5.086472091144062652e-03 4.479994598515799585e-03 4.021063779268580288e-03 5.364768735244821417e-03
5.473228496859107797e-03 2.877913139713062039e-03 4.571797517996667969e-03 2.684898488534686462e-03 3.499453586564410783e-03 3.154414232847674218e-03 5.076856203787818468e-03 4.458560207275510424e-03 4.200937128221046701e-03 5.251943373131226674e-03
5.500637134892117502e-03 2.764125040366350976e-03 4.512400222300661998e-03 4.527420335359601949e-03 3.356268967381558031e-03 4.359945102671265206e-03 5.164689942747666476e-03 4.457273549796696328e-03 4.004314429285990573e-03 5.240644682276696976e-03
5.539972137401348758e-03 3.019288539051236987e-03 4.534914603017619478e-03 3.463476169723111488e-03 3.438871149737460740e-03 3.273500851561518717e-03 5.098655225294026171e-03 4.427138715916689379e-03 4.564346629817161473e-03 5.436759215066703371e-03
5.464107985041667323e-03 2.815558749586253434e-03 4.517293399492677136e-03 2.827657588404725031e-03 3.393578676375692826e-03 3.055697470486469676e-03 4.897070284686715069e-03 4.420211756503904070e-03 3.808415212259524951e-03 5.195907821884102919e-03
5.486656967557876179e-03 3.020932825347594133e-03 4.613937945749049634e-03 3.040158142268100782e-03 3.338197184003231701e-03 3.417613409092637271e-03 5.012453610020830772e-03 4.468514778015196358e-03 4.284987775313262894e-03 5.321079756864362242e-03
5.572602773685582031e-03 2.786609239122548373e-03 4.542716037237782764e-03 3.207970182252080707e-03 3.383397123692555991e-03 3.109477769634815328e-03 4.958687425822407534e-03 4.427623393140799751e-03 3.936302734724530378e-03 5.186202671070130020e-03
5.614287237993325491e-03 2.827700173892178700e-03 4.508445101073837481e-03 2.612481580008753964e-03 3.382475298247841593e-03 3.929500979173891975e-03 5.252042853490202293e-03 4.418544941287429022e-03 3.917319320091540782e-03 5.207390703952379137e-03
5.471382720875737904e-03 2.997458535972035570e-03 4.506359861107094196e-03 3.662836472446099646e-03 3.402345522486546411e-03 3.110335850641550784e-03 4.865686022620261710e-03 4.440446331734159910e-03 3.737849591872482134e-03 5.199278327322877889e-03
5.476071795698323093e-03 2.856583822605702951e-03 4.504128794793586452e-03 2.962514068765955029e-03 3.349378666596887575e-03 3.100713221097581383e-03 5.003278422805705269e-03 4.402042998866257176e-03 3.936770932543060160e-03 5.184396067422865004e-03
5.434120990042287484e-03 2.923310369981916342e-03 4.503263997839535362e-03 2.761570500084126537e-03 3.332042072619476308e-03 3.250851482745876608e-03 4.876112651863445321e-03 4.410192357531669480e-03 4.190390720361914650e-03 5.161728701622170928e-03
5.487460719927304831e-03 2.794325388632232579e-03 4.495349227484277989e-03 2.710356314767114853e-03 3.311112432594918824e-03 3.053632062197223201e-03 5.006298071374769114e-03 4.419658103339680483e-03 4.358057610232527086e-03 5.227790483245145677e-03
5.418156871486883019e-03 2.790572273705018997e-03 4.499798888773235729e-03 2.740108716762264338e-03 3.408928000915044821e-03 3.284337951404479958e-03 4.878285079132246328e-03 4.447286496340564083e-03 4.008728288186173307e-03 5.098078610530657959e-03
5.557858022872439775e-03 2.880585952673588197e-03 4.508283086079649567e-03 3.008326733546204650e-03 3.341374915552309133e-03 3.478263965741346369e-03 4.978904243970089065e-03 4.366123495419596372e-03 3.916119216980748496e-03 5.107724125453455902e-03
5.407068601993831637e-03 2.932342980356047318e-03 4.501561080667105218e-03 2.583777673884185642e-03 3.406732654373834622e-03 3.629069713474301299e-03 5.039872206779837105e-03 4.404146926344654905e-03 3.862819376409079661e-03 5.090537499985152252e-03
5.512912587440256182e-03 2.836494913059200030e-03 4.492093545036340667e-03 4.313103621441030135e-03 3.361378339950489135e-03 3.127656438666131123e-03 5.002746265365585164e-03 4.358931862302649340e-03 4.456465174394027597e-03 5.213696796153291166e-03
5.420845301824131317e-03 2.839733450077129313e-03 4.482860975581834904e-03 3.244058562934605799e-03 3.504758075528551040e-03 3.075997599209519262e-03 5.062412257518114113e-03 4.329032047503154207e-03 3.834588904138674838e-03 5.057108084590685414e-03
5.599356580070331824e-03 2.838762279212264303e-03 4.474121264341135093e-03 3.179702271228097236e-03 3.385419073678514867e-03 3.201008677583158397e-03 4.758641641494050674e-03 4.322170780554136262e-03 3.890679853822642548e-03 5.225228876998354310e-03
5.700300426051884903e-03 2.838810036070370853e-03 4.535888938758802537e-03 3.270288604775134587e-03 3.281271937747849525e-03 3.029104419322525398e-03 4.878254875283857817e-03 4.328883386461219313e-03 4.088955782908469845e-03 5.008150410272213179e-03
5.582925668874418393e-03 2.894854807184313403e-03 4.477474861972729689e-03 2.701199543064288031e-03 3.590026439289998542e-03 3.207780101313384685e-03 4.684488152359309737e-03 4.339469254028209370e-03 4.459179986414975490e-03 5.023418271538434079e-03
5.570895712325651776e-03 2.843291678139450804e-03 4.482951836073058652e-03 3.074994703357428454e-03 3.500387379682797125e-03 3.567516587616460007e-03 4.862571237577390480e-03 4.351869465816376320e-03 4.043424933606021808e-03 5.030050375734794292e-03
5.424348911406042494e-03 2.792998128334030564e-03 4.496825610969324913e-03 3.000309941982898850e-03 3.358578939009991809e-03 3.222401470735178873e-03 4.861699328420059953e-03 4.336787460416775819e-03 4.297881273926795233e-03 5.005277172118265637e-03
5.452664437682582313e-03 2.856502915981278153e-03 4.552782111109840088e-03 3.327601199948113965e-03 3.452046957119576584e-03 3.183639354636027402e-03 4.727617493004203364e-03 4.334739407277469342e-03 3.742083029995077817e-03 4.974596797816733217e-03
5.576427713584107722e-03 2.773038056930890363e-03 4.507312366255206149e-03 2.569294934288242002e-03 3.311184059913098356e-03 3.052078426521288076e-03 4.934878021207122177e-03 4.338042360594610881e-03 3.868161181945440220e-03 4.985040727457154021e-03
5.415522355961433811e-03 2.819299008232097666e-03 4.503352951510811511e-03 3.139576601901337190e-03 3.411348270778388671e-03 3.417294177646466955e-03 4.782152523319277253e-03 4.340369602382752358e-03 4.176137618219306381e-03 4.951082212852223573e-03
5.387184298797431832e-03 2.814396096704865728e-03 4.527252407309024021e-03 3.350991697789094514e-03 3.324373841300260184e-03 3.406081454801018066e-03 4.799178982175210384e-03 4.363705373545290894e-03 3.799452204709338060e-03 5.030462640308700460e-03
5.405919621099757044e-03 2.883106865025799985e-03 4.496822809024436998e-03 2.951620707458235942e-03 3.324749159348085615e-03 3.122865956342192779e-03 4.742575479214745753e-03 4.324691200871422225e-03 3.789629413382955125e-03 4.918174761003593458e-03
5.441318945957630479e-03 2.914505082854853581e-03 4.526390430956493509e-03 2.957129892546264075e-03 3.337364142234632708e-03 3.807926573354271284e-03 4.730850141827311166e-03 4.285002769613475808e-03 4.090548610308573918e-03 5.053365021204733916e-03
5.415670117950447185e-03 2.782835153902402537e-03 4.510058085053260390e-03 3.494665896474163230e-03 3.270477148180026342e-03 3.009485905600342223e-03 4.684135890976136481e-03 4.341937443271022025e-03 3.835306351008271192e-03 4.990591967246284753e-03
5.425613635177613768e-03 2.892703857377075093e-03 4.470448962954240782e-03 3.005031361856486203e-03 3.302717308609733841e-03 3.063869232938637444e-03 4.840492063505230647e-03 4.334077853469428358e-03 3.787060702463786437e-03 4.918627412128890979e-03
5.477908881476136090e-03 2.771811250754591463e-03 4.461412810726383266e-03 2.660946817316613665e-03 3.351924470668274370e-03 3.310894225963631910e-03 4.736120714581087791e-03 4.303042755653293389e-03 3.665503319059761761e-03 4.954670474127713213e-03
5.653394881319542473e-03 2.731087548169239699e-03 4.485174334435859840e-03 3.389064985159497174e-03 3.332958707308611001e-03 2.946641889558858276e-03 4.876391214738193258e-03 4.322848456848044432e-03 4.026446969884345944e-03 4.925548087839728625e-03
5.371303989534790928e-03 2.826531037004655598e-03 4.506789796425028985e-03 3.044560224119005013e-03 3.373777849106183047e-03 3.114974540619791510e-03 4.748828271871981602e-03 4.292973318060450648e-03 4.041837878552029251e-03 4.869029945717753653e-03
5.452620853245338135e-03 2.828309560219737558e-03 4.472330375221154550e-03 3.258186759909989256e-03 3.343338344750038365e-03 2.985541178409246987e-03 4.836540882611814647e-03 4.275723057705432817e-03 3.976329874562276566e-03 4.857566385326068589e-03
5.425321204000998696e-03 2.780338424948574413e-03 4.481522422465364711e-03 3.139818458342128089e-03 3.325922423085804058e-03 3.199802194915712331e-03 4.646580812544167348e-03 4.270974113742748157e-03 3.741892873967377336e-03 4.911105549040534202e-03
5.394370025059437926e-03 2.745019243653253407e-03 4.487133336939669662e-03 2.841397502944021779e-03 3.293387257166801359e-03 3.033663261544201906e-03 4.622225946370714204e-03 4.280060617761724182e-03 3.711297622317697061e-03 4.916416834056545893e-03
5.493304655385764824e-03 2.785545516939042735e-03 4.452145183751568883e-03 3.404232033359195272e-03 3.292743432481083383e-03 3.181114897297647719e-03 4.868897954219949219e-03 4.275172217535653379e-03 4.009921856325175324e-03 4.870189707229590458e-03
5.473925727096803917e-03 2.802324451234519068e-03 4.490787038550447981e-03 2.908213816524239919e-03 3.578093995995106774e-03 3.438515950760416204e-03 4.776607773006497776e-03 4.291992521704726844e-03 4.289377605234315390e-03 5.047123265716393914e-03
5.429612024451298952e-03 2.797987498072652176e-03 4.482915516124487409e-03 2.982534336615541223e-03 3.375360498209963728e-03 3.318691775812857882e-03 4.858161636164639793e-03 4.252263285990903752e-03 3.811353478458318067e-03 4.914501945149308583e-03
5.571944628366257146e-03 2.846630892399845160e-03 4.470326096570263232e-03 3.198016734814313269e-03 3.332943124428739551e-03 3.254952354433846180e-03 4.578536975416848225e-03 4.231436702670620352e-03 3.682626013558274337e-03 4.928569727748660645e-03
5.373829460652340163e-03 2.796564170201144492e-03 4.517856355611909493e-03 2.776162230273729326e-03 3.334708151354494506e-03 2.926624876615916641e-03 4.727681752668795416e-03 4.230816629481636178e-03 4.533152757918353440e-03 4.830800580555271069e-03
5.383953304614427782e-03 2.768311974000994304e-03 4.464904709581440923e-03 2.644552360147922870e-03 3.352454203038724660e-03 3.013813578088025101e-03 5.043672921026516251e-03 4.231423158625496200e-03 7.034250679405883687e-03 4.795264659224082043e-03
5.412233004903138460e-03 2.835570417701044690e-03 4.478892334489988601e-03 4.278445170626636596e-03 3.319590672861808239e-03 3.121305722683183261e-03 4.599859090032088101e-03 4.260534389978368891e-03 4.167201596853083168e-03 4.821072318901374956e-03
5.391844140496983642e-03 2.753052437783453342e-03 4.485272847126122071e-03 3.191962969664868810e-03 3.356734171866175911e-03 2.938996127646590923e-03 4.827408339430902702e-03 4.269149608967707718e-03 4.250082022778487074e-03 4.792901358142296654e-03
5.491417367265586172e-03 2.786848146203930229e-03 4.470298666324073328e-03 3.333447292649039349e-03 3.321028993109225239e-03 3.165177912999787672e-03 4.509760791768647852e-03 4.248189755723646294e-03 3.677444907754673278e-03 4.776708948316691836e-03
5.464363280682497936e-03 2.740782278946103830e-03 4.468808982193636647e-03 3.397074463024068233e-03 3.455082759393436100e-03 3.087225045016242769e-03 4.669039411773382581e-03 4.289690409635516129e-03 3.718770684792321087e-03 4.792379948054809394e-03
5.428267978230438134e-03 2.808882194246973933e-03 4.452919029472549028e-03 3.454432306906502284e-03 3.349771584225765941e-03 3.912537135243336281e-03 4.484325053717212912e-03 4.252622215138408997e-03 4.336937904965819206e-03 4.885130788553203318e-03
5.399412700576026146e-03 2.762174152179487380e-03 4.485134325482882829e-03 2.973853863428927140e-03 3.427598866109241634e-03 3.296293262267604388e-03 4.493114894683025891e-03 4.272636887897690930e-03 3.895808292604956494e-03 4.739253802690782461e-03
5.419863013439650892e-03 2.810515760844949518e-03 4.446122467975688851e-03 2.755290376669083160e-03 3.607792378470987046e-03 2.935755458308418522e-03 4.398770637056800305e-03 4.220254811963863005e-03 3.926199171892024060e-03 4.891231677039023160e-03
5.395022589953051874e-03 2.982070475697111769e-03 4.480421682819956015e-03 5.164753900122922604e-03 3.427643032356826602e-03 3.068246247847240295e-03 4.522538061938096571e-03 4.292371463812194067e-03 3.916415977816141772e-03 4.797600188222343048e-03
5.432197559079518512e-03 2.914712347770216996e-03 4.468473516900776238e-03 3.059707849142192376e-03 3.396235077014419634e-03 2.927668224124726614e-03 4.677197768464588096e-03 4.279580887440521085e-03 3.736371272489639843e-03 4.830741337243448820e-03
5.386590514804873338e-03 2.746785910870333872e-03 4.477344270683769958e-03 2.828817058242953392e-03 3.466594114957057254e-03 3.234815315149875640e-03 4.701973943723112594e-03 4.231105296349541023e-03 4.371214677022283723e-03 5.000580357093093939e-03
5.346908403131332178e-03 2.773671952224007666e-03 4.431869103320569721e-03 4.096403658837700738e-03 3.361576566800748497e-03 3.329615822595671012e-03 4.810560852093285870e-03 4.240603226939803662e-03 3.800303233849599508e-03 4.823913065871467988e-03
5.383082683937554132e-03 2.781754100998049331e-03 4.446412642530272324e-03 3.118153254309914517e-03 3.263072252844720095e-03 3.034661280248561899e-03 4.593434279594463439e-03 4.199187095265748473e-03 4.578485267077101947e-03 4.756238460080381217e-03
