6.521812820406482081e-02 4.615640782533207004e-02 6.921349415718662523e-02 4.572137675139955476e-02 4.592225797905450518e-02 3.313127227480765213e-02 4.030821186259612998e-02 2.787182299387056666e-02 5.775653068144471353e-02 5.920976298364644119e-02
6.264383521206720595e-02 2.910165483602985409e-02 6.225052766097314422e-02 2.498089399868408042e-02 2.358127467181259443e-02 2.175358975089182814e-02 2.142794852154099663e-02 1.506512800400192260e-02 5.146017354332379362e-02 5.116321255231346538e-02
5.190441713080725522e-02 2.227538497646039742e-02 5.802257953494219245e-02 1.731021294135579730e-02 1.738958450319938107e-02 1.711174272593733031e-02 1.479995699971848114e-02 1.079607794911580446e-02 4.539637989242102656e-02 4.366779628663134544e-02
2.899427670895739564e-02 1.917445063502616273e-02 5.424179340310964631e-02 1.423102341745649708e-02 1.544903512818732866e-02 1.454020681417109856e-02 1.246409021987439358e-02 8.808237914428378515e-03 3.941053323882354187e-02 3.753437039207476594e-02
2.035123535689745480e-02 1.743342171471284549e-02 5.039954359710190762e-02 1.265396606783465022e-02 1.469313566360321704e-02 1.258694046914070504e-02 1.129825796816499514e-02 7.619504926698723000e-03 3.444410415896062561e-02 3.354641580022599961e-02
1.660949322076431603e-02 1.611741810880435583e-02 4.486588250444857595e-02 1.165910654111656716e-02 1.380531372448644614e-02 1.116755582508174513e-02 1.038342567074942296e-02 6.839116022152690391e-03 3.018442692143707279e-02 3.005951669071182247e-02
1.433378956939818441e-02 1.461093761593064075e-02 3.611684096134146899e-02 1.082603383925005713e-02 1.311573292219422350e-02 1.015543131216500167e-02 9.704918074784988843e-03 6.304588607808922843e-03 2.680406652743095447e-02 2.768387005860328820e-02
1.265334038755311710e-02 1.344974970608629403e-02 2.687084161496151868e-02 1.021536311787956362e-02 1.253448744778553128e-02 9.176834451153225922e-03 9.220163752915868510e-03 5.718141999872128171e-03 2.436171931298027060e-02 2.584815820076429016e-02
1.125991686825352465e-02 1.221719506382883125e-02 2.169630828181949578e-02 9.772717639851968494e-03 1.194533894338067372e-02 8.427076671756572601e-03 8.671599905303637931e-03 5.398864281446194222e-03 2.234740341700245519e-02 2.445247749548509070e-02
1.017675157188847879e-02 1.100199000077305492e-02 1.863479581738528706e-02 9.242183842993273446e-03 1.145329156886713828e-02 7.829769028386314444e-03 8.226056298941547551e-03 5.024830296828547947e-03 2.073708428714164317e-02 2.320060487645278155e-02
9.285518654926452897e-03 9.964748113497042328e-03 1.703532489318108217e-02 8.763673580915117695e-03 1.096673496736168089e-02 7.352401277423596844e-03 7.861497021669007143e-03 4.856268542634157616e-03 1.949207123216886717e-02 2.206704452777670522e-02
8.388496216034234398e-03 8.997469834065977001e-03 1.595651511509267248e-02 8.349122979228427999e-03 1.030985966163991581e-02 6.962940692132819735e-03 7.668968561439561474e-03 4.775333584246901387e-03 1.854161017333432956e-02 2.119954680695460697e-02
7.767278335995845585e-03 8.054333788581415771e-03 1.514474018394235469e-02 7.994407056707274542e-03 9.785560440289850156e-03 6.575014986247251086e-03 7.171779516839418139e-03 4.477460761037112616e-03 1.751805273410285066e-02 2.028646933083004533e-02
7.071362721148819787e-03 7.404247846530920101e-03 1.432820634398883006e-02 7.620939739130033405e-03 9.390952853709302189e-03 6.288570499861249885e-03 7.037582796083745491e-03 4.657055471758395591e-03 1.661740323269315575e-02 1.954045129626952315e-02
6.541810486691452230e-03 6.734196072263355475e-03 1.364861126954125710e-02 7.519090671444503271e-03 8.889049130445584451e-03 6.066101974972018009e-03 6.998613354856476551e-03 4.204087475243390229e-03 1.577367630102517390e-02 1.873203077790233997e-02
6.286461281879586645e-03 6.392163584279188585e-03 1.318219724792796255e-02 7.151948345727488290e-03 8.490244859941296213e-03 5.872248750376164901e-03 6.364598707393512647e-03 4.240067875308974749e-03 1.490838012241105237e-02 1.807012977442574997e-02
6.012127419815186009e-03 5.910388846641271773e-03 1.249560611370520088e-02 6.811179269386557003e-03 7.994277367387074909e-03 5.592143646009048279e-03 6.135913015099091899e-03 4.068813685638632792e-03 1.409337018374215780e-02 1.718908034046144617e-02
6.009945642703930918e-03 5.625222856677108627e-03 1.185957505573909110e-02 6.541683400734256935e-03 7.769244997541576922e-03 5.403952007985100489e-03 5.895884556572235889e-03 3.970047738607055711e-03 1.327856342325100213e-02 1.633357214580722847e-02
5.584351649214210588e-03 5.378498448100837472e-03 1.158815889412840791e-02 6.476550511138267317e-03 7.323378224704091451e-03 5.262364349179590034e-03 5.724107428143557046e-03 3.795637641095971158e-03 1.244952788596143806e-02 1.578049868201410882e-02
5.619898805531073176e-03 5.504862554121023495e-03 1.078478481079186806e-02 6.168499039321120175e-03 7.082077833774260561e-03 5.131372119037266519e-03 5.579942176317513602e-03 4.500741215107719774e-03 1.176304978566467506e-02 1.561393205947991109e-02
5.161655877537443121e-03 4.963020908568168028e-03 1.024360035815397550e-02 5.935542320307850804e-03 6.934246780944276940e-03 4.986105991152805020e-03 5.400029495355639954e-03 4.101889123942518631e-03 1.097539514210351015e-02 1.450587902183717026e-02
5.203319623705742955e-03 4.826440299271555004e-03 9.962443234362986996e-03 5.729665751234178268e-03 6.551549503824455507e-03 4.866108614117265786e-03 5.331519257760705850e-03 3.859594188526523865e-03 1.036305205184789857e-02 1.397578226529668476e-02
4.897204155942605670e-03 4.812783796729658108e-03 9.458613947649725448e-03 5.600698370781820486e-03 6.306441388255666636e-03 4.628431108996302126e-03 5.393371398974702337e-03 3.723032133760163353e-03 9.648091564924984528e-03 1.355004581421696483e-02
4.677057784526401397e-03 4.509964923583222908e-03 9.007508644596314701e-03 5.413902170169683850e-03 6.108318757460453469e-03 4.518095965045427868e-03 5.166105946445256197e-03 3.554214917837590203e-03 8.998530330664764043e-03 1.323264089354185720e-02
4.569247748777656437e-03 4.602809132569616983e-03 8.633273666754311820e-03 5.267185000220439735e-03 5.886617701136714030e-03 4.469580964143027475e-03 4.877264729523725362e-03 4.208635570182563991e-03 8.394420624289404553e-03 1.279425803495468084e-02
4.682098639960314765e-03 4.315331893970308745e-03 8.209695773004675387e-03 5.142661125356475828e-03 5.726005890718996981e-03 4.340755702676968655e-03 4.825478108092470103e-03 3.580081705944768069e-03 7.865109107941411354e-03 1.245961861009676000e-02
4.936049608787180902e-03 4.201779359618606699e-03 7.969080494401635864e-03 5.009952453548105998e-03 5.546968672169370722e-03 4.318246889049721406e-03 4.673614378855594012e-03 3.595381636716150648e-03 7.444903042898155625e-03 1.255226486282275990e-02
4.581768392906693244e-03 4.165573019046650213e-03 7.507054253448705583e-03 4.880045192523422073e-03 5.444514713027992676e-03 4.203833691544712689e-03 4.593674127323818003e-03 3.678025429262738333e-03 6.804259879533432198e-03 1.188246723892034257e-02
5.156601775932091389e-03 4.042945045246478485e-03 7.024626453081364054e-03 4.814168837455622824e-03 5.362558794950059680e-03 4.131155640419663551e-03 4.521106268520735591e-03 3.598652966601837561e-03 6.325721103784384160e-03 1.152503717722394572e-02
4.709404696529269525e-03 3.962527988387213630e-03 6.815978254809221780e-03 4.717132216634041184e-03 5.196242513483659460e-03 4.001712625480445366e-03 4.576806936529324681e-03 3.598365340720788459e-03 6.035450745012047209e-03 1.123066496817954479e-02
4.321165388820746509e-03 3.875370577599086992e-03 6.386640944806624282e-03 4.597441681064431268e-03 5.036541988955678915e-03 3.950562514601125078e-03 4.413743290052388711e-03 3.901801317609197503e-03 5.719278305607995022e-03 1.113188621006698693e-02
4.302248198879535072e-03 3.898487417154434653e-03 6.169435691231938898e-03 4.532268973561323459e-03 4.979239879446633460e-03 4.071367807251638146e-03 4.313622619520129237e-03 3.484728682728254878e-03 5.445342189270663963e-03 1.085101702581959052e-02
4.445711941394105658e-03 3.846431029017076484e-03 5.954339105499117588e-03 4.427468589853143267e-03 4.823389742482448762e-03 3.775047837430513947e-03 4.244078285635498847e-03 3.408408126666607682e-03 5.239576927616939120e-03 1.069405743456829962e-02
4.454640315490902662e-03 3.726865690697858495e-03 5.748568141210735720e-03 4.333032314576293516e-03 4.812208574154087232e-03 3.733788184469757215e-03 4.260791749332036409e-03 3.316806337498192422e-03 5.024876380620452859e-03 1.029336204241028570e-02
4.621629645442699649e-03 3.678107887905478213e-03 5.589800192189284256e-03 4.276298087053819440e-03 4.672691565445377671e-03 3.670339365431031682e-03 4.291779183061363717e-03 3.237374783218434447e-03 4.861129364937238906e-03 1.001112162710975605e-02
4.159305855125295520e-03 3.643626647771771188e-03 5.505483764819170053e-03 4.223295699775878910e-03 4.566243398955302166e-03 3.614437294634238740e-03 4.139376810403369578e-03 3.603864018150462062e-03 4.851300932347926524e-03 1.005267847878822500e-02
6.624561501557609845e-03 3.600512781651320215e-03 5.290075998848579354e-03 4.146006862185154691e-03 4.489343255995831110e-03 3.575833996496731535e-03 4.087299314470944911e-03 3.290028195984613484e-03 4.623870726449107009e-03 9.557488632890562275e-03
4.230488171579764416e-03 3.625283214513759598e-03 5.176181567371859749e-03 4.087076527943582331e-03 4.428327456437923179e-03 3.536084883671736581e-03 4.048530475745419459e-03 3.368936303711367580e-03 4.551283304019443018e-03 9.399917267628262255e-03
4.042122435293270602e-03 3.511262162975365645e-03 5.055713809223321906e-03 4.118794215135890280e-03 4.447397720369429541e-03 3.512257480773345580e-03 3.975310107474578844e-03 3.187869875917764394e-03 4.419526856004833866e-03 9.107992007578911975e-03
4.094887355421452865e-03 3.527311091205991966e-03 4.925221837214510852e-03 3.987659188998552220e-03 4.332029077883370154e-03 3.431981888330824012e-03 3.944547292156875586e-03 3.291157660273876656e-03 4.320240537285366736e-03 8.947646496661113349e-03
4.172454698435015472e-03 3.493062067786662037e-03 4.852040999439547787e-03 3.930358528402797327e-03 4.274881985091533859e-03 3.406633164831676143e-03 3.981464566067030586e-03 3.623250907130606911e-03 4.267330977623925992e-03 8.874459909511016320e-03
4.080430871216198484e-03 3.475341631380385755e-03 4.758932965921672947e-03 3.895410526464983345e-03 4.223658242053056344e-03 3.389246942778366065e-03 3.895556883553946258e-03 3.265840200700630483e-03 4.261138197438125129e-03 8.469518877730945750e-03
4.014263618545502697e-03 3.437039310702902882e-03 4.771313479460565117e-03 3.851730646807359233e-03 4.183340694426684360e-03 3.366009094814761612e-03 3.833377764238070622e-03 3.536084347204864788e-03 4.130364828679621535e-03 8.225740817536330782e-03
4.439231952309693856e-03 3.358543545957060669e-03 4.630477575600454483e-03 3.808696005286463411e-03 4.129875526023874498e-03 3.324787601757912218e-03 3.912589022190367770e-03 3.591778906540830582e-03 4.087799444111978563e-03 8.030790311521564945e-03
3.770210121826744840e-03 3.327079041403027855e-03 4.552123175483209494e-03 3.784962064708235520e-03 4.125482373737059290e-03 3.572898323335235889e-03 3.823140403769245080e-03 3.575960752697332403e-03 4.031264063201476719e-03 7.857296196802658964e-03
4.784183597027027654e-03 3.290088642497493616e-03 4.475696025199273585e-03 3.825715995479086681e-03 4.065503413645857843e-03 3.331098871671834324e-03 3.872890012697952859e-03 3.316688165375628917e-03 3.979208355050889434e-03 7.652918149333631272e-03
4.535938947592549342e-03 3.309160279698093038e-03 4.432309675190248058e-03 3.726536097998589189e-03 4.017333440756348621e-03 3.576662493416164247e-03 3.802613330406966370e-03 3.122510823848186068e-03 3.942947737162887621e-03 7.435226077927774985e-03
3.808720742515789119e-03 3.326631530519610479e-03 4.337187888956015730e-03 3.692293866141199265e-03 3.987885667937962793e-03 3.207609844734155176e-03 3.731021527311362707e-03 3.253705811600678122e-03 3.987202819044710113e-03 7.451826125186699484e-03
4.959882193531206344e-03 3.230618691792612549e-03 4.305915327138940506e-03 3.641663497352567828e-03 3.944954799019571509e-03 3.243192600694776682e-03 3.694365463015496839e-03 3.178552990917482470e-03 4.138297325475965606e-03 7.563236856161879330e-03
4.461061542474793057e-03 3.301531681413332354e-03 4.339780861354941913e-03 3.623270656393765780e-03 3.928934474392718930e-03 3.146552924837070584e-03 3.667873923294528819e-03 3.108292314933209198e-03 3.829047289626622084e-03 6.900960013442443593e-03
3.767922998710012197e-03 3.182570147571071699e-03 4.278826292945759127e-03 3.597916648231845854e-03 3.949036469051024970e-03 3.211961876643533095e-03 3.636837332807723189e-03 3.509755503254753661e-03 3.806891735683335179e-03 7.124170723311473198e-03
3.668678085200962908e-03 3.175591140914387975e-03 4.253348623195564275e-03 3.588128101955592730e-03 3.876673473090825814e-03 3.334330235862838308e-03 3.669476171512246320e-03 4.391912656115499157e-03 3.823449770349280491e-03 6.691904513359617224e-03
3.642966505469084210e-03 3.166590827459356185e-03 4.310744553023100438e-03 3.560557428251976200e-03 3.817885099317826127e-03 3.234468912366473929e-03 3.605356570021505790e-03 2.991290138989371409e-03 3.783005559691535614e-03 7.682484514054145446e-03
4.409681318895064366e-03 3.138787137496982637e-03 4.213692537390967448e-03 3.532475492167860918e-03 3.761908770609485517e-03 3.201964163492134613e-03 3.739014805927491115e-03 2.969029190772738518e-03 3.759519728534261359e-03 6.603419302343698817e-03
4.010061402618075692e-03 3.114474243629094218e-03 4.158615632209919886e-03 3.507581213165111064e-03 3.733948746761465553e-03 3.114004269747964061e-03 3.581858886010334374e-03 3.161374733374259106e-03 3.709972107666870394e-03 6.544290344480500898e-03
3.751835724967608320e-03 3.093495903693927341e-03 4.043893386129208262e-03 3.495698244592758581e-03 3.720930622146256719e-03 3.014314994833606695e-03 3.631421564618114543e-03 3.970102158525480596e-03 3.763654852436038381e-03 6.113712456383193702e-03
3.640348707850336353e-03 3.081986029476286530e-03 4.148118739934794977e-03 3.457466542913866826e-03 3.678462672993416168e-03 3.216100112097931146e-03 3.570626295233657321e-03 3.300723223613314262e-03 3.663866353591583962e-03 5.857799125980515421e-03
3.468706898910936358e-03 3.087815789737049892e-03 4.216189396709878016e-03 3.446693319774819277e-03 3.703206596065878632e-03 2.966330560128837938e-03 3.556876701026620048e-03 3.415239464622962101e-03 3.668481124509720588e-03 5.803403237634201760e-03
3.793650860392224020e-03 3.055741503998955257e-03 4.045661787652197680e-03 3.439261065644232118e-03 3.680008189770368927e-03 3.508904212690264462e-03 3.505984830214762572e-03 3.457465149305010473e-03 3.652047273973381154e-03 5.657150573185965384e-03
3.652107755435781127e-03 3.029837448824732223e-03 3.945838616004349216e-03 3.385367542295413673e-03 3.594830521184339423e-03 3.082493361335976716e-03 3.486403570906903681e-03 2.989510615216687400e-03 3.614038295589230149e-03 5.511125988405259947e-03
4.333479530432994727e-03 3.028071405628730926e-03 3.972852278717239199e-03 3.384173009457229573e-03 3.561768315241914049e-03 3.189638924474171543e-03 3.482800445347278891e-03 2.992541976072099486e-03 3.607864125394761538e-03 5.333321961312537628e-03
3.579766072060968155e-03 3.004280659227140556e-03 3.887019819535191250e-03 3.357489012235495996e-03 3.506498831052158333e-03 2.988136941414616145e-03 3.507870542994687146e-03 3.051589337307403314e-03 3.585816439064368547e-03 5.563853497222910963e-03
3.410301553542532688e-03 2.988651888576341134e-03 3.884016354095691688e-03 3.341498108269009247e-03 3.674552088113656328e-03 2.912020952439754642e-03 3.448456575409848592e-03 3.034373797420552264e-03 3.563917675628058487e-03 5.149947328485912287e-03
3.503182567070529940e-03 2.960083456303570521e-03 3.860436068071110022e-03 3.350812316342218367e-03 3.563501321713105543e-03 2.914147525168191664e-03 3.452084055132886332e-03 3.113507421200867320e-03 3.541510756525628051e-03 4.987128219478397656e-03
3.496629305087011006e-03 2.974529408534415994e-03 3.829728402904782579e-03 3.297239738519514192e-03 3.732758029420263617e-03 2.894401441494407878e-03 3.422189968045158317e-03 3.110881812474693663e-03 3.517019496684810603e-03 5.591728103698863535e-03
3.363386054006590326e-03 2.973803903766418597e-03 3.917056251421197587e-03 3.318446791357012541e-03 3.439051272364655396e-03 2.916973578453482818e-03 3.418386220628354382e-03 7.901520012240604782e-03 3.524793223743242707e-03 4.876286013018746313e-03
3.767131132164326310e-03 2.942524577357685280e-03 3.812500586239963175e-03 3.324103307722162115e-03 3.424851932944058836e-03 2.982373013302815849e-03 3.418626535527915979e-03 2.883788278574007154e-03 3.611474728840425880e-03 4.941489787806434102e-03
3.834209723189434000e-03 2.936354097356238917e-03 3.779814413870729618e-03 3.310976428010858723e-03 3.708866315602280753e-03 2.961053731052236924e-03 3.437966623809915814e-03 2.837531020306963917e-03 3.510348974277826325e-03 4.709218683414548301e-03
3.773333120288190241e-03 2.936775635862494144e-03 3.800356176767505107e-03 3.250282944399758654e-03 3.487798313802121727e-03 2.861803151290871327e-03 3.400740507115925827e-03 2.953242456791617572e-03 3.502488027308207994e-03 4.870583004492629736e-03
3.571265485670877329e-03 2.930162838355539982e-03 3.758021929331336990e-03 3.223679072949325528e-03 3.502788785811890120e-03 2.879976293629201919e-03 3.374617606347231867e-03 3.114723402859371094e-03 3.472005489018491296e-03 5.787800259052045503e-03
3.339027219296669853e-03 2.906636584639936492e-03 3.759517783531689597e-03 3.208082133080337236e-03 3.447357695785731400e-03 2.830723515195755248e-03 3.365056838428254291e-03 3.342057010145882238e-03 3.481847804521261396e-03 4.461906920243254721e-03
3.474040397805198792e-03 2.881792282740076785e-03 3.725019761577339807e-03 3.207037571711863003e-03 3.383272993325729932e-03 2.946101476617318110e-03 3.360236664223749305e-03 3.239436998171023319e-03 3.462461428577795226e-03 5.974954208444189195e-03
3.275816435456279079e-03 2.898896317977239789e-03 3.713037586330045908e-03 3.198937735800404768e-03 3.351520841534896215e-03 2.954623719918814638e-03 3.420280479544781857e-03 3.100346434963223343e-03 3.438472289637582724e-03 4.498156745576189011e-03
3.801892909216974571e-03 2.879776378897782631e-03 3.713128807362458574e-03 3.171175958299862242e-03 3.403433349270039085e-03 3.121975093649340810e-03 3.388775799702651442e-03 3.355808226551103453e-03 3.439817005236263641e-03 4.658019623483216666e-03
3.189315905475397644e-03 2.845464976375250421e-03 3.696925447045991582e-03 3.190279373310277080e-03 3.380901729104695413e-03 2.790367415965291920e-03 3.335481707425576835e-03 2.793566344185076638e-03 3.491998580382310851e-03 5.194859300100634035e-03
3.548831436538582747e-03 2.860362265815895744e-03 3.684372078025396468e-03 3.129095928831688786e-03 3.332634915623692868e-03 3.116675707133483887e-03 3.395285100265357271e-03 2.925942978889547064e-03 3.442169841102770030e-03 4.442620063362177907e-03
3.526692456792886610e-03 2.886738285691297680e-03 3.667479697221649303e-03 3.151278963286745054e-03 3.616049054854440954e-03 2.945296609396163764e-03 3.347504639778355138e-03 2.854225480581178316e-03 3.419967150185156731e-03 4.076263687353723526e-03
4.069061718311617337e-03 2.965146852431778043e-03 3.700924433211560775e-03 3.165398422997512274e-03 3.315554447377899987e-03 3.281091350318884447e-03 3.328999784168985409e-03 2.745820209678353184e-03 3.381027226753535644e-03 4.134911805352766041e-03
3.149428281428934100e-03 2.813657618491602775e-03 3.636780207953196811e-03 3.116890712704822874e-03 3.332011010768120944e-03 2.931594491137399453e-03 3.341502762631544821e-03 2.911688545048717481e-03 3.390926337539951554e-03 3.895992063209931244e-03
3.147483219802038514e-03 2.829300544580474770e-03 3.739047887627196688e-03 3.082774299664299382e-03 3.336763177065811634e-03 2.841804288257262102e-03 3.289872585351336955e-03 2.932659262536706571e-03 3.415225567357014699e-03 3.897137576995448553e-03
3.084320369037009922e-03 2.837069258252881976e-03 3.624693766864569688e-03 3.076599835521080448e-03 3.290233996951502302e-03 2.920595053881878348e-03 3.303683487381267256e-03 3.221963676590491096e-03 3.378347370825219350e-03 6.537665726370003871e-03
3.865793316106197388e-03 2.848802003743096650e-03 3.637131574671520051e-03 3.072771897917857872e-03 3.262229687960130440e-03 2.935521213442367477e-03 3.293770435809903040e-03 2.790386969001679412e-03 3.365756138092374037e-03 4.021773430823467367e-03
3.618392851255454803e-03 2.803830426030283311e-03 3.671429123502205783e-03 3.056979310106212877e-03 3.289612583173259601e-03 2.725149346456394884e-03 3.278600286572325769e-03 2.860818846984727794e-03 3.424697501217978998e-03 3.857255013861189078e-03
3.210718834436375891e-03 2.809157614303924196e-03 3.604896020157381635e-03 3.032875319774322887e-03 3.259948415931968047e-03 2.794074516049020046e-03 3.264531212519491792e-03 2.773933693742839345e-03 3.592223857645996180e-03 3.971152335339353870e-03
3.120259338700617693e-03 2.785494197074328115e-03 3.619269178789379614e-03 3.081225141153476430e-03 3.246689691366146276e-03 2.741446941996262057e-03 3.253005374453239035e-03 3.080492588570453005e-03 3.408340788997434381e-03 4.247554946909858423e-03
3.233693983370238261e-03 2.775216902833439140e-03 3.652085617837255108e-03 3.000588898023495623e-03 3.233523826164265338e-03 2.770456684021309780e-03 3.243733055977062775e-03 2.783078267488026114e-03 3.330494358491419959e-03 4.098060515093084229e-03
3.167227489820886432e-03 2.764482769390120588e-03 3.577593960138645245e-03 3.005519382667511293e-03 3.337138603513795706e-03 2.808916016944429210e-03 3.315421254826371195e-03 2.766778949361461959e-03 3.329991889406409226e-03 4.040312907307119089e-03
3.254715315340945235e-03 2.757648785300289337e-03 3.576268458960862005e-03 3.003363228250301685e-03 3.232875130035503704e-03 2.735995804994996623e-03 3.286400007992881615e-03 2.902578872831281485e-03 3.380155000355768071e-03 3.608150865739761202e-03
3.104712480371255284e-03 2.736209057500342458e-03 3.566159530172151575e-03 2.991319955148866779e-03 3.300409883840093369e-03 2.712900818798170185e-03 3.367605392114155025e-03 3.887460251962965383e-03 3.373575997017055472e-03 3.716515586794187989e-03
3.030581552665682823e-03 2.738704030354990882e-03 3.577255615923206206e-03 2.983324587503289813e-03 3.253540837274218785e-03 2.674100389901559391e-03 3.320721804991005281e-03 2.780855463594486196e-03 3.311266807771091978e-03 3.790100848051660819e-03
3.494832545583746383e-03 2.724222158606482650e-03 3.556095137939798909e-03 2.958838168480500911e-03 3.300884841060424887e-03 2.753418871587008394e-03 3.208943266988434958e-03 3.086414380354723409e-03 3.292986410497722102e-03 3.505348951606531999e-03
4.658245445149237010e-03 2.728909295994740719e-03 3.537974846196504947e-03 2.979224938962916468e-03 3.220494282191238653e-03 2.707510229668414706e-03 3.225330567189707738e-03 2.718676104188526028e-03 3.279714309733547817e-03 3.967209608871966053e-03
3.072287449204055831e-03 2.716417796928882744e-03 3.536919456556187301e-03 2.935427870119732777e-03 3.192476077642613340e-03 2.896834412936168373e-03 3.231663365091994033e-03 2.806741738221502341e-03 3.336739724506597102e-03 3.588414291457714140e-03
3.389459508164147095e-03 2.701230336224631681e-03 3.559762675642913748e-03 2.950846751363833155e-03 3.338954375468384129e-03 2.675731327337014034e-03 3.241573738151221334e-03 2.689942719108903788e-03 3.296644232844744404e-03 3.817219364165979224e-03
3.067753784121714927e-03 2.703651079054499116e-03 3.549027115691578884e-03 2.998237591157006544e-03 3.190510442928509976e-03 2.678116415082626173e-03 3.182363692202807778e-03 3.182282701811149812e-03 3.272187081031083938e-03 3.473711855752683545e-03
2.889198913131812724e-03 2.707067205740322415e-03 3.520840804881952661e-03 2.895348276915471735e-03 3.157992423897377360e-03 2.903728545010576985e-03 3.181408672767040580e-03 2.908197709657873650e-03 3.257614703912877028e-03 3.644505239216761124e-03
2.873162535450317183e-03 2.696427923249849340e-03 3.531132524843585887e-03 2.906248485078050808e-03 3.312402106417593802e-03 2.675518401600339782e-03 3.183110823585143506e-03 2.922925740099020959e-03 3.291560923674001233e-03 3.384025480887612423e-03
3.111297929685012849e-03 2.692287582811724467e-03 3.524460475186703013e-03 2.897160898922327386e-03 3.183201504051487701e-03 2.841059466386788510e-03 3.173410431018637654e-03 3.018076511572910514e-03 3.261565246809827474e-03 3.550648676885083573e-03
2.877528303192672214e-03 2.662646415215061402e-03 3.607215324030539367e-03 2.958248944624927886e-03 3.151518885576136148e-03 2.742336813374858084e-03 3.159161160765738136e-03 2.737969271147314490e-03 3.268060794130571347e-03 3.350965634997356366e-03
2.900161449386772210e-03 2.659690374834190740e-03 3.481077175132603688e-03 2.873552084014839060e-03 3.206509991064640259e-03 2.631112527983190275e-03 3.203963784463558125e-03 2.934133873084618718e-03 3.291976602784036938e-03 3.752526339282380788e-03
3.625709430778847452e-03 2.665359013605952693e-03 3.491872129062046672e-03 2.866011072904670921e-03 3.156247572353298482e-03 3.183397112146828852e-03 3.132638784206709208e-03 2.661111934702009661e-03 3.296818743885520861e-03 3.260804915840183598e-03
2.803479911701617627e-03 2.705572922838575794e-03 3.692569976367902906e-03 3.088783090334294625e-03 3.149489813493585536e-03 2.683510639700977148e-03 3.153588822222166792e-03 2.697256519415087202e-03 3.243956247899762880e-03 3.326518161940419504e-03
2.848495769895137159e-03 2.680386365513170392e-03 3.486734444007807965e-03 2.854622628507350567e-03 3.189536992645641660e-03 2.667258741773051445e-03 3.185116862978971692e-03 2.683994503188704556e-03 3.255320066324251561e-03 3.359712998374909596e-03
3.212250479701455469e-03 2.669015763101030558e-03 3.483280441020454154e-03 2.838328196291995884e-03 3.324087774474291865e-03 2.833738787579659184e-03 3.176759294237831502e-03 2.994956802821624291e-03 3.325487377468711470e-03 3.494666903004851888e-03
2.754191906487173970e-03 2.631543896637549007e-03 3.469485461045285733e-03 2.830449379116041584e-03 3.113495980200592112e-03 2.642062150753312320e-03 3.111644328306538421e-03 2.657327803766009605e-03 3.242200502544514452e-03 3.554133595820607380e-03
2.748953279391422484e-03 2.674291644688396065e-03 3.624326118315345565e-03 2.844825908168114540e-03 3.157709729432031567e-03 2.624275466359050901e-03 3.138630969674548014e-03 3.393219617073488497e-03 3.232629969840983015e-03 3.441754168892448632e-03
4.062309841479114746e-03 2.693242467998169937e-03 3.456767105276442424e-03 2.822982982311741419e-03 3.135152132123124932e-03 2.638056096489113309e-03 3.196860022856155056e-03 2.754706968765063824e-03 3.280833527014717383e-03 3.201310023254907294e-03
2.751657676773910585e-03 2.632956427268304603e-03 3.571525321874161746e-03 2.811940345901521587e-03 3.101292117328518713e-03 2.764971606879927570e-03 3.168050366023894299e-03 2.661127518698762004e-03 3.232975785977961446e-03 3.231401610038533209e-03
