7.771234118195860519e-02 8.019401115138784231e-02 6.704145593198512776e-02 5.931455449415060782e-02 7.332868315127083481e-02 6.224090930345600042e-02 7.174014181297985737e-02 5.176174733802526434e-02 3.823643864742617277e-02 7.601268632586365148e-02
5.957263147714879359e-02 6.643210380772097967e-02 6.192264530831067398e-02 4.288566747589860756e-02 5.983128279511387704e-02 5.365104989254779189e-02 6.678358573049886227e-02 3.704642566080446758e-02 2.062717302231918334e-02 5.525262207036547857e-02
4.512783235434329049e-02 6.040597344007894026e-02 5.754862138957381190e-02 3.106743275261756448e-02 4.863449108368467222e-02 4.801996926638592289e-02 6.196652357251362236e-02 2.820304512910914302e-02 1.489318398568687495e-02 4.502033748778795641e-02
3.490158773857137547e-02 5.579819982155383856e-02 5.385929129063476983e-02 2.535054140726005975e-02 3.678214136085256741e-02 4.340587271800831065e-02 5.495361913866508158e-02 2.311187861290865328e-02 1.305528512704329930e-02 3.897102665172069713e-02
2.727766467626362157e-02 5.223893471727369259e-02 5.031101941783292647e-02 2.196791394533165534e-02 2.832574104635397078e-02 3.987041359762553971e-02 4.652086675373844765e-02 2.009189760899559099e-02 1.212589746963061398e-02 3.537300370624161389e-02
2.210681420200313885e-02 4.816443073082442988e-02 4.652335568742682614e-02 1.937559453453866279e-02 2.427361897267405616e-02 3.701220666554667221e-02 3.903344802149577575e-02 1.805467852720704300e-02 1.147176222006983382e-02 3.364889788940312459e-02
1.869882483566978962e-02 4.314980797946389723e-02 4.260910022317859758e-02 1.769207850242629845e-02 2.188857299603857304e-02 3.479224278252693314e-02 3.329638740273050540e-02 1.680690342615938707e-02 1.107057070349494812e-02 3.094171635151414870e-02
1.623049981591672894e-02 3.831618821346457343e-02 3.890502833168225927e-02 1.638441223033084565e-02 2.045748877740466778e-02 3.291857739641909641e-02 2.912056439889091838e-02 1.586123728881377870e-02 1.055713426562364908e-02 2.973235329837527544e-02
1.462563057518738441e-02 3.486470678653383337e-02 3.550317702217995613e-02 1.536976002235541927e-02 1.936810311527806250e-02 3.129151529434425622e-02 2.628840723668985843e-02 1.511450380197857171e-02 1.009125387114594846e-02 2.852033139385489607e-02
1.321157133725882685e-02 3.243437686186742552e-02 3.169751195305241243e-02 1.442756103164519708e-02 1.797874902209610840e-02 2.989756547281203353e-02 2.322882624671604446e-02 1.448458488521645569e-02 9.755928753068876871e-03 2.660505624623872578e-02
1.212316673425195904e-02 3.058125348938001142e-02 2.871582464669819937e-02 1.373091983762123915e-02 1.730575094660057739e-02 2.857973216871897634e-02 2.121086119412666365e-02 1.403228270037438878e-02 9.357929174338759648e-03 2.566514693844080056e-02
1.130766593815875007e-02 2.920537570449212653e-02 2.620018736825389591e-02 1.320703508117912137e-02 1.606150666195659688e-02 2.787652777457534994e-02 1.959140822558486095e-02 1.359685823587150622e-02 9.049528737888721738e-03 2.419254999650034821e-02
1.050567966111068743e-02 2.791438543526470611e-02 2.348000247294493650e-02 1.226747355881650965e-02 1.528479954974667522e-02 2.629735911162583983e-02 1.835610691301700279e-02 1.341020488838198105e-02 8.751503237783021458e-03 2.315516877665984782e-02
9.800257944071718089e-03 2.651057369719677162e-02 2.129501827198418407e-02 1.172699158734496171e-02 1.438722874905626163e-02 2.515893265898391448e-02 1.721951408738073286e-02 1.286450488885688449e-02 8.418406279414748089e-03 2.181772154404392969e-02
9.341840660838722846e-03 2.532526824568513343e-02 1.917340730005485938e-02 1.128266229560111883e-02 1.362531251427565732e-02 2.410705946368655109e-02 1.612380122815840547e-02 1.249833102058117880e-02 8.416999095669378331e-03 2.128201566164592343e-02
8.802533459893090162e-03 2.450704612046296707e-02 1.710602679381872243e-02 1.091734440612471789e-02 1.274024191439183766e-02 2.300352509414521976e-02 1.533350315237172641e-02 1.238546731927196200e-02 7.882425692610566317e-03 2.008502251773414474e-02
8.329508519417582954e-03 2.350192042779736257e-02 1.521934004893667376e-02 1.001756909266870305e-02 1.198766427025146734e-02 2.186981739654959497e-02 1.483376389989246244e-02 1.186930782500886239e-02 7.814482716260473874e-03 1.965425604299964393e-02
7.923533467132206146e-03 2.235894556563018665e-02 1.353908928813374671e-02 1.016148270421188445e-02 1.134622749033453552e-02 2.098098682485834490e-02 1.415323320039259258e-02 1.161248578374630275e-02 7.389482752290887739e-03 1.878830709442316782e-02
8.219812456398169209e-03 2.147024597638572466e-02 1.222738959833133063e-02 9.122962428414121971e-03 1.086308707854691767e-02 1.951537499589689126e-02 1.345116704206175857e-02 1.129588042496278665e-02 7.250832222492586444e-03 1.777227058501854376e-02
7.233527650794471277e-03 2.058166256140972483e-02 1.085277687822592055e-02 8.716420269857994355e-03 1.014682459483903787e-02 1.877716785068663657e-02 1.286100695024287172e-02 1.094797995697859884e-02 6.955008688526759415e-03 1.711012690947896070e-02
7.068762486263844430e-03 1.990129445257563662e-02 9.688816537565302436e-03 8.349728056069040741e-03 9.813351344368708568e-03 1.734698626209476430e-02 1.254837646681375603e-02 1.069887048908270931e-02 6.730488127191054312e-03 1.677479596515581844e-02
6.880065298192289749e-03 1.939390517880857159e-02 8.737699977988821684e-03 7.995075439940380058e-03 9.328462957489300558e-03 1.629666254436623607e-02 1.194149223483602709e-02 1.029716573755719115e-02 6.545699941745790167e-03 1.645633168481722836e-02
6.528319151969891841e-03 1.824451555759672855e-02 7.986190154455685003e-03 7.614159548139238544e-03 8.799862500397971632e-03 1.503064546251198230e-02 1.158384536468196578e-02 1.005908650582331039e-02 6.421999685084044465e-03 1.563857172674115031e-02
6.321773311833103759e-03 1.742892909687879244e-02 7.431503010319502958e-03 7.336137890031914008e-03 8.481063111792834161e-03 1.415940599669876683e-02 1.119260515096296565e-02 9.702362883457953460e-03 6.386136862300845034e-03 1.555536298695620913e-02
6.309458189061230640e-03 1.668183730350757815e-02 6.809444827314269609e-03 7.060876933006571092e-03 8.185485171298153770e-03 1.310353500502569116e-02 1.081241727771146618e-02 9.444375533467353270e-03 6.077772243304881833e-03 1.465746735794199763e-02
6.058123035918525426e-03 1.594014180463733041e-02 6.400379410667295620e-03 6.896663483081814927e-03 7.877744950608637706e-03 1.245307562282586822e-02 1.048062726573730126e-02 9.161908173891581547e-03 5.908156122227514045e-03 1.447345336851187970e-02
6.004467096405549653e-03 1.521966707771959734e-02 5.866859787108311131e-03 6.786961924310708043e-03 7.691073622719367051e-03 1.161491207381526794e-02 1.015835695541088615e-02 8.878317102840678834e-03 5.969848602695761175e-03 1.382957084474984756e-02
6.308065807690267819e-03 1.452390795893021211e-02 5.682549015006603879e-03 6.423960951193322284e-03 7.401200570483413253e-03 1.101202453968464293e-02 9.799509263684117594e-03 8.621884503923645665e-03 5.609302808317537942e-03 1.386376424148733945e-02
5.608095625474728875e-03 1.382614387993374994e-02 5.256035063778806068e-03 6.234344009322483060e-03 7.147021746047543984e-03 1.040431886136035378e-02 9.532295868914889350e-03 8.470908413244545437e-03 5.580200775901955970e-03 1.319525502099990096e-02
5.693814701541759747e-03 1.310900555377512815e-02 5.021093441428200327e-03 6.068920447374368671e-03 7.030917214679238171e-03 9.818212069174919038e-03 9.413611264035908269e-03 8.173246354504696762e-03 5.389005354188641621e-03 1.278510926938517499e-02
5.969976804896592187e-03 1.242095219591524656e-02 4.859550581418061940e-03 5.930622416759137594e-03 6.781428696794449332e-03 9.332120796707716465e-03 9.091663971131624597e-03 7.899522055933789685e-03 5.312924760077612947e-03 1.243778821635548558e-02
5.352704785108593384e-03 1.186744132295889168e-02 4.663330918507777902e-03 5.767346622231178492e-03 6.649468914674193550e-03 8.921435028082371627e-03 8.837351738679817201e-03 7.661927782844557208e-03 5.215608783369907187e-03 1.227907097421520460e-02
5.219723214330970404e-03 1.107810872438360662e-02 4.556832860720705022e-03 5.634776771451132336e-03 6.460976123937266051e-03 8.392768639840947689e-03 8.590540781779374552e-03 7.430858347180741875e-03 5.160810957011750279e-03 1.171873097574915347e-02
5.377041726419425419e-03 1.049957776930838561e-02 4.360742903524631765e-03 5.506756719041418224e-03 6.434434029038703894e-03 7.959624830142857446e-03 8.370731722455742110e-03 7.204680125510664994e-03 4.995723618999029642e-03 1.136672428189977602e-02
5.068318673290767365e-03 1.019827720752046821e-02 4.313636768952862355e-03 5.430582958628688353e-03 6.156574173944805335e-03 7.531137947002825364e-03 8.339254746338103236e-03 7.231795035114316032e-03 5.085583676088921250e-03 1.096762329172380583e-02
5.041714477853018531e-03 9.295276902015536802e-03 4.150635440181421436e-03 5.287507822211864883e-03 6.048252327823037434e-03 7.172687890459261521e-03 7.997991871108868500e-03 6.874865659698321980e-03 4.800353732167546468e-03 1.075119343972344259e-02
5.003159361328037014e-03 8.820224594790395528e-03 4.089291713600444467e-03 5.271807685641976236e-03 5.930046966207553651e-03 7.108705697852387741e-03 7.853883487859125365e-03 6.658161172450057820e-03 4.748544643149923451e-03 1.029305473195908302e-02
5.069022502873246801e-03 8.159613403328396311e-03 3.987035113286954355e-03 5.104247557755934445e-03 5.839480991147705767e-03 6.485599739700647834e-03 7.639953602301908543e-03 6.520998779422473683e-03 4.745153661198127718e-03 1.004268316471612632e-02
4.921451035562627793e-03 7.903366435026967785e-03 3.925896746009465907e-03 5.059588711969807175e-03 5.732237611224123668e-03 6.133466212664893252e-03 7.497100698384930213e-03 6.318139819416050164e-03 4.619418063386508851e-03 9.602339695578577042e-03
4.812485701837897721e-03 7.351476905424609437e-03 3.852165377170207235e-03 4.943369859065507507e-03 5.848904580796562142e-03 5.858518652416390068e-03 7.477083991366422801e-03 6.163124025619228820e-03 4.484210940530090200e-03 9.161192860473505242e-03
4.706832543503180165e-03 6.983964528812854240e-03 3.805979959407993288e-03 4.854249536007241780e-03 5.484974140037746256e-03 5.580091978048937543e-03 7.187329316856001619e-03 5.960214581266933161e-03 4.594824163218558417e-03 8.943364222520813062e-03
4.685517737510065325e-03 6.912394794811574719e-03 3.781525275309761090e-03 4.868014069740863627e-03 5.421223362823959432e-03 5.339273410608785103e-03 7.056963880997446301e-03 5.863301468602091608e-03 4.408695768066293527e-03 8.511476407719074239e-03
4.730900634778129055e-03 6.664426018169227611e-03 3.736328925450793821e-03 4.703011750284672061e-03 5.327206667918403873e-03 5.179295814975533666e-03 6.935340012038695469e-03 5.741151994799712117e-03 4.348810422633569463e-03 8.225004082670543323e-03
4.614065533646284807e-03 6.077659096991244042e-03 3.681250597869443249e-03 4.667517802968061333e-03 5.338880299285033229e-03 4.955435846431127667e-03 6.829524357635074344e-03 5.545603789345912062e-03 4.297187978594735683e-03 7.925324683984383972e-03
4.566002568802511596e-03 5.893267280526592183e-03 3.697556454278429824e-03 4.589358717651307283e-03 5.127799720963717271e-03 4.801673167507860239e-03 6.664097208342485527e-03 5.411772243071657010e-03 4.314750826275004156e-03 7.654344878359323201e-03
4.578641767275878731e-03 5.609373275989821238e-03 3.593528514303257013e-03 4.511212631271113195e-03 5.060641800185488454e-03 4.657557824751195827e-03 6.653498486229506188e-03 5.517034329056700812e-03 4.193663937276007926e-03 7.333818845776314196e-03
4.519086358135635147e-03 5.644382054541737317e-03 3.849745651676925867e-03 4.504406500336191610e-03 4.996768266849573210e-03 4.506731863228871995e-03 6.523624875972542335e-03 5.176730258550811016e-03 4.120460241826343073e-03 7.150916708009690155e-03
4.450586924878464044e-03 6.590130708171377909e-03 3.542939276971906939e-03 4.428463491291686691e-03 4.967385208250404277e-03 4.444899562554662995e-03 6.370980893358435884e-03 5.075036804723407485e-03 4.160604655955877328e-03 6.925235574139678579e-03
5.187562569745656632e-03 5.449142757895339070e-03 3.506393249150389566e-03 4.382657228079381642e-03 4.859831785975650235e-03 4.299234332527566982e-03 6.349747321147164621e-03 5.086532658409174783e-03 4.169728333716407088e-03 6.663606503504236438e-03
4.510263019085124572e-03 5.107391818983338799e-03 3.540803954601073888e-03 4.357989108881662847e-03 4.801710596975822774e-03 4.215840382840206797e-03 6.160567664812456427e-03 4.903629068444100708e-03 3.978425103345362493e-03 6.428926501120887579e-03
4.434010734744003868e-03 5.186394409401658828e-03 3.453000197286411072e-03 4.330448693683298933e-03 4.795740006532493022e-03 4.157620863361003241e-03 6.237763232841584023e-03 4.776480617345107808e-03 4.105966784898950478e-03 6.239506108858725551e-03
4.516439525026862828e-03 5.252014023546694270e-03 3.435599597753045097e-03 4.302655735481940823e-03 4.732127477076707167e-03 4.047636428841675134e-03 6.012984452794641055e-03 4.750675924261457510e-03 3.892285967281728775e-03 6.086183903958228801e-03
4.424573919860314876e-03 4.744914089038074906e-03 3.460799226306511371e-03 4.264575216140329209e-03 4.635806291472323835e-03 3.980144021469906278e-03 5.956098400199633797e-03 4.575301170256673711e-03 3.863899978625829745e-03 5.986714944430942924e-03
4.292912981480617556e-03 4.780109751614275426e-03 3.436461227982877398e-03 4.239382592715982938e-03 4.579807497198968604e-03 4.100107879848438434e-03 5.776551284932816485e-03 4.464492048847263500e-03 3.834659991393786320e-03 5.830039705304945925e-03
4.254238746094421951e-03 5.059154720530975764e-03 3.397797663924026577e-03 4.221018110338864773e-03 4.622884055690308115e-03 4.207680846437648371e-03 5.717336578712377444e-03 4.443306049439452697e-03 3.874295127471655015e-03 5.658894341406634117e-03
4.420009626643877330e-03 5.579799827790036040e-03 3.386020216880602455e-03 4.198917617479121581e-03 4.523841539419040485e-03 3.847647039742686619e-03 5.761145769484622356e-03 4.330701567899211332e-03 3.880593919021790850e-03 5.588875537109243459e-03
4.299236351840675201e-03 4.408998588714852819e-03 3.352383313385621719e-03 4.150047044409557219e-03 4.425607570337200015e-03 3.810508818615309864e-03 5.572017491957729184e-03 4.298892626671167554e-03 3.812840759404015865e-03 5.566827220572618216e-03
4.310654052956281422e-03 8.063777519625479201e-03 3.325838683764579043e-03 4.133129611130833582e-03 4.368589525118583144e-03 3.877465913487122395e-03 5.497740001925456414e-03 4.365640877747278999e-03 3.746087447549295308e-03 5.408557892709404263e-03
4.182287287055276928e-03 4.768100981623583576e-03 3.338962942833170484e-03 4.136185261176589592e-03 4.315327800600860658e-03 4.067630903530111003e-03 5.419477673942352247e-03 4.225089780502938770e-03 3.690144198741759397e-03 5.275582352779916405e-03
4.254840856497565764e-03 4.364607537988754622e-03 3.352242476849739018e-03 4.136167709800933796e-03 4.275859198190656504e-03 3.725224014775875038e-03 5.340256194706419213e-03 4.121477419241121112e-03 3.985964872823196357e-03 5.251308603168394241e-03
4.132932471184233743e-03 4.244555763891264162e-03 3.372891450373596313e-03 4.096799189826650853e-03 4.249497037752921966e-03 3.713313019306488470e-03 5.265803171930265487e-03 4.067208232035317284e-03 3.629438258891752242e-03 5.100394889146354048e-03
4.235634469105960080e-03 4.581485947905920147e-03 3.314642219312507413e-03 4.077525387712515985e-03 4.249640598566916359e-03 3.680719371329911095e-03 5.266262723248898991e-03 4.034766022954168474e-03 3.618388096901180382e-03 5.043465858432171281e-03
4.139814349154573650e-03 4.274844012454133077e-03 3.271627027971590797e-03 4.049083668334357670e-03 4.164094920357761485e-03 3.671250707171920015e-03 5.183897145941999615e-03 3.962367863527574592e-03 3.611630198484775279e-03 4.938464462066039992e-03
4.112597421164809579e-03 4.287726496400172220e-03 3.260481500649700919e-03 4.043620168800114885e-03 4.133479805315495512e-03 3.632199863214946155e-03 5.131595288149921538e-03 3.870155775659217100e-03 3.570772079563951183e-03 4.890675610883809393e-03
4.124659653075571190e-03 4.790555798005952277e-03 3.280439503902478349e-03 4.048901095095453796e-03 4.091689855847492618e-03 3.631862874226863668e-03 5.000056049399104717e-03 3.818494104472462333e-03 3.531656131557713279e-03 4.881085894004873887e-03
4.078493139645634341e-03 3.986613339425848501e-03 3.278927715559616391e-03 4.013271875140209978e-03 4.058576535789108763e-03 3.680549451358211197e-03 4.979481705774789317e-03 3.792505221979997586e-03 3.490635032106229746e-03 4.767314076572344746e-03
4.031294009483994689e-03 4.901064452009914856e-03 3.221346710850516402e-03 4.015016111936310639e-03 4.066224813185956299e-03 3.581885131043198358e-03 4.888372829929685942e-03 3.765680786186503468e-03 3.468544860713653616e-03 4.757267505169586637e-03
4.244790905237330429e-03 7.800935802480003615e-03 3.253028694301329359e-03 4.041607293229629826e-03 3.991629552633632443e-03 3.596542667950111336e-03 4.834651560032991909e-03 3.739794195061382255e-03 3.463122725521543353e-03 4.713322593679283509e-03
4.025867686584178214e-03 4.379393540600408710e-03 3.211740048986400694e-03 3.976268256272159560e-03 3.957892692874187025e-03 3.566692489411883195e-03 4.788058279899339367e-03 3.659613935102814554e-03 3.466816851098915471e-03 4.614485826519566097e-03
3.993436115451454334e-03 4.703369173533417449e-03 3.229451362527642391e-03 3.974452050619399143e-03 3.934500049358650477e-03 3.537958283841238609e-03 4.745419018220231600e-03 3.647861195570676045e-03 3.451365862624294553e-03 4.555499802677772520e-03
4.099515205689538075e-03 5.702905636489268709e-03 3.194748246881293913e-03 3.969151959108698467e-03 3.902568231668812528e-03 3.650841950010105461e-03 4.713680953540811888e-03 3.583324032131309476e-03 3.589465762888575245e-03 4.484065059861271074e-03
4.041513041654822003e-03 5.936121990973955605e-03 3.196151758735068203e-03 3.958685897954446892e-03 3.856840263560635824e-03 3.541157033447342190e-03 5.002703520339059871e-03 3.566452048978471356e-03 3.387304267347950471e-03 4.467887034162044968e-03
3.925780294605870323e-03 4.819234995439757030e-03 3.238275537036748065e-03 3.947911486799835813e-03 3.819622699475837008e-03 3.490176112953297105e-03 4.592037479253227583e-03 3.695908505697942641e-03 3.505572161922379786e-03 4.429911289501093155e-03
3.994552240263416973e-03 3.871509407082767210e-03 3.203219954356435663e-03 3.957709680348087990e-03 3.796115401918565349e-03 3.673347963239728415e-03 4.551468837221260555e-03 3.497503958560720279e-03 3.366677493270431656e-03 4.468276649110715891e-03
3.948298220454489124e-03 4.811521537738838727e-03 3.172963361473564187e-03 3.936565017026253180e-03 3.784319241985104228e-03 3.478109571989565149e-03 4.615343235785531774e-03 3.442078387198997148e-03 3.345791005475571688e-03 4.354486548907201236e-03
3.912266009473508097e-03 4.129383946085273850e-03 3.171550423192006588e-03 3.943110835982159904e-03 3.764778084658239928e-03 3.551342175396517489e-03 4.444299332567160088e-03 3.409050484178046889e-03 3.318245045033657841e-03 4.319200458401932334e-03
3.919072307395852703e-03 4.062077211706274782e-03 3.158971339563154939e-03 3.909298889973661893e-03 3.762683250163012874e-03 3.528815581943114607e-03 4.497965767910226328e-03 3.548309845481226622e-03 3.256473552565599359e-03 4.484357186184514434e-03
3.977792806490644192e-03 4.400429060633993458e-03 3.159006509004086936e-03 3.891245429851256359e-03 3.743165646190300608e-03 3.558623117727432745e-03 4.401235441258112384e-03 3.358652959427963890e-03 3.271857477584199161e-03 4.324288351956787416e-03
3.972882721030733012e-03 9.724351698312353257e-03 3.155670914193781183e-03 3.935041512083036798e-03 3.659289391113069913e-03 3.466582708472764566e-03 4.351828445670552839e-03 3.346658563741876716e-03 3.267389056061855562e-03 4.248501368478731915e-03
3.925728680589947971e-03 3.844488154822994774e-03 3.151093152434299334e-03 3.903582982249538709e-03 3.648865455798492967e-03 3.585156176882130837e-03 4.325891705840919678e-03 3.339430136782312042e-03 3.229985507257605165e-03 4.247444404389268992e-03
3.873680449511122340e-03 4.478569732331520899e-03 3.145233038774087990e-03 3.883023361913526695e-03 3.771792242290260711e-03 3.457941327606168722e-03 4.261521476792842940e-03 3.277125378912603641e-03 3.302135673418993625e-03 4.253774396929387892e-03
3.917378132456841508e-03 5.159947732523166054e-03 3.149990135522965761e-03 3.849977211329022077e-03 3.601069797947240546e-03 3.456603910743353061e-03 4.279272378135345715e-03 3.271031219626898464e-03 3.298447989620538218e-03 4.191584863416696581e-03
3.811229785264548878e-03 3.979983688181683819e-03 3.137135123748553602e-03 3.869748824317583488e-03 3.713926004780473099e-03 3.769805555622773256e-03 4.261774819069214654e-03 3.331707958846711389e-03 3.261431379032132469e-03 4.239221215060464711e-03
3.850077237240332340e-03 3.799854681328052215e-03 3.205121738643445465e-03 3.834470587263898514e-03 3.580291177406161145e-03 3.400176496058038809e-03 4.198248014205605352e-03 3.244718048306836130e-03 3.202266113684883609e-03 4.132973595263343680e-03
3.887874322962730275e-03 6.203302191266961418e-03 3.135853988919383960e-03 3.828089851364835199e-03 3.557854592624080936e-03 3.399221277624051366e-03 4.129700297944224885e-03 3.340783854996175802e-03 3.173733783779985121e-03 4.079033959868395842e-03
3.854561493775536356e-03 5.351093917559683957e-03 3.119673379052669351e-03 3.829383610062456287e-03 3.518211646853776093e-03 3.385268946985572295e-03 4.104939314003771059e-03 3.291453924306858222e-03 3.365527245785053436e-03 4.152059127643110970e-03
3.900670598987009911e-03 3.712027049164456482e-03 3.117795441809468812e-03 3.834349645361871065e-03 3.559742577005712161e-03 3.449060335173394134e-03 4.073484575390418083e-03 3.178479786481546669e-03 3.154352128163403091e-03 4.055884774390504897e-03
3.844054920155306511e-03 3.850058477926684292e-03 3.123342505712140438e-03 3.812324633705630687e-03 3.478390722581071407e-03 3.350259164745235212e-03 4.121821453122676004e-03 3.160298577480581770e-03 3.333600307275432027e-03 4.040512390476020017e-03
3.967382620171587028e-03 3.690350336972812728e-03 3.111360382930578386e-03 3.802874464304655412e-03 3.460805553267330345e-03 3.510031958734206869e-03 4.048817467267083227e-03 3.193159998911233779e-03 3.281114768174534738e-03 4.031444800986576892e-03
3.774740621837156373e-03 4.714815503769303855e-03 3.131195583321207121e-03 3.804521272963493333e-03 3.453899949186472768e-03 3.355045299532751542e-03 3.997784262618211786e-03 3.152431010359149546e-03 3.156705254800209678e-03 4.047499643025044211e-03
3.841647829287766179e-03 3.613647178697802862e-03 3.132539515495399995e-03 3.788853787701416693e-03 3.503967537878007518e-03 3.415915944809556817e-03 3.946629675670862251e-03 3.120831505125797652e-03 3.161408417952071056e-03 3.998867778200317254e-03
3.739983334694440241e-03 5.660790714346124533e-03 3.109174155973290846e-03 3.783199552829681882e-03 3.414822350929381991e-03 3.471228667949818533e-03 4.031193783200812120e-03 3.152871283032643562e-03 3.133814478219783175e-03 4.012086811919208726e-03
4.366128573998938160e-03 5.142140139384168175e-03 3.119148506286062959e-03 3.793316396435833515e-03 3.398471397863391669e-03 3.496323176220527285e-03 3.963301786665584907e-03 3.093625772592278802e-03 3.130595547425386611e-03 3.996756316175238515e-03
4.667761608596881530e-03 3.831246483589643981e-03 3.096151250825043572e-03 3.761536449974356607e-03 3.381606266223730669e-03 3.657017323125719144e-03 3.914770626307561077e-03 3.099715186999189853e-03 3.077214715364764378e-03 3.924489670749467009e-03
3.768523759653244140e-03 7.426005977038041897e-03 3.274033192190474017e-03 3.762597137134183253e-03 3.365942520459541589e-03 3.333076467500182584e-03 3.921984235937776148e-03 3.083112160081369867e-03 3.066740542534700849e-03 3.931081722422387868e-03
3.696076745165439732e-03 5.374660502976729565e-03 3.120262424290713189e-03 3.754463219642216291e-03 3.369233915372801987e-03 3.421853720670550887e-03 3.945175436188524086e-03 3.081499985163506459e-03 3.085973472605015554e-03 3.899393561272404985e-03
3.696364273485858252e-03 3.662680194518574614e-03 3.089922349185336616e-03 3.752866998078102905e-03 3.340629103168953323e-03 3.405802001010838423e-03 3.758438723325583253e-03 3.035059723731897002e-03 3.026726623033959909e-03 3.900582394486820474e-03
3.733874519886163073e-03 4.010508222991909962e-03 3.162515897548200550e-03 3.757433758831621798e-03 3.395913845952447819e-03 3.537568170464488928e-03 3.792896524647792686e-03 3.022628780939571984e-03 3.010246279077809749e-03 3.979684170822838339e-03
3.668368148116596655e-03 7.682548599926593627e-03 3.167606935758715634e-03 3.739274740358057309e-03 3.324501697687528949e-03 3.337690230222514591e-03 3.877846081110755162e-03 3.042634772886431728e-03 3.108140288095638613e-03 3.911781832295123038e-03
4.109469398067907772e-03 3.518533720040191003e-03 3.094128739167350400e-03 3.740062547094153127e-03 3.333686346635627955e-03 3.297274264773895295e-03 3.704722372907140633e-03 3.049410105178987709e-03 3.009282236570325238e-03 3.857061467529430705e-03
3.681217598764222314e-03 5.738618805566809457e-03 3.187620227058426698e-03 3.728893986160332699e-03 3.308926999693524371e-03 3.296759626591398359e-03 3.706755924358933526e-03 3.026411459830150204e-03 3.041715188204502287e-03 3.841605811396247173e-03
3.691916292935414588e-03 3.870703411816737907e-03 3.064563519348112441e-03 3.755932924356192738e-03 3.284302845807948214e-03 3.280335901683391689e-03 3.661476512110775107e-03 3.023499921510725170e-03 3.017423807483797689e-03 3.824227742578409275e-03
3.668000780646383293e-03 4.179352375743578506e-03 3.058323838156765291e-03 3.711213601840818166e-03 3.279131316756365294e-03 3.368594555275692976e-03 3.687944845379044836e-03 3.019053676583579367e-03 3.041497159633999373e-03 3.934504931426052732e-03
3.692610535714211523e-03 4.451402982226486046e-03 3.075859539812630158e-03 3.709221934980186115e-03 3.263545110600739579e-03 3.293931820444175648e-03 3.630310854449742171e-03 3.028138901980215007e-03 3.184330189754204943e-03 3.903547640745332926e-03
3.881405733405189976e-03 6.318999912922880144e-03 3.044821129570002369e-03 3.698983322819597314e-03 3.248295147088125535e-03 3.447433908362859938e-03 3.600468258647044652e-03 3.020467014279140574e-03 3.025517053156726120e-03 3.876741997044930513e-03
3.768660265340646656e-03 3.702393799209689317e-03 3.043624462676154750e-03 3.692738597686076509e-03 3.242049026335220782e-03 3.281407428845096227e-03 3.597413795517609512e-03 2.972055901096254393e-03 2.985969412155663107e-03 3.778943992423158729e-03
3.625930789746837236e-03 4.272840237428934124e-03 3.040195263902026410e-03 3.696781005070498387e-03 3.232760820432661365e-03 3.316963380907264093e-03 3.759055231813269397e-03 3.132969990341030742e-03 3.008545465108026801e-03 3.787294742896763280e-03
3.671904312929731747e-03 3.643392769872725104e-03 3.039603546452395149e-03 3.687591710486526862e-03 3.277571422450192840e-03 3.426897391091537556e-03 3.552426206155932190e-03 3.075460510409258608e-03 3.020143316654397454e-03 3.794507765705129858e-03
3.605412327225332014e-03 4.172840798255985327e-03 3.035666090030956013e-03 3.699041698854096689e-03 3.236275902155644289e-03 3.286345182805783076e-03 3.503824975422769467e-03 2.959159869719268227e-03 2.985127525885282549e-03 3.747513895232891783e-03
3.628727201569464239e-03 3.502506159550272148e-03 3.056306185801822665e-03 3.716468524245866451e-03 3.245341822448291006e-03 3.540251439606268823e-03 3.514634255595080244e-03 2.988848191747096178e-03 3.016349904805803398e-03 3.757763065411438754e-03
4.559917781754796451e-03 3.957939007311363049e-03 3.035821014331849688e-03 3.666127807904338409e-03 3.234141207065268850e-03 3.226084984629123183e-03 3.505717754299896190e-03 2.979251467078954975e-03 2.956034382427232855e-03 3.780701857501578018e-03
3.634440013290216216e-03 3.835723175237087078e-03 3.036512772306088331e-03 3.663684341169137597e-03 3.251169288821907730e-03 3.364256464299352368e-03 3.656107292298616755e-03 2.981294427036846641e-03 2.915928130539139317e-03 3.752525675602518852e-03
3.590453240828162494e-03 3.795773015422081696e-03 3.026858418678186630e-03 3.687680990183169871e-03 3.282474404198699319e-03 3.306683310603938768e-03 3.550781135874239627e-03 3.007817164884896404e-03 3.250925939353855980e-03 3.709701220601185900e-03
3.630888965784023151e-03 3.440266155904707530e-03 3.097825806608461244e-03 3.653116978038549977e-03 3.176325490174620753e-03 3.232826228247029626e-03 3.491194778647969434e-03 2.961092169263895672e-03 3.098899255913003473e-03 3.721208730472832984e-03
3.622889276382360371e-03 5.123497597142995935e-03 3.050675877259711143e-03 3.648454841064659084e-03 3.153096925575562572e-03 3.214875078028030502e-03 3.465046830499640251e-03 2.925317158951789859e-03 3.005603070440326235e-03 3.685644500954321934e-03
3.617023474777671631e-03 8.265833223715244454e-03 3.026396678026400857e-03 3.644577208441209578e-03 3.183522441621421985e-03 3.405639725814027172e-03 3.419030518335066694e-03 2.988106074337088056e-03 2.863544662119527594e-03 3.742329286083758214e-03
3.582907417504846426e-03 3.486834692737655287e-03 3.025852872472463949e-03 3.712915242674074637e-03 3.156290160710497391e-03 3.305112053890326036e-03 3.396944358865146198e-03 2.949932224368240295e-03 2.896735966438405974e-03 3.746845151936639869e-03
3.616522640562613855e-03 3.859180661563247575e-03 3.011690060884127627e-03 3.631441236049679812e-03 3.175163574529890620e-03 3.477679460942404051e-03 3.393776445730356094e-03 3.039608532730250605e-03 2.912286143456486315e-03 3.784716356454677442e-03
3.570844283140779587e-03 3.474852093623617601e-03 3.032110781911642391e-03 3.637016540313033324e-03 3.216658984830120076e-03 3.298316154553108514e-03 3.372328545294280173e-03 2.982573345304105270e-03 2.946799951270250018e-03 3.661250181169663914e-03
3.723080656446873561e-03 4.835367512248524118e-03 2.999614831678848459e-03 3.629382670068621256e-03 3.135781195663803114e-03 3.249638940816840672e-03 3.473249092605394141e-03 2.975999499022734165e-03 2.806524127764662910e-03 3.722487535607961213e-03
3.558331119919217866e-03 3.498632629231222032e-03 2.995529925286985733e-03 3.645914025732077159e-03 3.103031671642332481e-03 3.212799492079636710e-03 3.338921585627325182e-03 2.896762831937679979e-03 2.839451239092162082e-03 3.653462099688379629e-03
3.551734514637974131e-03 3.491375922889266865e-03 3.011067567814741490e-03 3.613572518346645345e-03 3.105374955980128547e-03 3.447395193655710625e-03 3.359799984288884024e-03 2.943308895286665065e-03 3.232421446304345122e-03 3.644553280360774122e-03
3.585168578143475924e-03 4.011398354551874192e-03 3.027981084012431028e-03 3.634558024802441323e-03 3.094647935321421725e-03 3.257714910107893658e-03 3.350077006599054986e-03 2.917725718933342465e-03 2.808070712136873526e-03 3.622355386506147246e-03
3.556618007872410295e-03 4.071482904984924205e-03 2.987963814931530841e-03 3.629937556800471796e-03 3.099761232532403411e-03 3.212927062993908237e-03 3.305626880110618809e-03 2.969937037610485657e-03 2.853038160829980859e-03 3.659783512234484650e-03
3.539655098241592437e-03 3.482007371844159701e-03 3.109752960732828277e-03 3.616174060135427665e-03 3.136303642332696588e-03 3.225360928146415659e-03 3.284393028231983192e-03 2.859172388773235061e-03 2.856610986689727631e-03 3.612645589484242067e-03
3.703328321003913643e-03 3.204342944669773610e-03 3.015542299745075944e-03 3.601796154748051169e-03 3.088128075722174071e-03 3.192040588770610112e-03 3.280585610930427266e-03 2.928919694832246307e-03 2.829071171853118384e-03 3.611983036634265534e-03
3.619965656835592155e-03 3.353086242236914469e-03 2.994675347262404190e-03 3.593278782019793203e-03 3.068228021680981764e-03 3.396076681175878766e-03 3.285795005113872208e-03 2.894481396801015620e-03 2.836437249622893782e-03 3.598971051552358157e-03
3.609743924686772357e-03 3.486863871951127822e-03 3.020762397089134764e-03 3.589466661930659514e-03 3.075289982250638179e-03 3.250237902866968693e-03 3.260503496496988587e-03 2.876711952560475054e-03 2.885283115650550106e-03 3.868722439648867445e-03
3.529709250575131189e-03 3.819973625122080347e-03 3.041312429588961634e-03 3.588272005723783849e-03 3.113439000483459156e-03 3.351169299445824236e-03 3.420783019037243727e-03 2.913804146739914797e-03 2.891921933897964592e-03 3.577817106463788803e-03
3.563377246235221833e-03 3.204268308321373774e-03 2.982787794111943502e-03 3.585698234285648617e-03 3.053785802394224248e-03 3.172483859883588192e-03 3.317949983720022266e-03 2.891216819845579284e-03 2.789509962575870920e-03 3.587778038467342827e-03
3.504962261972767619e-03 6.561793640462307980e-03 2.998949586506018550e-03 3.606888080989442084e-03 3.057263994899486748e-03 3.173202282756309653e-03 3.277382244898052049e-03 3.095910802066775738e-03 2.797521475897078551e-03 3.600113501695235540e-03
3.496265649898401291e-03 3.775658823090234303e-03 2.985263878683533205e-03 3.569369959641649319e-03 3.047958031482395601e-03 3.175731194401421389e-03 3.220702919746684829e-03 2.848197118212880685e-03 2.816091930198444913e-03 3.708460293192134861e-03
3.491927707370589325e-03 4.888209937951957552e-03 2.973366001056619492e-03 3.602531389128376619e-03 3.029106873759010617e-03 3.211444788759267900e-03 3.204888950917348257e-03 2.855080073832331165e-03 2.763673544581837435e-03 3.557474479986090510e-03
3.499795268877670552e-03 4.795769061998047395e-03 3.015120936238310876e-03 3.565922701576660497e-03 3.040412610968674673e-03 3.151047071485398466e-03 3.263370948892985700e-03 2.879261175018648592e-03 2.890160588855572501e-03 3.559682659145201305e-03
3.654765302753963316e-03 3.974684774436132439e-03 2.964080442226226138e-03 3.578632107900053035e-03 3.013607024124549325e-03 3.184385130539755301e-03 3.235235329352532160e-03 2.846660865308232608e-03 2.771481387360900418e-03 3.554121860202384946e-03
3.492645089704106941e-03 3.312179913442530980e-03 2.977150468018865872e-03 3.559579291426431813e-03 3.017244302446652447e-03 3.203203322724214059e-03 3.197625117281074122e-03 2.871578506001039744e-03 3.241105332818444446e-03 3.594280510337197459e-03
3.586613160476100938e-03 3.131093914914622085e-03 2.971564473835158066e-03 3.598091516843934714e-03 3.032031747376138977e-03 3.161345180034612085e-03 3.168372581178061000e-03 2.925211213107896824e-03 2.790551895855022165e-03 3.533121484995714340e-03
3.543015576792417701e-03 3.303898771504940220e-03 2.961149944502103424e-03 3.541558250058225200e-03 3.002771886502384954e-03 3.172144293516611195e-03 3.191463618244678394e-03 2.903750824461436269e-03 2.779301300681692299e-03 3.605550406439544681e-03
4.010830709600477287e-03 3.310751470827680027e-03 2.970918271466190582e-03 3.567212335947699507e-03 2.996984257269416987e-03 3.194340128249584070e-03 3.153684881492502170e-03 2.925614249579679398e-03 2.830529514371926594e-03 3.518927855016332727e-03
3.726992604681706768e-03 4.285880401793271989e-03 2.978663766730792455e-03 3.537495042316925447e-03 2.995404281603928666e-03 3.338016063243456986e-03 3.134774021219987900e-03 2.823947248252552025e-03 2.765601957590222305e-03 3.511308539985996766e-03
3.486658709459502115e-03 3.171178778811899277e-03 2.980224550623542922e-03 3.543564686934674423e-03 2.996222424734217189e-03 3.194786677552708190e-03 3.139011348547753304e-03 2.836655406675060807e-03 2.763223002671708756e-03 3.525832867482983461e-03
3.621603057553554952e-03 3.997682135292434172e-03 2.944213858308315692e-03 3.617447219506629650e-03 3.012560361874415046e-03 3.261973917290149263e-03 3.194301290949385762e-03 2.818502668426907647e-03 2.729492177802798122e-03 3.504557877973792784e-03
3.469506393956008246e-03 3.154045013807258140e-03 2.983764991270692994e-03 3.583282283919086292e-03 3.204374589987021328e-03 3.153913776278455521e-03 3.171899998429399646e-03 2.807740876353975040e-03 2.761853414670257210e-03 3.502957814005862400e-03
3.499961647502707052e-03 3.227171108230145365e-03 2.963200734658686785e-03 3.530562224637402973e-03 2.985893232373394712e-03 3.369014482851555650e-03 3.114600246543397163e-03 2.867728444837543481e-03 2.709031067637682113e-03 3.528913295846641297e-03
3.463538071811129906e-03 3.205193405129792839e-03 3.010201802896479012e-03 3.528392620739530944e-03 2.968291256709335284e-03 3.138273950418024680e-03 3.133946975024323733e-03 2.867712948370633019e-03 2.716488021537816211e-03 3.521489522720176648e-03
3.464409281873873092e-03 5.062306302802855630e-03 2.962665914109297548e-03 3.561550302086587648e-03 3.045323714170963640e-03 3.159862219594416696e-03 3.095948113464612982e-03 2.856024989571928716e-03 2.839163405707459398e-03 3.524845157695330727e-03
3.532275927629198800e-03 3.568006586164738144e-03 2.931931645998225432e-03 3.545877470632437332e-03 2.993067339508182281e-03 3.138495701273525187e-03 3.081072388218437236e-03 2.819475702395341649e-03 2.703613997679434403e-03 3.460478632021956377e-03
3.884152755293948135e-03 3.432887665771403203e-03 2.946183944171880224e-03 3.517766715716621247e-03 3.130668816945937193e-03 3.170762223527952370e-03 3.095756439981884982e-03 2.997226293066577920e-03 2.703468010391534091e-03 3.495843779607930944e-03
3.565192971267974915e-03 3.085213059127325710e-03 2.948599521420445114e-03 3.521041604003558034e-03 2.955528142524805994e-03 3.218717895384717170e-03 3.113034789715822016e-03 2.825446066943959177e-03 2.768066882983341408e-03 3.499404466198265985e-03
3.439798822915444542e-03 4.026179451109140016e-03 3.044684341831455261e-03 3.590505330057407098e-03 2.951011036604369187e-03 3.113560156274062726e-03 3.188344288729213789e-03 2.815014957587595387e-03 2.708656293510579380e-03 3.457620078600773684e-03
3.520409526204544299e-03 4.461986421184659449e-03 2.925787752848842301e-03 3.505884031833913454e-03 2.964239279857250678e-03 3.102760243875262846e-03 3.054972813067025582e-03 2.914696478616361427e-03 2.731676626989720715e-03 3.470557895010605975e-03
3.491509268510553914e-03 3.193949683583370211e-03 2.942030722561001475e-03 3.529930257429789858e-03 2.938853021328961118e-03 3.104974911988338943e-03 3.155834017354469580e-03 2.834479045271765928e-03 2.752863622021025324e-03 3.437895929405475597e-03
3.574146195642302539e-03 3.119353348001938087e-03 2.934882917748832861e-03 3.500356613690171204e-03 2.963753879517463160e-03 3.201227994254136986e-03 3.035366443687971191e-03 2.915153825365406418e-03 2.713239265023083442e-03 3.442165936888714247e-03
3.565010362839416899e-03 3.089230381762294621e-03 2.920765206385344658e-03 3.494950213727694103e-03 2.944441924922640546e-03 3.097545238115852282e-03 3.021066590760835419e-03 2.839015171669376919e-03 2.719578791076756891e-03 3.438741289353786090e-03
3.788887962013937159e-03 3.068382060198693393e-03 2.940847597231820761e-03 3.516729066346109284e-03 2.930246535604746384e-03 3.238779015750819276e-03 3.022717519478694721e-03 2.880065903807341263e-03 2.701140084712431826e-03 3.425053814556461729e-03
3.507986733992525443e-03 3.105077938907602197e-03 2.959668556625911096e-03 3.481161189839281425e-03 2.932352328358444650e-03 3.241463463446929687e-03 3.008707062529593704e-03 2.788553840151994888e-03 2.800244965604429658e-03 3.439878122694960908e-03
3.418989160317490502e-03 2.943513664973637384e-03 2.926111007764303860e-03 3.546195333779427958e-03 3.059895324909411417e-03 3.204458415713391968e-03 3.066845873366249881e-03 2.780231683605122791e-03 2.657137749154411636e-03 3.413921624014258551e-03
3.426327493692420990e-03 3.386917559686491302e-03 2.918162886974598556e-03 3.485771764114842502e-03 2.918880643258288648e-03 3.148740335892152766e-03 3.038479017680480090e-03 2.777896503647407818e-03 2.814960998449644609e-03 3.404232312204975939e-03
3.426866515595750756e-03 6.969650093731475683e-03 2.918848980533576137e-03 3.481194347766988339e-03 2.962155169017143333e-03 3.098190810733609819e-03 3.036424146771079906e-03 2.810400023430449212e-03 2.698840184897733068e-03 3.468120515235516895e-03
3.488586004754229680e-03 3.246030113910988290e-03 2.920736025814274495e-03 3.501057483365283690e-03 2.904406638896119171e-03 3.196541246532262712e-03 2.999999019840867386e-03 2.798093460321334196e-03 2.701497482439676502e-03 3.409502223353321534e-03
3.447323606163811387e-03 2.949568525065948254e-03 2.919337349966763182e-03 3.478543902848726509e-03 2.932511881810883052e-03 3.119615403864306642e-03 3.010113904503174207e-03 2.803620429697431440e-03 2.712304583261150766e-03 3.417463843532933965e-03
3.403455078632229742e-03 2.984610992545966811e-03 2.910137825358522553e-03 3.515220536299611814e-03 2.923304775322662676e-03 3.120456433302343843e-03 2.994494407832866759e-03 2.779392954657882581e-03 2.675989272541954862e-03 3.488094328370748738e-03
3.459072646718731620e-03 3.120994763391726334e-03 2.914291393976609426e-03 3.477890842979614473e-03 2.906441349303867140e-03 3.054436142437741940e-03 3.006798582387115292e-03 2.836836624192072727e-03 2.926278791342303356e-03 3.403343801802193730e-03
3.420203134894449909e-03 2.994609132430639444e-03 2.903527653094525006e-03 3.466987042916853164e-03 2.905293343877199050e-03 3.060521908915056575e-03 2.983020773818124017e-03 2.759162370003923666e-03 2.680595822891238683e-03 3.370856957445429129e-03
3.823117296661066380e-03 3.037837995900776605e-03 2.900552001052842093e-03 3.496669599492077066e-03 2.965116790764618562e-03 3.070930702605305894e-03 2.981873243525573307e-03 2.767987565222372343e-03 2.640884277069007954e-03 3.440116644164071483e-03
3.485061885996615285e-03 3.209440698307826963e-03 2.985497480027224718e-03 3.459851015774000928e-03 2.912592920747368412e-03 3.058701588218087561e-03 2.998389561595037577e-03 2.773147485192870368e-03 2.683047061560330220e-03 3.379368822923101839e-03
3.971969874708468524e-03 4.031069815963641244e-03 2.947933906908461760e-03 3.457833615693362179e-03 2.937064871770050326e-03 3.141111355756200357e-03 2.967167201479349418e-03 2.765002526525339732e-03 2.631019320712900747e-03 3.360667809675864891e-03
3.419421860367059893e-03 2.865112525676466286e-03 3.105106245592318456e-03 3.451089912063255282e-03 2.887759923893883866e-03 3.164756414660290819e-03 2.994233481435378767e-03 2.786556313703479355e-03 2.642059360170129385e-03 3.493587085953005385e-03
3.422417776397094699e-03 2.846885221130299355e-03 2.980386021720784259e-03 3.481718798780859565e-03 2.925541437430545164e-03 3.065943317556762363e-03 3.091827861345697575e-03 2.818554832512730653e-03 2.681825731767429298e-03 3.386697345461214901e-03
3.378230346628237259e-03 2.958060122642647543e-03 3.029662159863059662e-03 3.437844234145915560e-03 2.906365415497668987e-03 3.084487501702292463e-03 2.940053065372922984e-03 2.905163812022558238e-03 2.659750366976845401e-03 3.388774836192205535e-03
3.381572642840321562e-03 4.320977388758599248e-03 2.909469686644513848e-03 3.503156344455321362e-03 2.890260802005048708e-03 3.169238136326199464e-03 2.963025144733826260e-03 2.768323720331744391e-03 2.712576236404686154e-03 3.355767960752055121e-03
3.407346109531772440e-03 3.088346305047029797e-03 2.925718291225384415e-03 3.459175087348732944e-03 2.884314385873728605e-03 3.079941115968523515e-03 2.945639303463747083e-03 2.789079222444318905e-03 2.622262558127457649e-03 3.350365948647878248e-03
3.404117123619225006e-03 3.066432670209238813e-03 2.873104896406022350e-03 3.454608274840665055e-03 2.879230075263430454e-03 3.032252980995843190e-03 2.933663856105116902e-03 2.994402690633150236e-03 2.688544477803824027e-03 3.375008444059037459e-03
3.638306786516630476e-03 2.916120067766413484e-03 2.878132969352413268e-03 3.433598819343348322e-03 2.894237221699610084e-03 3.065976758404272747e-03 2.939017024091715967e-03 2.755723460900467818e-03 2.593377476903747838e-03 3.373336687478633699e-03
3.493475899273388620e-03 3.641617803917953245e-03 3.208968025460918073e-03 3.433749683831904993e-03 2.884834108802180122e-03 3.150056544742110831e-03 2.928228956723386445e-03 2.770723643623807138e-03 2.624693186582840749e-03 3.342139190689755266e-03
3.438704191174053910e-03 3.055546828484855502e-03 3.026315370339060108e-03 3.453506471775494822e-03 2.867621277885746417e-03 3.042169597643559157e-03 2.970012066298397934e-03 2.772690255980060463e-03 2.659372803573545503e-03 3.324068171544987751e-03
3.405459096270567910e-03 3.068977382365568538e-03 2.910666703466789282e-03 3.467158328705376418e-03 2.866794191185791790e-03 3.123148050414851183e-03 2.919069961498297477e-03 2.874897836527356455e-03 2.616629907292204998e-03 3.357061835800411679e-03
