5.674270302841364494e-02 4.102647167520689225e-02 6.011814254429471982e-02 3.721508652473040635e-02 3.777496945563268982e-02 2.581181248621073135e-02 3.460596046364499551e-02 2.184356483543330521e-02 4.622730354728282753e-02 5.067151182722771235e-02
5.413371184819963655e-02 2.688112261250524826e-02 5.263020616785166195e-02 1.951263324151647147e-02 1.796623012213138804e-02 1.627639566306549046e-02 1.741018667948784557e-02 1.184740265613608116e-02 3.991847289714315489e-02 4.327715437981034113e-02
4.439500797154593420e-02 2.160514765006641552e-02 4.826562942076080553e-02 1.345612589614874829e-02 1.310669836520176115e-02 1.263372735304788518e-02 1.226792604087995585e-02 8.518077052472082869e-03 3.412785976302371710e-02 3.687219838367956914e-02
2.431081391953409526e-02 1.931245252638550541e-02 4.461502341592204351e-02 1.117016342416038248e-02 1.185853268198715227e-02 1.077850543150366165e-02 1.063155686080154323e-02 6.952650648129361267e-03 2.865532200470591664e-02 3.097806359512466842e-02
1.692763755142841567e-02 1.769448120586163131e-02 4.097498736136500480e-02 9.859033533554127648e-03 1.147400987861519478e-02 9.402642299835157688e-03 9.735666214119354650e-03 6.048127839488270929e-03 2.421549276269877732e-02 2.737049311244749844e-02
1.427658513343292752e-02 1.639659788247388450e-02 3.612338435726508007e-02 9.122656430241557479e-03 1.079727344427124612e-02 8.511909954084864727e-03 9.040659203393055371e-03 5.467805963908211990e-03 2.114015294951961804e-02 2.503377981056305671e-02
1.244595800867803748e-02 1.493131731554349709e-02 2.901976546374551366e-02 8.466412807792481759e-03 1.025084032500384740e-02 7.779829463886864943e-03 8.447321261769277084e-03 5.151874892009124414e-03 1.945479371485287629e-02 2.301478739890622238e-02
1.125291827260910260e-02 1.378659548684428235e-02 2.163839088453002255e-02 7.999546588029433913e-03 9.856451311043954930e-03 7.242161571350623495e-03 7.959950497348905474e-03 4.721365585663642520e-03 1.792814225782369056e-02 2.157390991582855758e-02
1.021837650042739000e-02 1.242373114084553351e-02 1.841218274537005650e-02 7.763234283105755786e-03 9.358676777723135692e-03 6.729553945686399946e-03 7.461898092512294495e-03 4.475990502555077417e-03 1.707605509089043377e-02 2.043880913277150088e-02
9.301343854959079338e-03 1.109630689304981141e-02 1.611522033224036324e-02 7.305728254678126726e-03 8.928528986270403700e-03 6.448762142564043280e-03 7.035792244494294516e-03 4.312714429191347870e-03 1.641199520122747432e-02 1.950369034864472134e-02
8.528141497685484337e-03 1.002061412032982136e-02 1.518921068499356000e-02 7.002871455248264355e-03 8.535868270786681547e-03 6.018536747140223499e-03 6.741668868474615280e-03 4.199977676377909981e-03 1.583844683587424737e-02 1.854313767458360893e-02
7.880682240752777054e-03 8.929614549170810170e-03 1.445156134534856564e-02 6.701217904483826142e-03 8.055912915280682984e-03 5.752697174832706664e-03 6.411897346060639949e-03 4.096360438698549988e-03 1.525976621445129626e-02 1.776363005948041959e-02
7.427817168422955890e-03 8.042966519685543214e-03 1.378445214529006382e-02 6.439688716307531355e-03 7.701551672859647396e-03 5.537283764988078574e-03 6.007193151598967835e-03 4.027842000187441436e-03 1.464157684598352271e-02 1.699101584124990821e-02
7.013418576290156650e-03 7.308803014568385562e-03 1.318577412203741570e-02 6.205852043441410608e-03 7.422089469804468535e-03 5.376046837736308918e-03 5.820528349250662405e-03 4.033252921707155235e-03 1.403676378119271193e-02 1.625652814381664535e-02
6.511378954238598686e-03 6.875343411486970271e-03 1.259123903134500705e-02 6.189663156073342380e-03 6.951139091635769561e-03 5.177748582040240903e-03 5.753779430073568436e-03 3.791070200375532256e-03 1.346270579537491366e-02 1.554065418193595165e-02
6.286285556460088041e-03 6.449509385170816220e-03 1.201689343473046935e-02 5.927583665496659673e-03 6.569726039851426537e-03 5.064470372032166094e-03 5.293493052411829894e-03 3.721624423977604960e-03 1.284976389444238143e-02 1.493090301058582273e-02
5.993119367279356111e-03 6.073700077874588307e-03 1.146458005778550754e-02 5.620375626824328057e-03 6.315654009554427101e-03 4.994995702941182163e-03 5.078884785437447376e-03 3.850010313840897345e-03 1.220959533021886111e-02 1.405486336185572151e-02
6.029365236291358079e-03 5.742877996347724341e-03 1.095845743108514458e-02 5.501787683722283821e-03 6.210000221461511698e-03 4.801150390372971484e-03 4.931880499630013175e-03 3.749552347279778031e-03 1.153091093522198157e-02 1.343232674751562369e-02
5.698508209450291011e-03 5.479850618162746337e-03 1.061201304484132163e-02 5.365693109685433851e-03 5.827736332193011841e-03 4.713158213030690588e-03 4.768124537874533428e-03 3.561115412298533102e-03 1.082682717738499972e-02 1.289778652978090974e-02
5.631642524557126106e-03 5.665557649187882155e-03 1.037377997666564210e-02 5.171025244356594955e-03 5.568010407382059483e-03 4.585126902666230089e-03 4.635538149578288802e-03 3.993246088874051990e-03 1.020985924076122861e-02 1.258049554990386953e-02
5.399226505062530886e-03 5.139018011588758136e-03 9.880526730852118994e-03 5.034961694135613695e-03 5.501956554631329266e-03 4.502723673903499119e-03 4.486755888040635208e-03 3.897237114942319128e-03 9.428524859297753372e-03 1.187423199842542465e-02
5.209622223753554437e-03 5.089806921212195606e-03 9.411054373783618934e-03 4.931975764829611870e-03 5.238289427098917136e-03 4.667016676150614191e-03 4.385459213520285192e-03 3.545192683202360966e-03 8.852043555784892478e-03 1.162738889094403621e-02
5.096999117010761818e-03 4.844155283970684803e-03 9.002887030894964754e-03 4.759527180498807249e-03 5.071427745073753442e-03 4.414432139760804744e-03 4.429144085510328295e-03 3.610256932271556016e-03 8.281398446015428294e-03 1.114451824041492664e-02
5.096898242977344722e-03 4.679929700554387277e-03 8.753481890701545962e-03 4.675006026021995970e-03 4.925810840891731331e-03 4.404340770822254628e-03 4.250129198400654472e-03 3.368862272369993558e-03 7.633745049990933208e-03 1.087880571498367650e-02
5.077684530574936260e-03 4.770569551390903967e-03 8.156553252098028631e-03 4.587812648526574597e-03 4.835744520871951800e-03 4.316983341668551022e-03 4.092585974676293814e-03 3.814263612081693084e-03 7.091019966591451465e-03 1.079337263426372560e-02
4.820576574076406232e-03 4.470014615918409609e-03 7.943716097400559811e-03 4.464589318401305032e-03 4.756776172695795050e-03 4.241635225563367140e-03 4.019567749523660083e-03 3.337700819895782212e-03 6.624383555033612134e-03 1.035274111963472438e-02
5.247522985599557821e-03 4.352172196914256240e-03 7.730595649589211242e-03 4.379027877593550527e-03 4.608880067781830590e-03 4.105231006334341889e-03 3.981698721136658729e-03 3.318105177448599230e-03 6.235857863249458059e-03 1.030870664569174568e-02
4.763146135839324384e-03 4.438882680286910035e-03 6.891816361135459472e-03 4.316770927923491673e-03 4.502200582609268593e-03 4.078897408157567371e-03 3.891442667897854375e-03 3.429107227471772570e-03 5.701119014152694793e-03 9.964660496298525030e-03
5.324621118803897143e-03 4.193214972874850788e-03 6.550651909195867248e-03 4.191683288891308312e-03 4.464044013838981521e-03 4.063397397528307857e-03 3.835907966336439198e-03 3.319403389401233331e-03 5.291996958600077988e-03 9.768397303681201557e-03
4.728050149183185037e-03 4.178921527140240684e-03 6.174172782996266255e-03 4.116888135849079353e-03 4.358933518037765194e-03 3.946024976572285077e-03 3.787008729792048535e-03 3.387587250982078933e-03 4.995725694854342806e-03 9.667575335543018150e-03
4.781786126478316211e-03 4.103208885888919195e-03 5.897290267848305512e-03 4.057733586939098018e-03 4.296960076930943229e-03 3.898800022374354548e-03 3.714756693454469242e-03 3.475573368113048754e-03 4.767231720813920950e-03 9.406938248427752433e-03
4.749260581863580695e-03 4.209194454584411216e-03 5.646564964739931788e-03 3.975036978571904432e-03 4.208214221457359447e-03 4.050957325502508623e-03 3.664691758582312286e-03 3.188091274348214821e-03 4.506756759737044760e-03 9.189736581716505259e-03
5.080994918388764478e-03 3.999428162586950164e-03 5.406660774545470061e-03 3.912376768279694599e-03 4.134526966825351028e-03 3.776626228730547031e-03 3.660984006816829592e-03 3.181266029601930150e-03 4.390961683143498884e-03 9.027243109020704689e-03
4.750911626537676798e-03 3.896282606937567523e-03 5.197238699184694374e-03 3.862403737153166563e-03 4.091860341149122955e-03 3.744085898460191089e-03 3.687536793828464707e-03 3.165626794901470545e-03 4.202247572637421089e-03 8.814105591164970305e-03
4.805329299027540253e-03 3.875777870954599628e-03 4.958790797967460584e-03 3.794729037249090255e-03 4.064578667335371105e-03 3.785437033519553456e-03 3.779838249642617116e-03 3.191231356653150691e-03 4.067095541894372862e-03 8.637682291123606818e-03
4.475571238930809402e-03 3.840992198115440823e-03 4.814203307515469224e-03 3.777892145033589881e-03 3.974339026075975924e-03 3.651504115046198991e-03 3.510432744680993915e-03 3.198771645067253512e-03 4.108106679999291508e-03 8.480611384459055616e-03
6.788692121790233097e-03 3.787450735719712948e-03 4.622017256249677693e-03 3.762894175808290803e-03 3.975709358070229731e-03 3.678120383908871274e-03 3.533324002044103615e-03 3.207651898539570171e-03 3.812128763777395627e-03 8.370590795754776978e-03
4.411782632470015106e-03 3.771942977081163290e-03 4.498536386070552291e-03 3.659140924807488364e-03 3.913459193087029213e-03 3.620811961487880454e-03 3.454361067019919972e-03 3.156828461719521969e-03 3.773197083390479687e-03 8.475742612205889800e-03
4.259586453926245651e-03 3.700659980753499920e-03 4.467831833207989815e-03 3.638039865632255575e-03 3.992212007412758966e-03 3.556172292385647617e-03 3.446070778993064795e-03 3.101541865987225265e-03 3.675416160919360228e-03 8.029507355430291066e-03
4.336673739711845686e-03 3.742097578453190080e-03 4.329685587733001807e-03 3.576426646345149882e-03 3.812528220230784921e-03 3.532350040554899789e-03 3.421169741650961511e-03 3.071067853740882484e-03 3.624106093906624866e-03 8.087829205235921512e-03
4.411760618130702687e-03 3.696392565129027075e-03 4.221968630609025490e-03 3.534380058532299827e-03 3.756298470993767354e-03 3.501268757528066839e-03 3.395294070747310444e-03 3.555579505782266447e-03 3.549782438264325896e-03 7.641928850563475643e-03
4.536711597566947009e-03 3.663221791074256807e-03 4.155606105426007391e-03 3.513053079332153616e-03 3.749942149767706949e-03 3.472671284354310155e-03 3.335035429940635260e-03 3.039521861265524934e-03 3.537528947631111455e-03 7.456869015584407547e-03
4.199799493270246417e-03 3.546564059765693142e-03 4.224928398983119303e-03 3.485849528766958236e-03 3.699520103277195802e-03 3.438887332780393366e-03 3.341261547284562605e-03 3.348616471386643700e-03 3.488411067977375320e-03 7.473491473176740486e-03
4.397852798232445258e-03 3.519824061214004308e-03 4.018324996884811012e-03 3.437851000203571549e-03 3.679810487599271228e-03 3.402475430577063878e-03 3.316784839664653050e-03 3.480763078372618290e-03 3.449710073282524075e-03 7.243982661354520132e-03
4.185355945608459569e-03 3.501320195900937439e-03 3.931971104894434535e-03 3.398781229119043207e-03 3.637196389608511778e-03 3.564056714069127954e-03 3.282648112185961031e-03 3.225824554289682261e-03 3.429984021848787173e-03 7.004945137813019078e-03
4.990918475179623517e-03 3.479177900704069452e-03 3.935480989521746541e-03 3.364182831910706838e-03 3.698385423333375947e-03 3.523098273734921997e-03 3.293979567837963546e-03 3.269867385581910670e-03 3.412676889831639700e-03 6.912053605640317878e-03
4.657298270861609871e-03 3.420441786687698250e-03 3.897921924144562029e-03 3.332681560684395711e-03 3.617397853748957007e-03 3.770619730023226993e-03 3.261900366666364674e-03 2.969090404649523708e-03 3.394366599311434470e-03 6.805688913251381478e-03
4.013354167589328926e-03 3.428267362284832809e-03 3.838915685013197243e-03 3.325849022289298958e-03 3.581699117103815614e-03 3.337337094647926765e-03 3.231831542782443670e-03 3.029621800554267979e-03 3.559893340709388392e-03 6.592894025613475935e-03
5.036200409494991093e-03 3.381597182718994090e-03 3.757789494029206527e-03 3.312803312876804341e-03 3.570866310274432680e-03 3.340036463841875719e-03 3.246302800539185244e-03 2.890530454730652968e-03 3.503139939268218490e-03 6.531731716765777629e-03
4.436371375754837552e-03 3.377891945265410270e-03 3.733073786914627590e-03 3.267162444869089587e-03 3.529632516312845771e-03 3.311233873596660087e-03 3.222375236655353713e-03 2.912046220601245336e-03 3.349233387862840007e-03 6.460213418612769688e-03
3.969355721884525179e-03 3.336458872482738879e-03 3.699130253460470186e-03 3.249730404887450110e-03 3.491393998507539426e-03 3.427030452685691630e-03 3.233124653105062633e-03 3.101343893921479702e-03 3.346961238412134946e-03 6.273779857094726950e-03
3.928319078857522503e-03 3.312651462527941952e-03 3.806846960968372166e-03 3.293585933906993321e-03 3.471165204049628770e-03 3.562035508877950483e-03 3.296049142794833364e-03 4.387799634056908926e-03 3.405017837929773510e-03 5.974694363941267759e-03
3.983934095500034703e-03 3.295131184250524314e-03 3.690693690596122054e-03 3.202895349998708275e-03 3.565141297498674536e-03 3.312841415169606122e-03 3.206833497390250160e-03 2.867560049908803987e-03 3.271112972019938562e-03 7.597185287351449282e-03
4.078437330728346480e-03 3.292220014103023219e-03 3.638360521629310264e-03 3.190145725358963565e-03 3.449619659667862558e-03 3.321256945812310710e-03 3.212006570063314151e-03 2.860591258442699101e-03 3.270114013566209100e-03 5.812853754171979845e-03
4.179419082662796936e-03 3.306931642371110230e-03 3.599757169765388683e-03 3.167371642721566929e-03 3.455867165658607978e-03 3.208677409006986756e-03 3.152493805593274950e-03 3.115753864357006294e-03 3.289678931039628947e-03 5.828205874162406021e-03
3.897760178539580369e-03 3.287109810095196517e-03 3.596912044781161704e-03 3.173918990791172162e-03 3.363957193047170582e-03 3.260300053294695743e-03 3.140400959678325311e-03 3.476199773617389029e-03 3.266799188389152286e-03 5.525794533549972971e-03
3.960882023392602730e-03 3.220148504513247519e-03 3.799221976558397277e-03 3.146297084935064346e-03 3.480130581004406160e-03 3.491454966131323986e-03 3.125554877622292553e-03 2.996208314343585220e-03 3.260027949795590244e-03 5.374674002089888450e-03
3.898107681814520688e-03 3.174194050983633955e-03 3.635843215816747867e-03 3.109670648811754898e-03 3.305835298276500311e-03 3.181128015325758972e-03 3.108411415185468197e-03 2.992566170323396769e-03 3.222530242871836717e-03 5.351095737651875503e-03
3.975621308358057333e-03 3.178885670996104817e-03 3.679081286364463237e-03 3.121757551922229885e-03 3.291910135819804944e-03 3.422182587518842779e-03 3.127041473833396673e-03 3.429784907776809409e-03 3.226400383473200170e-03 5.217675297896112903e-03
3.725456956886343419e-03 3.164988112165452363e-03 3.546211454785221269e-03 3.095807796651113466e-03 3.381839287027115816e-03 3.173062200889047082e-03 3.131187005485478510e-03 2.745868976364308680e-03 3.223202358755653321e-03 5.251919684973564706e-03
4.387064987986603534e-03 3.194849073054873822e-03 3.482583402494825262e-03 3.104229547900573018e-03 3.321084771044525291e-03 3.175047791650841087e-03 3.104305731579085851e-03 2.836044779174457398e-03 3.267701739130316873e-03 5.112713914868574627e-03
3.748223616019003782e-03 3.133733259348748298e-03 3.467317074544041654e-03 3.072443219316834014e-03 3.350713008069793053e-03 3.217470097408492349e-03 3.071747846515288528e-03 2.864930648835300499e-03 3.248173488855972662e-03 5.499927928680212533e-03
3.712808613357334708e-03 3.126065259697169071e-03 3.443220500573900347e-03 3.056685534674977427e-03 3.232968954522362319e-03 3.121767520288943991e-03 3.127727483157014248e-03 2.886448966202741738e-03 3.214430427225132766e-03 4.795862347839122651e-03
3.700517800536757499e-03 3.143968435873138820e-03 3.428105595726492309e-03 3.047026447941477735e-03 3.202436166055776245e-03 3.093289930804390096e-03 3.119592243462056529e-03 3.059198936104779581e-03 3.244902411792922273e-03 4.856506906335005327e-03
3.703839075613972551e-03 3.085378855210537102e-03 3.425747908490795000e-03 3.069025246044843752e-03 3.237673375026950406e-03 3.089853646423027563e-03 3.087513512462346493e-03 2.692374517717172934e-03 3.217715189872186882e-03 4.993104989629373186e-03
3.578878240386973095e-03 3.070425535840012876e-03 3.420965872495643646e-03 3.050928207047861121e-03 3.325745293908754716e-03 3.060702328687057387e-03 3.111520870637505230e-03 6.614910543740594971e-03 3.253970281929436086e-03 4.661757471851272344e-03
3.794294672364295889e-03 3.070505889285373921e-03 3.386305008772317118e-03 3.075889229081591424e-03 3.249457778892131214e-03 3.070170304936467674e-03 3.061649653413701239e-03 2.850391181412529392e-03 3.189649305480924540e-03 4.527609564123913528e-03
3.835083617156060179e-03 3.113939463819182310e-03 3.415129481750990917e-03 3.005269240462142902e-03 3.220173149728697542e-03 3.097636311720105857e-03 3.046651083925822935e-03 2.766236588714662131e-03 3.154714019477741771e-03 4.603644884524975452e-03
3.909284134025607302e-03 3.113544971758872796e-03 3.359391618391244661e-03 2.990258198531494174e-03 3.169383323551342845e-03 3.102455019074036244e-03 3.122229495573925449e-03 2.819498507590412553e-03 3.142120924198512841e-03 4.865234742246278728e-03
3.694880658796046140e-03 3.029562520246270509e-03 3.387527224059669675e-03 2.952820770385201042e-03 3.175517843485807772e-03 3.087050377068307604e-03 3.077739764962254040e-03 2.831198246819462052e-03 3.143259991981016237e-03 5.754430097953215466e-03
3.550339129570965514e-03 3.028783084110050691e-03 3.430805394153811031e-03 2.945044772860919320e-03 3.152167850967640527e-03 3.101756754696555467e-03 3.054304201975240225e-03 3.490220424433255076e-03 3.137415088321520839e-03 4.263309531202772590e-03
3.520703086937423867e-03 3.052601974635117676e-03 3.355781388387576829e-03 2.943174014623115876e-03 3.276683416580666083e-03 3.115468865334313463e-03 3.029469983750766524e-03 2.740742414335855127e-03 3.118161804519580232e-03 6.066042345572972803e-03
3.470080276125406780e-03 3.016386613683021741e-03 3.365970695852455331e-03 2.979495857659020166e-03 3.273064847767074865e-03 3.083459336735749727e-03 2.996408905216824993e-03 2.913066334184039562e-03 3.185937849967552301e-03 4.384266454548235367e-03
3.924767345357136998e-03 3.009130802683653537e-03 3.320666476317341367e-03 2.905382650432076878e-03 3.154016309447301054e-03 3.130264368350314016e-03 2.994880297818864733e-03 2.849866150362142820e-03 3.116380282114196779e-03 4.512008221938152396e-03
3.452454500430374423e-03 3.004342923545221325e-03 3.312727708108181585e-03 2.891688166282569642e-03 3.425481252131460860e-03 3.003363051052402536e-03 3.029165543964503545e-03 2.701593815064299870e-03 3.276278183904029681e-03 5.315139067607910564e-03
3.664282231956226404e-03 2.989263249810418695e-03 3.363870832530651764e-03 2.891510290788414962e-03 3.175708658782940268e-03 3.451753377314863494e-03 3.147615168743937535e-03 2.827343516510935975e-03 3.106663902520214772e-03 4.286692270860231746e-03
3.722988338139115224e-03 3.091056310042802641e-03 3.310246382678708795e-03 2.966471205052495855e-03 3.164954039010831662e-03 2.992050134543431088e-03 2.974862228295327947e-03 2.639096680027846597e-03 3.094711108986349882e-03 4.038705647995165411e-03
3.940016941491143905e-03 3.021490112143221732e-03 3.279616848018906787e-03 2.957150210425428354e-03 3.184008870697528290e-03 3.188640992270033898e-03 2.986873423546085055e-03 2.704208304002915335e-03 3.108817249567718318e-03 4.146896862057643761e-03
3.385238772753195683e-03 3.025026238199099438e-03 3.302975239278464325e-03 2.843616144831445213e-03 3.135601947947623189e-03 3.226592531481014929e-03 3.056136477460977968e-03 2.646383149690133968e-03 3.088356515919930476e-03 3.891352458024291503e-03
3.403036901734871143e-03 2.943527074320423115e-03 3.298358918290996995e-03 2.843815374966728645e-03 3.316559066729963742e-03 2.962383073367210601e-03 2.984854659542006839e-03 2.639815324940326165e-03 3.091481050883405652e-03 3.824707461268582465e-03
3.367731953394511018e-03 2.929819369461781221e-03 3.327917482140921920e-03 2.859898409646649976e-03 3.148832712937518329e-03 3.031497906087051927e-03 3.041321006052469765e-03 3.158631114508345366e-03 3.074539771409012020e-03 6.654334520611308000e-03
4.140926176648252952e-03 2.931674805216489838e-03 3.252451216640261239e-03 2.813786018568275801e-03 3.179741789955027858e-03 3.012075050432526553e-03 2.954751649473607092e-03 2.733621091824671445e-03 3.157670210096120197e-03 4.110643072197976526e-03
3.586071101811946164e-03 2.921090750458505119e-03 3.257311743644872824e-03 2.811727585011606842e-03 3.316808556637891245e-03 3.007751936935537315e-03 2.968259290202011295e-03 2.623296906452494449e-03 3.064151100451269465e-03 3.862876535471816523e-03
3.193527006490846313e-03 2.915395188074593538e-03 3.250835186938290898e-03 2.811979504212961355e-03 3.165038138782897727e-03 2.956337887800192590e-03 2.975131371592391188e-03 2.638903180523297868e-03 3.158991911796233450e-03 4.009170979598791242e-03
3.397386008150907969e-03 2.915779005571644562e-03 3.236805727828414008e-03 2.799495280988367925e-03 3.222305870841682147e-03 3.023184014068079975e-03 2.964165021717885245e-03 3.003273364751349664e-03 3.067973783691685646e-03 4.302788583119526722e-03
3.460645667804886950e-03 2.910743873987548056e-03 3.249727357853330299e-03 2.784140524105087073e-03 3.189111951426462036e-03 2.921546105893480742e-03 2.973594306827992678e-03 2.605743388586800966e-03 3.124558366291950700e-03 4.108332694195694981e-03
3.226778166553509724e-03 2.993568131275803432e-03 3.300578906476769707e-03 2.770520087915213578e-03 3.078731450808501989e-03 3.088007513068119925e-03 2.943647072010982871e-03 2.705816621577697510e-03 3.059675596357163286e-03 4.092319438865506948e-03
3.321590560863152495e-03 2.895858944125478604e-03 3.313035908652782989e-03 2.760249630706868885e-03 3.132663031954970295e-03 3.048383517834240761e-03 2.956528665919640978e-03 2.876258331206878356e-03 3.043571137080010227e-03 3.661996480819982181e-03
3.223406332973694031e-03 2.908073061962824796e-03 3.232213471079293469e-03 2.798519307429486128e-03 3.048184422201199572e-03 2.935558070275602182e-03 2.982677534840483084e-03 3.879429771107502714e-03 3.033204872523304757e-03 3.856045510506428582e-03
3.188942514673141944e-03 2.925777885194226144e-03 3.208584775174979763e-03 2.825212437169206340e-03 3.074329383096337416e-03 2.951841810108100581e-03 2.960705844070980319e-03 2.564523361721829115e-03 3.048120012919319777e-03 3.807085468999831142e-03
3.537302243227020970e-03 2.910903254345457731e-03 3.207885528103149916e-03 2.727533311840403627e-03 3.026627455590598283e-03 3.085419647636154609e-03 2.989693304172167786e-03 3.075409199870541860e-03 3.059557255484167317e-03 3.609100395203844978e-03
4.392006308264925253e-03 2.899093766885151892e-03 3.249891115043863302e-03 2.748741885754728970e-03 3.111208729394480434e-03 3.008133951582603587e-03 2.984097959268346839e-03 2.619562841694168115e-03 3.088801803868462641e-03 3.984395566323857552e-03
3.185795856581734309e-03 2.887343723786738991e-03 3.227341241967105964e-03 2.721918123255217051e-03 3.105562998966235767e-03 2.973606693835114962e-03 2.907993589716296838e-03 2.624425633456566823e-03 3.176918109178155161e-03 3.698105894252333783e-03
3.625697243656768581e-03 2.887913209149407627e-03 3.199369481993110005e-03 2.776172930755283538e-03 3.036792481700692319e-03 3.017687833824772049e-03 3.026417078839678271e-03 2.638399063652704241e-03 3.052155539048040985e-03 3.908237251734707034e-03
3.224172267288042803e-03 2.868982053007179765e-03 3.188383555674071355e-03 2.719463311431493530e-03 3.173607468883661228e-03 2.897065862216707203e-03 2.935200366983662431e-03 2.696329886906656537e-03 3.054040577423379997e-03 3.594011822975001769e-03
3.111173737032948625e-03 2.898146298462600870e-03 3.203698591576091981e-03 2.704904712733020768e-03 3.137902006860943810e-03 3.018377830679835720e-03 2.906942808099113700e-03 2.732526066775183785e-03 3.059989371589352976e-03 3.815909790543843202e-03
3.046259059660388988e-03 2.905987597381718378e-03 3.179470801859979236e-03 2.689644628360279323e-03 3.002808335004476022e-03 2.942404406410652987e-03 2.903266141544703742e-03 2.663984971970113219e-03 3.018592232445184691e-03 3.541187609319229081e-03
3.135096310641742341e-03 2.842494047894189579e-03 3.174727023910643015e-03 2.748981726063754426e-03 3.045075522427190002e-03 2.893250902056828961e-03 2.897798022265982935e-03 2.697323156545267803e-03 3.030959183247844586e-03 3.640235941124116918e-03
2.968257160533795212e-03 2.871860408519189781e-03 3.191649369360008686e-03 2.693332319701048291e-03 3.114720691664645772e-03 2.877753672322257584e-03 2.939751011756242677e-03 2.520848225540812167e-03 3.094431740108524731e-03 3.481967922404445668e-03
2.996271371761444115e-03 2.853038358278002333e-03 3.247837643463565797e-03 2.668053498664391988e-03 3.000781305358876747e-03 2.955328321394764656e-03 2.882981745963813461e-03 2.866853724010276581e-03 3.141561277877364094e-03 3.843111690335643434e-03
3.465206934542797938e-03 2.829913105425456866e-03 3.221845732057128115e-03 2.670480020828694488e-03 3.217406987840913581e-03 3.099344479666092406e-03 2.920524246578114127e-03 2.556275083616660251e-03 3.015119442544055353e-03 3.474635502362598792e-03
2.924661869036757761e-03 2.846614696281815540e-03 3.226383937716266817e-03 2.818374572671017170e-03 3.143541412684436667e-03 2.889547644948599423e-03 2.909686879620048110e-03 2.669017664959439599e-03 3.026787492630942517e-03 3.530802783048142372e-03
2.935285762378295627e-03 2.824673584177752380e-03 3.163548476360575085e-03 2.651251853411183603e-03 2.993004368116924593e-03 2.992910791726892915e-03 2.876670737041764434e-03 2.550717318765643310e-03 3.075251679056446689e-03 3.489863068705547928e-03
3.258626638020222302e-03 2.830372896623557354e-03 3.165606657612634548e-03 2.654207811449109736e-03 2.987059392047830206e-03 2.916565143918332850e-03 2.882091070170964345e-03 2.791054320241015841e-03 3.224958218933645510e-03 3.621320145188715138e-03
2.946278365956894654e-03 2.840038324348175078e-03 3.221387828815032699e-03 2.654393507419996329e-03 3.159790289726181842e-03 2.889058878482016202e-03 2.924905878842789554e-03 2.564108340335522190e-03 3.010354203793492740e-03 3.629013602826277555e-03
2.882882573830996848e-03 2.829576020763188357e-03 3.192927266310256751e-03 2.680306868601249008e-03 2.985280530498936758e-03 3.033247315738066101e-03 2.863808408751024152e-03 2.877803321603684180e-03 3.005235557050205640e-03 3.653945702629323670e-03
4.070185239835610175e-03 2.825068039249803084e-03 3.212174712284009918e-03 2.668504494146357875e-03 2.998300059680240968e-03 2.923949804886940423e-03 2.880309705833074448e-03 2.524943655704794260e-03 2.975478178657562419e-03 3.412198340843912089e-03
2.967484345430489601e-03 2.800726815798009351e-03 3.165525323747316478e-03 2.639424975334767835e-03 3.080738385664044069e-03 2.844234300364749737e-03 3.032266004632127622e-03 2.511735271409818414e-03 2.989429670967530279e-03 3.371686038135224620e-03
