7.401298145081204594e-02 5.517089257293064652e-02 7.875858085039705303e-02 5.245361894555693877e-02 5.334751921506569045e-02 4.043857407158892719e-02 4.545305813122137856e-02 3.439801305994434621e-02 6.573304093706158757e-02 6.770191704992155335e-02
7.133856243305231049e-02 3.712941854668711655e-02 7.143354583292126081e-02 3.000729708707554344e-02 2.830780095531030063e-02 2.697953732519561831e-02 2.531051947859293966e-02 1.987811730280654096e-02 5.909703002363876634e-02 5.823596903063502084e-02
5.943173158652943072e-02 2.942045944033030991e-02 6.719333393537252341e-02 2.040892629262582719e-02 2.085588565871131922e-02 2.106075437525532085e-02 1.783953443404712874e-02 1.467691488411055657e-02 5.252870602209631923e-02 4.955765998530173994e-02
3.392480597836212974e-02 2.543791694694210945e-02 6.318303394417643104e-02 1.646643199506654665e-02 1.825501175513371058e-02 1.782819230210111114e-02 1.487506127385322501e-02 1.228781972260789904e-02 4.607036337063767639e-02 4.201364143910360505e-02
2.418373631077795280e-02 2.289270882599435050e-02 5.905945056245143210e-02 1.438029055515087709e-02 1.721978754731995007e-02 1.578014757804406185e-02 1.344427008235635559e-02 1.093280167166498992e-02 4.066212681199504742e-02 3.732050045658546339e-02
1.967563764954504552e-02 2.097219180397579333e-02 5.338072592566561747e-02 1.315170406272845455e-02 1.625533838541225531e-02 1.420135002491505066e-02 1.243591220061774673e-02 9.967032960789113868e-03 3.627909094242762894e-02 3.381150320920552066e-02
1.721976692385913596e-02 1.895157291014439721e-02 4.411195567569083792e-02 1.214495464490423192e-02 1.558298689232777770e-02 1.308239866852285715e-02 1.164199011593683268e-02 9.300116414064215839e-03 3.306849490670776132e-02 3.130882931989562024e-02
1.517054480336877363e-02 1.747430686328939331e-02 3.357613256417486119e-02 1.142759886406364937e-02 1.487636322575169173e-02 1.207055798694197518e-02 1.106076547360406066e-02 8.402984628079751897e-03 3.038642352981808792e-02 2.947715231468257813e-02
1.347882901947564799e-02 1.550301433112554091e-02 2.770171316000928988e-02 1.088363949324418732e-02 1.436474275004131704e-02 1.127062460086930389e-02 1.046516937336739415e-02 7.936151522378446718e-03 2.816193146987008150e-02 2.818288927477589217e-02
1.224139054876535911e-02 1.381401822062423151e-02 2.369217895320027342e-02 1.027450814916552359e-02 1.379154612698713610e-02 1.062524268621456609e-02 9.946372450019891343e-03 7.287581950509190894e-03 2.627617716644896004e-02 2.690451034839808422e-02
1.138177811585029328e-02 1.238329645475650699e-02 2.181655615541223947e-02 9.678277744924282736e-03 1.339685715120657837e-02 9.969823715415592272e-03 9.551389819714286439e-03 7.067436595531276060e-03 2.471818917264799811e-02 2.581801187595445662e-02
1.017479699630946532e-02 1.125906689149017495e-02 2.068848752521918258e-02 9.230429899630949661e-03 1.252224812859609702e-02 9.355888210400504015e-03 9.193725899359812131e-03 6.956681439111826910e-03 2.337157801426396897e-02 2.491750560461549260e-02
9.636175479677365832e-03 1.018464471649851641e-02 1.976813911936270082e-02 8.817491760966546938e-03 1.190194329169546802e-02 8.891931831307103504e-03 8.763895049215023395e-03 6.359263660921395285e-03 2.207663094858211550e-02 2.384961325990338568e-02
8.583095772632848980e-03 9.439957069710066401e-03 1.893079455582828696e-02 8.431820863949099354e-03 1.136518548333695887e-02 8.527933607262621826e-03 8.498454110381917920e-03 6.732957100071960618e-03 2.088288461743397287e-02 2.301024594522853295e-02
7.957511663137326746e-03 8.588453393905091937e-03 1.817125712602106827e-02 8.237077764427142013e-03 1.086009417466058877e-02 8.209504859541858976e-03 8.478419187394638928e-03 5.858449594293911773e-03 1.979539196048666141e-02 2.215435264237728546e-02
7.779536250838414366e-03 8.327964865681013185e-03 1.745785563197718715e-02 7.892909079074923728e-03 1.049542347431443694e-02 7.995741812901534934e-03 7.837224885718346162e-03 6.048351596975902293e-03 1.870015665639712665e-02 2.166183200254605604e-02
7.458688923129053010e-03 7.617224272025911042e-03 1.676137942586299404e-02 7.567648195501945098e-03 9.933894219583142005e-03 7.709800159183451303e-03 7.607702130113174616e-03 5.340038608818082830e-03 1.764799979804446139e-02 2.077490932058323470e-02
7.281965251847283098e-03 7.250581934960092720e-03 1.600291486573542435e-02 7.238354587226661190e-03 9.778815324392274924e-03 7.374213661270835954e-03 7.315944291012866155e-03 5.214089266147393931e-03 1.670555406139984100e-02 2.000727305621878213e-02
6.719345464912740949e-03 6.947696412552218682e-03 1.555071503168513510e-02 7.193186686886620350e-03 9.267397389927874846e-03 7.158877107076487556e-03 7.162745128160278273e-03 5.065992304562321608e-03 1.574027359389082795e-02 1.945727254539900142e-02
6.534208087158445942e-03 7.248772696730940851e-03 1.484040128898232377e-02 6.858654745196536909e-03 8.931552649362479307e-03 6.991608056675187831e-03 6.942984800349337286e-03 6.335807977597776759e-03 1.511226651364301100e-02 1.908719962402962572e-02
6.245824109702482856e-03 6.450413708936646694e-03 1.418007005302332826e-02 6.635121961938493171e-03 8.886080494416593797e-03 6.804352516392419767e-03 6.760804079086669971e-03 5.127250892899598740e-03 1.413419422853545715e-02 1.811099239720986159e-02
6.333196735181675224e-03 6.289135385685384189e-03 1.377276510541946414e-02 6.374228090479050479e-03 8.333580233666933179e-03 6.610566012379872312e-03 6.690402220460143871e-03 5.269043915735265558e-03 1.317795015416545201e-02 1.768921300371015595e-02
5.755696587155025370e-03 6.339866472743918221e-03 1.308620442317062933e-02 6.265548898990222666e-03 8.164371846885197515e-03 6.294964936874506041e-03 6.730032452004277264e-03 4.795625679158620376e-03 1.261665532679793686e-02 1.706519124058861192e-02
5.564356656872142953e-03 5.954582051864047709e-03 1.270185638139271350e-02 6.075416395083391499e-03 7.926162936576540766e-03 6.146338926526411471e-03 6.487438533795188492e-03 4.712180753216655554e-03 1.156454833385149421e-02 1.677552803639501336e-02
5.215213415945529549e-03 6.165175367568751646e-03 1.214355218332040416e-02 5.909381901700283893e-03 7.694570833891964563e-03 6.094514910682429301e-03 6.187268926768931671e-03 5.836633472406481046e-03 1.090484355719165827e-02 1.642474968510520064e-02
5.589301912460437581e-03 5.743587982871467892e-03 1.169678096981373316e-02 5.794675378530871578e-03 7.522306259514142251e-03 5.896159279921204914e-03 6.150886197581532239e-03 4.885459447775960390e-03 1.025941111667588376e-02 1.590068159825420643e-02
5.583088936690035371e-03 5.672077408055344917e-03 1.131753760486873227e-02 5.689060919573538100e-03 7.426305880637498920e-03 5.901751807053583036e-03 5.980605042655501476e-03 4.873903676987083322e-03 9.700270170326623018e-03 1.584196888932526762e-02
5.372987158077597962e-03 5.476512269401797965e-03 1.058637124642726815e-02 5.524990064331098197e-03 7.340374721437926964e-03 5.728088658127448475e-03 5.898846337151689503e-03 4.972535951596769414e-03 9.326281269776191471e-03 1.521045862895398053e-02
5.950274449532439239e-03 5.484119954728610379e-03 1.007587155465419423e-02 5.427754344323887023e-03 7.334569796581712903e-03 5.578739980716011099e-03 5.829296184403017465e-03 4.944062992519636726e-03 8.662167921381552782e-03 1.513210028261447251e-02
5.591127509209440662e-03 5.372305586812530821e-03 9.758877609977090542e-03 5.330079437105358572e-03 7.135553367182029781e-03 5.418670461418248659e-03 5.884640814389949584e-03 4.615991583964472109e-03 8.249283036729577329e-03 1.492715348758575852e-02
4.981983806140404154e-03 5.246850350561715025e-03 9.310645652403373718e-03 5.255454216842662431e-03 6.846629696082401698e-03 5.341040732303074974e-03 5.700981746896429184e-03 5.444199799685223683e-03 7.847497095641375181e-03 1.465649286991973187e-02
4.995701572188233387e-03 5.252873300864848577e-03 9.007038802400692962e-03 5.116600376486055667e-03 6.969671811512413891e-03 5.441881484270816131e-03 5.569460605695049707e-03 4.733754549841093402e-03 7.589594151831045854e-03 1.437790837762658799e-02
5.115146968378937904e-03 5.276952421126262886e-03 8.657968750195452895e-03 5.020482716760794537e-03 6.765311557090056792e-03 5.070570013379484091e-03 5.484748564640933195e-03 4.552476270621510189e-03 7.234136105831242593e-03 1.427632383959219660e-02
5.255226833360103142e-03 5.158516939865551848e-03 8.380788046183166792e-03 4.923966265874828337e-03 6.817099843802745633e-03 5.001660670294322437e-03 5.510662360438657592e-03 4.346370075777698794e-03 7.018048526138421714e-03 1.389463175853196050e-02
5.405994385001145451e-03 5.084122226703589008e-03 8.124633173844802297e-03 4.916132019887118135e-03 6.534883639048675967e-03 4.894082906355739712e-03 5.533849569920180900e-03 4.046726497425299357e-03 6.777122530083973251e-03 1.350771689065817516e-02
4.941830904612199739e-03 4.999156365152453672e-03 7.923890086108496475e-03 4.881001779902260224e-03 6.500121246602669038e-03 4.828999853010781419e-03 5.375316464101480111e-03 5.054172206907947378e-03 6.599881074558066468e-03 1.341075998404264724e-02
8.008679078711011118e-03 4.968304167579378969e-03 7.736252953456528025e-03 4.820415573055899378e-03 6.308892652742210949e-03 4.750324452965941878e-03 5.328581931466265000e-03 4.132015242172646687e-03 6.512890248106067287e-03 1.320635745707859909e-02
4.861902465309053852e-03 5.104235455377846911e-03 7.522572703588108721e-03 4.721464095756967329e-03 6.262540884369392422e-03 4.713396396433067702e-03 5.259074861496350686e-03 4.340889392481128012e-03 6.442374054989053085e-03 1.302165079166804108e-02
4.769878200703373157e-03 4.885031989545356862e-03 7.378919665867287800e-03 4.657008635552359679e-03 6.210291062124701812e-03 4.623744545519821968e-03 5.193767833787739548e-03 4.110664284951662945e-03 6.217474539009141751e-03 1.263872407810113542e-02
4.853175813198364053e-03 4.855473057207059309e-03 7.259200504400416774e-03 4.628457055769223324e-03 6.210884141068423285e-03 4.549178313158211244e-03 5.123846533342983969e-03 4.390228262716189440e-03 6.032955650656238525e-03 1.250034470736568863e-02
4.955272563348161671e-03 4.823868858654298090e-03 7.158158611616690856e-03 4.558259861849756761e-03 6.189945242801223220e-03 4.449341510026020435e-03 5.202465705106398483e-03 4.204692415889299886e-03 5.971785100442682237e-03 1.232429036674190757e-02
4.790848457108523237e-03 4.881297641695303384e-03 6.971253641860191037e-03 4.555414065397565652e-03 6.091940492232233821e-03 4.414907783155680963e-03 5.110032773691676293e-03 4.395338756865566250e-03 6.011274331351043436e-03 1.179169837439897860e-02
4.718289522833885204e-03 4.922123665687789217e-03 6.963229390938509462e-03 4.496067612857491611e-03 6.103211742536254585e-03 4.414440133140046241e-03 5.023765238697373847e-03 4.354715553767886035e-03 5.730405797089628724e-03 1.163476706754850744e-02
5.155216197697896907e-03 4.749951715927496626e-03 6.776905676142775184e-03 4.407267811663972447e-03 6.002953391045604860e-03 4.356592043884051184e-03 5.126312328036515542e-03 4.209281244739964019e-03 5.700328398867986548e-03 1.141858472931073232e-02
4.380315510521625051e-03 4.687579570155486069e-03 6.705595295109567817e-03 4.365345267542231934e-03 6.069222462812144496e-03 4.573284209562231660e-03 5.036886811997180399e-03 4.933934281384913696e-03 5.573333109112146161e-03 1.114716778309665646e-02
5.475433283373170451e-03 4.627923326198495231e-03 6.636586629080939125e-03 4.360671029295714284e-03 5.867191637728992777e-03 4.341937952705356152e-03 5.093166672487251315e-03 3.901297655195536031e-03 5.491689035616290418e-03 1.098052155329080209e-02
5.480373722844140635e-03 4.759328356503016513e-03 6.495090494353427356e-03 4.307079199978374254e-03 5.890561774877412123e-03 4.659136114848460956e-03 4.996224950290914166e-03 4.016250091124363986e-03 5.436863915591484686e-03 1.067813714480309213e-02
4.505509284796668443e-03 4.812202451025770350e-03 6.400534273259698113e-03 4.242216905860240160e-03 5.878124990903497472e-03 4.133810258206020716e-03 4.919558497321940664e-03 4.331210923651862728e-03 5.292930272669045706e-03 1.064155761523478787e-02
5.945867174103053668e-03 4.613491701222904341e-03 6.326189654506983624e-03 4.211281862633115859e-03 5.825213612139637682e-03 4.187615399062735548e-03 4.868135831732388688e-03 4.222542697017262620e-03 5.803680420700833842e-03 1.074079569216034556e-02
5.315957515525755392e-03 4.788512687060666149e-03 6.353407305648637628e-03 4.190498145021393298e-03 5.852948050714510894e-03 4.064335819277489249e-03 4.831458041003428364e-03 3.944249460114073076e-03 5.249685003684442970e-03 1.005617865261847557e-02
4.426877938500682619e-03 4.549728828904699499e-03 6.306313700626378117e-03 4.166775146983067377e-03 5.957305629804321954e-03 4.124950453196955281e-03 4.792362268668874138e-03 4.831006934061341830e-03 5.192486314496489244e-03 1.008731741504034427e-02
4.293633985017771167e-03 4.559401381348008112e-03 6.142791712326765158e-03 4.221563304992233950e-03 5.833585508183625028e-03 4.249995157894431372e-03 4.813544033095833695e-03 4.679056164326092677e-03 5.136859041725783982e-03 9.777922676772363500e-03
4.262980945007468526e-03 4.562157733002716528e-03 6.321003724046483745e-03 4.099587972454988953e-03 5.634725852644376261e-03 4.137368546460421827e-03 4.756000022877400306e-03 3.787769847777975717e-03 5.236391584952928072e-03 1.108882631832969722e-02
5.450840643573516726e-03 4.498563826442922471e-03 6.172597593907281147e-03 4.121809810902262589e-03 5.655296794990363231e-03 4.049838986147028669e-03 4.926648076277783186e-03 3.728788716860939774e-03 5.217209349861102324e-03 9.601722908427865952e-03
4.628561720170361500e-03 4.416312129604818559e-03 6.107665644633208761e-03 4.015554787984064455e-03 5.595633160008856889e-03 3.957218469926531042e-03 4.731904774955556642e-03 3.740282867274709235e-03 5.057763452555560577e-03 9.309661561247817643e-03
4.463457163766233748e-03 4.382648951774497162e-03 5.920339824054890454e-03 4.091676123496949466e-03 5.661915649235622731e-03 3.808328052943305269e-03 4.811377400670398263e-03 5.508399999469323904e-03 5.242319126211826205e-03 9.045500925350665605e-03
4.266090512435921980e-03 4.458348158137302730e-03 5.949693250234553386e-03 4.036649703634770034e-03 5.485893368586574823e-03 4.143111645539128765e-03 4.745763893911228090e-03 4.463788198520965075e-03 5.006835818787414884e-03 8.792085457013914390e-03
3.943614372621772647e-03 4.516405618968485219e-03 6.205281010581916411e-03 3.977782787252007526e-03 5.672387678214074400e-03 3.742139340374955013e-03 4.715700946234102110e-03 4.747414858810786523e-03 5.062125858240177495e-03 8.664092676378640570e-03
4.345509757875966848e-03 4.416684439532660850e-03 5.801830205936941987e-03 3.931962736530471812e-03 5.628882839619752179e-03 4.239528921019802311e-03 4.627155396308215395e-03 3.911003571637957157e-03 5.057475507953847031e-03 8.537842601419777175e-03
4.251704625300730712e-03 4.380749893350288464e-03 5.804921795763127480e-03 3.910845596425327995e-03 5.385746890165056533e-03 3.837571159522552410e-03 4.612747785536637848e-03 3.877658046763333630e-03 4.981321677909216102e-03 8.329432139312791666e-03
5.067041222250436364e-03 4.353042087685500897e-03 5.827631264601901805e-03 3.938681407433019047e-03 5.385541904986798807e-03 3.931195499409443662e-03 4.611497964615441335e-03 3.667502746286836150e-03 4.864760921140004642e-03 8.285371849337556591e-03
4.089857955570896410e-03 4.348008863697039664e-03 5.693940670741160295e-03 3.932236352911188532e-03 5.266082523376598191e-03 3.826374460017066548e-03 4.672423767562670742e-03 4.005895045562914321e-03 4.864906121183587041e-03 8.511320268702327052e-03
3.973369495352812621e-03 4.331868687377018155e-03 5.680715282264004948e-03 3.919967508825858080e-03 5.653862921034993015e-03 3.613759160670254253e-03 4.558107988542643187e-03 3.611908333770784928e-03 4.903501880020343269e-03 8.095408830203775635e-03
4.124270241798942173e-03 4.234108122269012071e-03 5.662664166715616551e-03 3.769171861235731148e-03 5.483497019755918626e-03 3.683380094398358475e-03 4.574948418688161954e-03 3.548418939300135733e-03 4.774409217307773630e-03 7.752652282096981692e-03
4.099984311573970711e-03 4.343964175434141678e-03 5.610659782207389618e-03 3.883244832706511922e-03 5.753454292780894874e-03 3.611869592830976774e-03 4.528898691883878266e-03 4.207494711785082254e-03 4.775092598113182124e-03 8.417427164632266048e-03
3.937308538728936935e-03 4.364996952919205676e-03 5.755932130089961435e-03 3.902261626307473082e-03 5.155924889123062599e-03 3.675378952460680183e-03 4.522411150823104492e-03 1.102295023509033099e-02 4.738113566423015656e-03 7.550631954832868510e-03
4.532055603044204094e-03 4.273593354813738296e-03 5.577832171546549117e-03 3.952015217419386876e-03 5.194389038842586910e-03 3.678942705691962481e-03 4.539941245360821533e-03 3.460744944024983158e-03 5.050036483559310584e-03 7.720209289659859045e-03
4.611588462544122594e-03 4.214091490048098125e-03 5.498415333353030496e-03 3.706734934967123411e-03 5.733301049266287773e-03 3.595281511799299640e-03 4.563121277729827695e-03 3.446121562329640224e-03 4.850334978343104862e-03 7.450496750383425563e-03
4.248802441661004951e-03 4.233770175893216206e-03 5.591389298797107277e-03 3.778538777784563440e-03 5.360069499662744631e-03 3.581959827003548986e-03 4.477585093862490769e-03 3.503950656128140568e-03 4.839729773107508647e-03 7.530302106104378758e-03
4.266970280419697149e-03 4.311853889560684702e-03 5.523020596932450531e-03 3.715149181559603778e-03 5.396157036132586890e-03 3.657753374003999778e-03 4.478287902869374816e-03 4.163926533414624188e-03 4.781694253399104179e-03 8.593228610107046112e-03
3.874138221144282634e-03 4.227315476659380955e-03 5.433915713568488251e-03 3.731893747860098084e-03 5.311527313294939386e-03 3.549745813374294550e-03 4.461579645668713179e-03 3.545075723684413139e-03 4.811224686515990119e-03 7.216707912795844275e-03
4.178095582400489540e-03 4.158304496502250591e-03 5.423902783349492454e-03 3.636193542415570596e-03 5.081516581252574181e-03 3.574080361201408072e-03 4.476368333708571727e-03 4.573187956816804865e-03 4.771947166913134697e-03 8.595442547150786497e-03
3.834814848011464192e-03 4.231357524777972640e-03 5.375097764187757032e-03 3.767168877887666200e-03 5.036118712053732835e-03 3.697743271627875871e-03 4.579628834792670404e-03 3.673478830332740051e-03 4.627709773150442789e-03 6.873404055435079762e-03
4.373383626650928849e-03 4.181503456506264690e-03 5.458570539207140138e-03 3.643170474248275028e-03 5.234922072464840911e-03 3.777395607703800274e-03 4.543641475205763801e-03 4.747033850386715367e-03 4.735387494821500370e-03 7.010357100403591737e-03
3.699034385807984868e-03 4.098298717063324735e-03 5.434657695460119904e-03 3.614405123686274552e-03 4.944128456083475565e-03 3.455608508531959368e-03 4.435261761259081184e-03 3.382242955718081211e-03 4.604103103285573685e-03 7.753941599088533428e-03
4.075876669764484303e-03 4.135560633415775490e-03 5.313104135564225561e-03 3.630707071454915714e-03 5.068114770599970419e-03 3.959378090885222468e-03 4.480104428394791373e-03 3.440446365460662816e-03 4.752096409473551344e-03 6.843744132482554136e-03
4.080512258366308931e-03 4.100462608528057835e-03 5.364318729653229194e-03 3.763686331793499821e-03 5.591620668975449092e-03 3.612583572797268324e-03 4.498826868678207531e-03 3.528890331236238329e-03 4.715515686407482053e-03 6.562354777446765229e-03
4.818262594947182037e-03 4.331364188120158214e-03 5.483707144065251907e-03 3.799710679828861154e-03 5.038588024208752285e-03 3.869513299501044397e-03 4.454722783538336145e-03 3.250165533897857954e-03 4.600637434608982786e-03 6.374574286246826628e-03
3.658861577362497453e-03 3.987252468694333501e-03 5.281282579544339592e-03 3.581815887686344482e-03 5.097508833587641348e-03 3.638086036667240002e-03 4.444756648345090516e-03 3.692486126751986109e-03 4.631917807688516915e-03 6.310255350213234138e-03
3.631394445487012759e-03 4.135628515015952328e-03 5.545633087957044759e-03 3.529497815460924844e-03 4.962977662892338604e-03 3.492888777685324974e-03 4.403564354432699772e-03 3.834291705772067613e-03 4.703045955845968663e-03 6.367362489659918190e-03
3.529884884418466474e-03 4.152294494097140756e-03 5.256611762773518402e-03 3.614242908516410689e-03 5.003025653444412649e-03 3.475642418771486379e-03 4.391553598720628927e-03 3.566552826436092481e-03 4.621551085000456111e-03 9.251236906234307569e-03
4.261871937949890041e-03 4.177973003180080087e-03 5.336822430252225087e-03 3.516319430944716065e-03 4.935185405481211894e-03 3.542553802500970558e-03 4.417959718460716216e-03 3.257344596110377331e-03 4.490977650737359994e-03 6.051779272347103389e-03
4.270107095749238815e-03 4.091478772496417483e-03 5.408728704559539850e-03 3.500508107818752889e-03 4.872965990155369090e-03 3.390487802863387939e-03 4.395645089320388867e-03 3.760898789321271470e-03 4.761549301504508329e-03 6.263441366979136116e-03
3.861162808554900131e-03 4.089269715377238761e-03 5.293676499145581402e-03 3.592110361575347275e-03 4.927583928728236813e-03 3.399686096918347767e-03 4.352160864332365979e-03 3.342942437901124438e-03 5.022248440567651795e-03 6.049292610750462741e-03
3.573611105530785474e-03 4.039527720912809705e-03 5.342275540186772545e-03 3.510133560347910350e-03 4.840697061885031530e-03 3.451800264419724491e-03 4.363389016779910430e-03 3.486789557368673038e-03 4.723720266777199986e-03 6.689584037712957912e-03
3.737688781688835917e-03 4.016211749871597542e-03 5.428766827120291329e-03 3.506245925457845622e-03 4.842945716217835449e-03 3.464652261021110898e-03 4.332695633108409571e-03 3.386312290188534923e-03 4.472550117643012135e-03 6.291669382811607668e-03
3.735668563423524997e-03 3.886475029841708010e-03 5.188460304771384986e-03 3.438929467295956128e-03 5.117437384915039800e-03 3.567286077442468478e-03 4.449901197940391538e-03 3.224690574750061454e-03 4.547925221387985606e-03 6.362378826431356639e-03
3.820635957634181765e-03 3.996395724490700747e-03 5.183331347507066748e-03 3.418004502089365404e-03 4.868368180086761129e-03 3.448450777398637257e-03 4.411531447254471092e-03 3.271000981368011630e-03 4.676686949231343045e-03 5.794697864571585894e-03
3.598562161917308148e-03 3.930242117110170977e-03 5.227996729449759655e-03 3.537919101720926433e-03 5.061078111119213761e-03 3.302949712710999061e-03 4.503362009879692020e-03 3.988511172824847455e-03 4.662394410766884309e-03 5.649442326522457689e-03
3.513126662780121246e-03 3.912553457318156472e-03 5.261164777478102329e-03 3.548206936692478285e-03 4.942467197484315226e-03 3.269157223956727261e-03 4.468590276087627301e-03 3.546836604761187135e-03 4.502025659678166904e-03 5.922005996846329591e-03
4.023387717928418768e-03 3.894706387665725859e-03 5.239924856047436900e-03 3.428948550950733625e-03 5.061454413125242302e-03 3.454826247215821849e-03 4.287990131466514095e-03 3.260335203271991309e-03 4.441814680134412857e-03 5.532154508246088509e-03
5.497164918953823323e-03 3.923118633630810759e-03 5.184317239310123719e-03 3.384238546811848755e-03 4.836449727852885211e-03 3.384380801467193594e-03 4.303783664009510831e-03 3.224388302691494172e-03 4.374758174250726120e-03 6.339526680334251450e-03
3.558504300528810265e-03 3.891940522824210991e-03 5.207550884974551132e-03 3.454683085856789185e-03 4.790628390099653001e-03 3.461101655887002543e-03 4.352728029186981110e-03 3.345096647864747186e-03 4.381223135703153637e-03 5.555674932948575194e-03
3.821474730703266175e-03 3.854977441463589959e-03 5.256319968909710892e-03 3.534881657304468801e-03 5.113630498305634688e-03 3.304043936389280782e-03 4.314047423521284556e-03 3.133628177038820083e-03 4.478717390302907296e-03 6.089261358128933085e-03
3.530519755372690804e-03 3.880856311937938390e-03 5.243577129220837289e-03 3.365515157590144406e-03 4.733767306736610773e-03 3.319289052913783605e-03 4.273116873097284989e-03 4.148300639575123495e-03 4.394303448727021263e-03 5.503146298300169714e-03
3.286308992555414098e-03 3.847521955900757001e-03 5.194224356244883309e-03 3.374117730755644626e-03 4.697311360614605906e-03 3.422341493711685435e-03 4.276723065632751473e-03 3.759055985019325516e-03 4.358225513573717701e-03 5.451067387181611837e-03
3.262209912401487118e-03 3.816811465365758330e-03 5.228268693423121331e-03 3.398340486773689193e-03 5.085218749093564812e-03 3.325039301391927594e-03 4.291150891978886238e-03 3.955575431523030219e-03 4.486809522187775248e-03 5.283942707042230125e-03
3.637041868734860236e-03 3.895298284078310084e-03 5.255761740346070326e-03 3.422939563334076712e-03 4.797531310900373866e-03 3.480725142930547657e-03 4.276540908457760956e-03 4.008285014154362898e-03 4.390759320885874450e-03 5.514474531808879164e-03
3.335171932009921552e-03 3.754425998030262637e-03 5.378381922707839609e-03 3.320614293573165288e-03 4.682642503653238787e-03 3.327069061021254662e-03 4.221734508633817780e-03 3.415237696424164651e-03 4.324254653477604092e-03 5.217903958013851706e-03
3.330858467165045272e-03 3.799090997428854113e-03 5.051803220544016752e-03 3.335025310714691531e-03 4.874330092576451348e-03 3.234133519153999884e-03 4.328437260707489534e-03 3.151665044679076953e-03 4.298278144820760413e-03 5.927869311475469222e-03
4.270318837909036803e-03 3.822310105755343922e-03 5.120733198837155650e-03 3.349061186589345502e-03 4.585801268741146117e-03 3.746802251061481098e-03 4.207067987394444084e-03 3.209894539005196841e-03 4.484148561044754358e-03 5.050011064294707662e-03
3.201790571169640161e-03 3.877809378286089376e-03 5.523206283695368535e-03 3.325038673483352632e-03 4.649465617178466514e-03 3.185949900919180823e-03 4.227673488123418789e-03 3.128621799720115483e-03 4.354491669250394950e-03 5.301400712581031023e-03
3.280375199276549560e-03 3.858138060570657103e-03 5.156565518807912536e-03 3.287453527938120814e-03 4.846141337329449086e-03 3.333130828742099372e-03 4.293005218989761999e-03 3.207530337434790282e-03 4.286761079105299611e-03 5.363886334091552167e-03
3.659182344404072074e-03 3.823553680927533911e-03 5.124955700334807122e-03 3.293707021503970364e-03 5.112433848338353987e-03 3.357430092731705784e-03 4.278392569450413692e-03 3.983797410660944345e-03 4.255096481973052493e-03 5.639890397578564522e-03
3.139545034442147147e-03 3.723937946006540111e-03 5.076974751497599983e-03 3.301230424036760182e-03 4.552244312483889888e-03 3.283561398133048610e-03 4.164350867373327499e-03 3.135964437652189862e-03 4.375390588858797496e-03 5.761592867812577283e-03
3.174227617416402678e-03 3.833069599202812081e-03 5.439721426775250349e-03 3.347405483654305753e-03 4.786671985982533621e-03 3.205546758011289243e-03 4.222755429405712288e-03 4.570088688528151956e-03 4.336168551437247914e-03 4.961928640801097079e-03
4.439071652515519210e-03 3.870168539555840330e-03 5.042167480717995101e-03 3.295417920249738095e-03 4.729361110716041004e-03 3.287470378162214886e-03 4.319535552213940588e-03 3.601101470388387744e-03 4.487892587877172559e-03 4.874946924871536788e-03
3.092315839712421119e-03 3.774774523836392070e-03 5.348098115792294070e-03 3.255723863548038496e-03 4.604106461031508279e-03 3.308007431088455692e-03 4.204817916722817898e-03 3.288674340560497449e-03 4.347976876742546543e-03 5.155104479854623681e-03
