6.740136751700979978e-02 6.639000199322596385e-02 5.547462409282544193e-02 4.753668585970298455e-02 6.059090060554255669e-02 5.246596931540296882e-02 5.902975350948615196e-02 4.328449416867775207e-02 2.922067285691270014e-02 6.775697011880008058e-02
5.080785039205267667e-02 5.552375270061789964e-02 5.150797009305609769e-02 3.361868372563014962e-02 4.838006558312429178e-02 4.472593209765047401e-02 5.465413048053124195e-02 3.094580456984822106e-02 1.455698667051058548e-02 4.647284756091914909e-02
3.765055195414990924e-02 5.037320656363442756e-02 4.720354549521863646e-02 2.397924151338436810e-02 3.890282796173977209e-02 3.994290979588447504e-02 5.034393028672987103e-02 2.400919766421031470e-02 1.111887326073059470e-02 3.676419865105492318e-02
2.873616498147183937e-02 4.688023191106001353e-02 4.348108259038402368e-02 1.997428442955595518e-02 2.905383597950119204e-02 3.576032181137464572e-02 4.368490532251863290e-02 2.006791562037483698e-02 9.765743165431573294e-03 3.070809283378242785e-02
2.250970569131989854e-02 4.464391612284802219e-02 3.986385830588894813e-02 1.729873627190525384e-02 2.261145260771030632e-02 3.290597560852353415e-02 3.631727665693210150e-02 1.776034843081243306e-02 9.321455190778678637e-03 2.769203385522165523e-02
1.843056083787966010e-02 4.068611229343178926e-02 3.622312504503845398e-02 1.552982345346531554e-02 1.984235354037861693e-02 3.042050857570095107e-02 3.009850962196024965e-02 1.608322653781880940e-02 9.011465436789385663e-03 2.607769405549360819e-02
1.596288450986939680e-02 3.690881855225363467e-02 3.247913247740663589e-02 1.459933202061387304e-02 1.824834816840881918e-02 2.855586908365660703e-02 2.524923249034824110e-02 1.499167257853183631e-02 8.950432685848283901e-03 2.468354773222835100e-02
1.397077038611593651e-02 3.276798102075412916e-02 2.909788748102191264e-02 1.337594713473181686e-02 1.709291508986084465e-02 2.707125643318879227e-02 2.168967844720318464e-02 1.409150461988317379e-02 8.528337901904907078e-03 2.390098328426086549e-02
1.297123423335861704e-02 2.998803668028800565e-02 2.613747356416732878e-02 1.251162076543484158e-02 1.617693879362749193e-02 2.580576305971109957e-02 1.957270306920325109e-02 1.341203863200204210e-02 8.222455846738169205e-03 2.250418171580016030e-02
1.200878098771536798e-02 2.825245529913807119e-02 2.296468402535254902e-02 1.185345175890398228e-02 1.502495895846061962e-02 2.449967791121530208e-02 1.682811393779280393e-02 1.291484915052485034e-02 7.750405474372906549e-03 2.157317490024725226e-02
1.116596921590051056e-02 2.716232332344971009e-02 2.067373521870629130e-02 1.122066309301900447e-02 1.453050577409776938e-02 2.334242329339637767e-02 1.519723164691756494e-02 1.244752008452451077e-02 7.619671617248516791e-03 2.101350248521630798e-02
1.057778971488695929e-02 2.542203523899758469e-02 1.876900691967746740e-02 1.078873964932154650e-02 1.347102349526212856e-02 2.259066668133030698e-02 1.399583884303154911e-02 1.206512505327689624e-02 7.342999379107561543e-03 1.996030886608770455e-02
9.766905963759219336e-03 2.427712347644693860e-02 1.686904372861164694e-02 1.020976207373322855e-02 1.280956504792631415e-02 2.136891211977611990e-02 1.302495383838363045e-02 1.179419540496578871e-02 7.089416508490997866e-03 1.939062186780936975e-02
9.281648857113002082e-03 2.335621222332130015e-02 1.540361851098783277e-02 9.736027873613219488e-03 1.204769072496965354e-02 2.028741555235927252e-02 1.261093296312547005e-02 1.142518509757540698e-02 6.958914640663863178e-03 1.839727810803983357e-02
8.878387348667684739e-03 2.251947372629003324e-02 1.396181968705956407e-02 9.237441492458349154e-03 1.141097907925347522e-02 1.945758915321144436e-02 1.155737962908524874e-02 1.113147948817673309e-02 7.395479752707902893e-03 1.810379154928053527e-02
8.357703880482710360e-03 2.148635736561063658e-02 1.253027484944818984e-02 8.972954676793602063e-03 1.063320930936050360e-02 1.835473655071314519e-02 1.103771434322569321e-02 1.104729555233203986e-02 6.704059290428912750e-03 1.708575100894649604e-02
7.965961751430564175e-03 2.065430798303546922e-02 1.127317039005336190e-02 8.421642137912152201e-03 1.006156193556268126e-02 1.747178715130819418e-02 1.061227064950198175e-02 1.054042899885216863e-02 6.429013758510831317e-03 1.681863669023921440e-02
7.555159099069026080e-03 2.032968383802718007e-02 1.013079983706296865e-02 8.332567337415084513e-03 9.557866616637322732e-03 1.667301002162298318e-02 1.013319721536484058e-02 1.032721195131068061e-02 6.291321815830100417e-03 1.604355435464951962e-02
7.914787419100703311e-03 1.917515484485875915e-02 9.255453341284048188e-03 7.541377780534488755e-03 9.151035577368852453e-03 1.561421768788570467e-02 9.734093956163175632e-03 1.004452184340054281e-02 6.439490558012779184e-03 1.518242511972755886e-02
7.039001251364101000e-03 1.879860062599871678e-02 8.286901694669742899e-03 7.241714419530744136e-03 8.567833556868343498e-03 1.484648475121767841e-02 9.459772663310800356e-03 9.767626525086137504e-03 5.990587082641433969e-03 1.464334377962855753e-02
6.799008238721870011e-03 1.764375864996536869e-02 7.493205082585605199e-03 7.002888312790434694e-03 8.198468327581517889e-03 1.380461021276781740e-02 9.120345866014676825e-03 9.606623526606400745e-03 5.885276720239336103e-03 1.435893986968187451e-02
6.613987853113209407e-03 1.696846834391077877e-02 6.836240011210884156e-03 6.622489451128183921e-03 7.776499455227059258e-03 1.286290795613842519e-02 8.839189930155083932e-03 9.379776825430253054e-03 5.814655606228436545e-03 1.392509618229527228e-02
6.268983887185242479e-03 1.629498430690601990e-02 6.299808467213469793e-03 6.392985691494530373e-03 7.421456215894141860e-03 1.196556686306324974e-02 8.572740753409940906e-03 9.083979183422736040e-03 5.589559968785711395e-03 1.344181024021903759e-02
6.094549435475216971e-03 1.588344610165872556e-02 5.894649813143813637e-03 6.135794788158649427e-03 7.079963333773689992e-03 1.143678809041567129e-02 8.410901654501421951e-03 8.854997798116418309e-03 5.871418592464048951e-03 1.342021368662699513e-02
6.083243604104059642e-03 1.500324741205777412e-02 5.466296081411785995e-03 5.889164125244671089e-03 6.847217405057818077e-03 1.048203943554201767e-02 8.089622968874145281e-03 8.685387529421242231e-03 5.373158235824096636e-03 1.254884668201840595e-02
5.804242371339053512e-03 1.449600224527024077e-02 5.179182684368075287e-03 5.781555496938146736e-03 6.580140144097327767e-03 1.010763864442176634e-02 7.981994991162776054e-03 8.413841480126969460e-03 5.296812170926881724e-03 1.222556472500260782e-02
5.801918290168471375e-03 1.382353721129980957e-02 4.817044646118647661e-03 5.643728334822677162e-03 6.388653546295315622e-03 9.320381554047596842e-03 7.602753866614341341e-03 8.192810186293877917e-03 5.689964848742450065e-03 1.182270332406301118e-02
6.110317366042216161e-03 1.308272424230568116e-02 4.687758489844933048e-03 5.242547791629868607e-03 6.181510588565098871e-03 8.936502820571507258e-03 7.490295746510165428e-03 7.984413106052265161e-03 5.220952874040754761e-03 1.157808438766261099e-02
5.436064993565114731e-03 1.233549595624222617e-02 4.401457342345004020e-03 5.091254647854748933e-03 6.000424835529232469e-03 8.409964927098348419e-03 7.233720111138931298e-03 7.768660339530074344e-03 5.270500771484337363e-03 1.137403475814766779e-02
5.539126915857634642e-03 1.176558931430589372e-02 4.233214622932279445e-03 4.934827947204708902e-03 5.894520552156903848e-03 8.012620269313415131e-03 7.380072888923018201e-03 7.612407306380790384e-03 5.069305481188831480e-03 1.100778389148183295e-02
5.643549469770806765e-03 1.108140869223259682e-02 4.085960206239416630e-03 4.786942632423309661e-03 5.654037741496453426e-03 7.639394640583727428e-03 6.855143156183855085e-03 7.465366395925222484e-03 4.864355255166531028e-03 1.057746746278557040e-02
5.126342790871192198e-03 1.097270318437089907e-02 3.946445850885048866e-03 4.637993656698311158e-03 5.512127139321550302e-03 7.306704501821740215e-03 6.640376410684507152e-03 7.264112205339576592e-03 4.935340413008226443e-03 1.026547367626313469e-02
5.017582320083122799e-03 9.713927450708901429e-03 3.858713888447119419e-03 4.529384912641392161e-03 5.364788119126018620e-03 6.916475495085607113e-03 6.502432504295638932e-03 7.086167534630352129e-03 5.004459956956420520e-03 1.002193061836082963e-02
5.248681729620714373e-03 9.081532210012196668e-03 3.718009855486755205e-03 4.422470522992856881e-03 5.386171367714152024e-03 6.584311944863864043e-03 6.449100817210483456e-03 6.906536804047103649e-03 4.660309876108500483e-03 9.812283014399236780e-03
4.870948943975173147e-03 8.613751741352110997e-03 3.713930055327720973e-03 4.353834356245579046e-03 5.164577863038863521e-03 6.225616310866692420e-03 6.181743586679270229e-03 6.716511621003431499e-03 4.688492321577061687e-03 9.352589829355831968e-03
4.822399187470132083e-03 8.008551203025396012e-03 3.564606577066204394e-03 4.252163184815790052e-03 5.018010171565691173e-03 5.957101525841313437e-03 6.027801111235966784e-03 6.534522746645714947e-03 4.565621436054190761e-03 8.923140281094829249e-03
4.771494918736044095e-03 7.507201310573238806e-03 3.503678201660264096e-03 4.222976383224295860e-03 4.972515051623654404e-03 5.928796413027000688e-03 5.864845401846733447e-03 6.374845736385094039e-03 4.507224965274662064e-03 8.586524216806314114e-03
4.902648568665743736e-03 7.124626846442051221e-03 3.442670396404249374e-03 4.066469032441739039e-03 4.855903382589365526e-03 5.391321839149627523e-03 5.771307950942344660e-03 6.247090360683633416e-03 4.714303341122775409e-03 8.635356205044882397e-03
4.762473675341332910e-03 7.110514763258322934e-03 3.379461900288930915e-03 4.015931116137661482e-03 4.776405227732134426e-03 5.111997360514410060e-03 5.628752135705930755e-03 6.099233700295379756e-03 4.386729074239769516e-03 7.943105679858324802e-03
4.649027699361475870e-03 6.435094972693211277e-03 3.336231590343335246e-03 3.912648414227732317e-03 4.880318695639243066e-03 4.974180676553464214e-03 5.927629890621228907e-03 5.986233004012085461e-03 4.379871083489134467e-03 7.706640286168097743e-03
4.541966311783435586e-03 6.224066426646098979e-03 3.298524784001696623e-03 3.862135976921129542e-03 4.579049666942177667e-03 4.692902122913745686e-03 5.432405135970583276e-03 5.907005798177397335e-03 4.354697948890228799e-03 7.322783396831416061e-03
4.480498841133211119e-03 6.339557231163426079e-03 3.272655157212422516e-03 3.860525376071988722e-03 4.515098367190322794e-03 4.521168137496547022e-03 5.403906981511657527e-03 5.771282196651851895e-03 4.194985077060118736e-03 7.095484048484181072e-03
4.498330689431584775e-03 5.553796247961103640e-03 3.236422077150581580e-03 3.740885077358438015e-03 4.499110167691316303e-03 4.338389442763914729e-03 5.193669875371525850e-03 5.641915935333114730e-03 4.248919319044659922e-03 6.729387951519049185e-03
4.393606407946852067e-03 5.329871651976856098e-03 3.200004745872315950e-03 3.662784182839812826e-03 4.461507539487659380e-03 4.222383058643868099e-03 5.088221673781869250e-03 5.574913350077773978e-03 4.139492814978458675e-03 6.485822708490698862e-03
4.371627098489224914e-03 5.184024179297592148e-03 3.202537187005800694e-03 3.630265235108196074e-03 4.317981479043427571e-03 4.169743759806372393e-03 5.151190226005077435e-03 5.493534039487734701e-03 4.091862276879459394e-03 6.193538630647198694e-03
4.404716930248919055e-03 4.967297030853332768e-03 3.118366585983310939e-03 3.598974987439892883e-03 4.272256099113470353e-03 3.991290758269864201e-03 4.931572011079955915e-03 5.444019187884085488e-03 4.107843337613446659e-03 5.997674840597337111e-03
4.326308862197422896e-03 4.720853903358664463e-03 3.364887090789860872e-03 3.606320429451115393e-03 4.232225982110956845e-03 3.923895997071335379e-03 4.822657272231464093e-03 5.333345250928624853e-03 3.989468008470845040e-03 5.741096216267092128e-03
4.282239266425509443e-03 5.441092709091900452e-03 3.076780046703268302e-03 3.529030921386806102e-03 4.179058811313064725e-03 3.799331830767996038e-03 4.891803413002575839e-03 5.216630289572074530e-03 4.002639060188347905e-03 5.548928472865069864e-03
5.096476002101714593e-03 4.657838531635161324e-03 3.059170200255121458e-03 3.478240410492044500e-03 4.151349536988273650e-03 3.768671118698829325e-03 4.700638427785681049e-03 5.145229281026104592e-03 4.181700565564601228e-03 5.390912168204277204e-03
4.281999852764187264e-03 4.389432540026562933e-03 3.113278501563322698e-03 3.441319000697949052e-03 4.102216867202920260e-03 3.705074150717662350e-03 4.801984431497316637e-03 5.037513286112652207e-03 3.910271272521690863e-03 5.255069557871907757e-03
4.267514650418267018e-03 4.432885623411897749e-03 3.024578444854998313e-03 3.415622167012491613e-03 4.075685572567510663e-03 3.654368674687906958e-03 4.607581113538448958e-03 5.000592710624394283e-03 3.916677113354189235e-03 5.088581935040733216e-03
4.381118286562997108e-03 4.950911412004275862e-03 3.032266523367803130e-03 3.391815605670359633e-03 4.008232002127912023e-03 3.656485265527644694e-03 4.603251401839953717e-03 4.879897760588025948e-03 3.857062915306504278e-03 4.942366300425828432e-03
4.302797904194864513e-03 4.148288559453848674e-03 3.037575367303539404e-03 3.353782355538703110e-03 3.957021690264778298e-03 3.646945123971252062e-03 4.445195918258058876e-03 4.884267733781319856e-03 3.825868654772287668e-03 4.840459624225156889e-03
4.127052628004787907e-03 4.546117199298027427e-03 3.011435234108470263e-03 3.315745473844032305e-03 3.924672643294884085e-03 3.525921279067374247e-03 4.444705767583227198e-03 4.849197935245564556e-03 3.781715380007431935e-03 4.708123616730629062e-03
4.080906309462390205e-03 4.510332460538373639e-03 2.967749936378244902e-03 3.273664901888678671e-03 4.065580583875110648e-03 3.590856249469927697e-03 4.354162670922108631e-03 4.723409036414061464e-03 3.871065599846968460e-03 4.628745412136034583e-03
4.144303001967561753e-03 5.318931317987366306e-03 2.982223204102753787e-03 3.245221369288871140e-03 3.895266872275646337e-03 3.595584776252300479e-03 4.281718356559402125e-03 4.720772326535166777e-03 3.921374319608022380e-03 4.536466112570593755e-03
4.043363352050452497e-03 4.076609018635460498e-03 2.969692023117409801e-03 3.223104162709689979e-03 3.883122923321184836e-03 3.531633398704389117e-03 4.235463186858301476e-03 4.615349839764799726e-03 3.698686557571482115e-03 4.465921917360692918e-03
4.171070171335046657e-03 7.629963063152955978e-03 2.949236984942855185e-03 3.210215403377552484e-03 3.815387633667215433e-03 3.430375901735512045e-03 4.253473227103071394e-03 4.538574024804360035e-03 3.680679173388047044e-03 4.334935915292791909e-03
4.001751224041176676e-03 4.604317286456947704e-03 2.939795261100113574e-03 3.210391390615441407e-03 3.813115582977852792e-03 3.466985082798942300e-03 4.150799626249197620e-03 4.491595582818727443e-03 3.630687210986576364e-03 4.414422464515700521e-03
4.138236490108675864e-03 4.111083145414133611e-03 2.960589177726890512e-03 3.159163769914233484e-03 3.777595688571593752e-03 3.513524247559633891e-03 4.111351864200850706e-03 4.448502918447732810e-03 4.102278993665519659e-03 4.225283306287987845e-03
3.940695519517028490e-03 4.075559127865057384e-03 2.973677874509582462e-03 3.144281541926488999e-03 3.775154434842771783e-03 3.433577635888462702e-03 4.078152823552604403e-03 4.400696133109401921e-03 3.586021530839396745e-03 4.138637642508975409e-03
3.996056223170734063e-03 4.242281134398178007e-03 2.927003352526629486e-03 3.136839834869400816e-03 3.738563763422309612e-03 3.576128003020415547e-03 4.018577025946319485e-03 4.345304533468734819e-03 3.555771264664404647e-03 4.073970479272091307e-03
3.979635281289469612e-03 3.867725314043281640e-03 2.887892253769775135e-03 3.100886749953869152e-03 3.720857311109333765e-03 3.407370785882742840e-03 3.959498151301268920e-03 4.322817794808106115e-03 3.520424489526345537e-03 4.038687861327716622e-03
3.929118973848591719e-03 3.987422926074147937e-03 2.884500794346722425e-03 3.101825288322459118e-03 3.710796845468634052e-03 3.479901039156548751e-03 4.047676192720253870e-03 4.339363004139819291e-03 3.521159405757108736e-03 3.976192700495159195e-03
3.980093505074409031e-03 4.460488669867636487e-03 2.908004936095855402e-03 3.113555106137864178e-03 3.657198902231735896e-03 3.584362589435822425e-03 3.960112605787493092e-03 4.335549354365596068e-03 3.475416723703110729e-03 3.953177283369798539e-03
3.872457515292892713e-03 3.869388841739501966e-03 2.898869030623116554e-03 3.063214060681848303e-03 3.664550164588350686e-03 3.752050919576737937e-03 3.888026595567526875e-03 4.256205416129177008e-03 3.470851176173566678e-03 3.891539280192291093e-03
3.873198370151046972e-03 4.597733387906268419e-03 2.876238247623774062e-03 3.048683339196541896e-03 3.703913886578438352e-03 3.493562021971230360e-03 3.880078903024233427e-03 4.189837276687972956e-03 3.504599888532355500e-03 3.838192143832340388e-03
4.122421238165988044e-03 7.079482353319679726e-03 2.890847654179609996e-03 3.056994286673915019e-03 3.592174539466439897e-03 3.347137351447825298e-03 3.910380995289204110e-03 4.137832110990483439e-03 3.476361480822710067e-03 3.788787971544843765e-03
3.800487555960951284e-03 4.275190620514827781e-03 2.857630389796579021e-03 3.035825974224559774e-03 3.571677090125230294e-03 3.354680030377703900e-03 3.821531154957483450e-03 4.161546213373681913e-03 3.409183725853225707e-03 3.790793154141285873e-03
3.792823006072563313e-03 4.483341688735425525e-03 2.874336327717046113e-03 3.023009606316968967e-03 3.559646359867686509e-03 3.375399618362664739e-03 3.753980269884720118e-03 4.087919230285382531e-03 3.390051480789830519e-03 3.750984664234849157e-03
3.858765328649065973e-03 5.285477267347996402e-03 2.838350707678471280e-03 3.012575405919744841e-03 3.535294698714390189e-03 3.282995906076027065e-03 3.711263899236246899e-03 4.097939735060679954e-03 3.521474477467937281e-03 3.764914204711665002e-03
3.949445530223410529e-03 5.252955432630991052e-03 2.838437554793247011e-03 3.018379514561791033e-03 3.527331752157511491e-03 3.306431142288740986e-03 3.856223270523915104e-03 4.097937793575781758e-03 3.344001746053995149e-03 3.697239869899877560e-03
3.764030468628414960e-03 4.517789208484024668e-03 2.868379131399913847e-03 2.991762322450640214e-03 3.514930640918707740e-03 3.477229036589998476e-03 3.766992131845293187e-03 3.968274428584814273e-03 3.538290230936964355e-03 3.749379532271743341e-03
3.773052654515402209e-03 3.814373983278012640e-03 2.835687103421236782e-03 3.024450946565979386e-03 3.493622697051387577e-03 3.258987443575580428e-03 3.648828650253134985e-03 3.994789681953167873e-03 3.298038880694933745e-03 3.625286991501708127e-03
3.826382257334586066e-03 4.434939736982890235e-03 2.820666148879683206e-03 3.009743792891953970e-03 3.512005746310037542e-03 3.338240739267783405e-03 3.668104437691020736e-03 4.021789729560047363e-03 3.288636083968332884e-03 3.638630910042511737e-03
3.706803963266469028e-03 3.987281284035750287e-03 2.822490637415028727e-03 2.986984989088170561e-03 3.454349662758742206e-03 3.241588531373582830e-03 3.694749195729520909e-03 4.009758947139967569e-03 3.344452886455560360e-03 3.620282625932305393e-03
3.761302048719557256e-03 3.914079040990192139e-03 2.814390442951969756e-03 2.970630322526155668e-03 3.463137164656485308e-03 3.249465088439075066e-03 3.577303438059072516e-03 3.929315367922777379e-03 3.359475974374821934e-03 3.594742940044886280e-03
3.866917085781988814e-03 4.380283164437736437e-03 2.815316743909957939e-03 2.963613849118216636e-03 3.450618926041790473e-03 3.232025868439074908e-03 3.609258697952621650e-03 3.995599380578496521e-03 3.246510111824620071e-03 3.526603682414930236e-03
3.881516479905459342e-03 8.763405865379656975e-03 2.797594600529159856e-03 2.990259829667271836e-03 3.422049149603994048e-03 3.259216705810379436e-03 3.611891430680504167e-03 3.923705224683301900e-03 3.326543976166939330e-03 3.544752632091172345e-03
3.834291452966969577e-03 3.719981944475667188e-03 2.805158703125198126e-03 3.000608542540124900e-03 3.403069406704896209e-03 3.223361396357416180e-03 3.480364582095598833e-03 3.872219166508222236e-03 3.228748349036583958e-03 3.468346144262352687e-03
3.757747014912876139e-03 3.911213825674361537e-03 2.813760741270595472e-03 2.957130084372796164e-03 3.489235103812956314e-03 3.241103745177511229e-03 3.487310234302413818e-03 3.935623657349301800e-03 3.313559546414609515e-03 3.455051774962575664e-03
3.811435906199340130e-03 4.950974063946391932e-03 2.802013572273469397e-03 2.950881486726974947e-03 3.376290831625943130e-03 3.226131649618812006e-03 3.450963186224459064e-03 3.911559509795682447e-03 3.333487380213501737e-03 3.433939441526475539e-03
3.631873596652148133e-03 3.771338848350036868e-03 2.788970887937520810e-03 2.973606039251121616e-03 3.453813594877275933e-03 3.259675773719328696e-03 3.415991990578313986e-03 3.788567247622031883e-03 3.252436126463495100e-03 3.435588527068221369e-03
3.728422825901833368e-03 3.757283765892138923e-03 2.871721138470602862e-03 2.942528352097943493e-03 3.411411278578025709e-03 3.450615156976970677e-03 3.412077456317450744e-03 4.021195093312418534e-03 3.128245178142195423e-03 3.413572640238841677e-03
3.654889645576263162e-03 5.602882446074463826e-03 2.790935879752742908e-03 2.939544955802199204e-03 3.391892181543280059e-03 3.466634418074650975e-03 3.415129748992066106e-03 3.769945229437864781e-03 3.156961012371477335e-03 3.471925532383738494e-03
3.724596048507583957e-03 5.098307803368990962e-03 2.785268628416688944e-03 2.930084365129973899e-03 3.335883261724891750e-03 3.289435731448745598e-03 3.372950738161380104e-03 3.756606898638886402e-03 3.382449306507438400e-03 3.368179099032642988e-03
3.788350219360276262e-03 3.705009068042076307e-03 2.779545225972762223e-03 2.913780361121633394e-03 3.418960547374103043e-03 3.188608531891089660e-03 3.411593243822607594e-03 3.846099918082651961e-03 3.147416376479711224e-03 3.409961222175358821e-03
3.608219966236853298e-03 3.659120825670881139e-03 2.796478478580708294e-03 2.916581566755097402e-03 3.310833316205161886e-03 3.353272751820499976e-03 3.465132099181237116e-03 3.811211211948691783e-03 3.161426991752505807e-03 3.358954895137725161e-03
3.699750446500995379e-03 3.607639950088285113e-03 2.784036981469988764e-03 2.918461398468051755e-03 3.309064816037237799e-03 3.174155711730135016e-03 3.325944791808346703e-03 3.742867864516511746e-03 3.339073444610129657e-03 3.327514199229627753e-03
3.555447282347573481e-03 4.528948643605955511e-03 2.782136571850893619e-03 2.923899323847611691e-03 3.284440176833234703e-03 3.237423543679964454e-03 3.328576568297783155e-03 3.764344823556872634e-03 3.081795136345472693e-03 3.295682412809668258e-03
3.587167536883870307e-03 3.653660220391259476e-03 2.785073652110281895e-03 2.905224725527625913e-03 3.320758608804611801e-03 3.178319888629383382e-03 3.308727503861507227e-03 3.804906595245962156e-03 3.099634508205510210e-03 3.305141590407704218e-03
3.603883255387323268e-03 5.256433750567865264e-03 2.752490948896123366e-03 2.907815158319559511e-03 3.296306197852567378e-03 3.153761660815330558e-03 3.281504888029005990e-03 3.698491866729795938e-03 3.219964505726715786e-03 3.276607579041441488e-03
4.008178267424351154e-03 4.909481380799538865e-03 2.766002557312267560e-03 2.911799458163073957e-03 3.262738911601714090e-03 3.163341374050501580e-03 3.209074047653816351e-03 3.736802343269339608e-03 3.155635290458511794e-03 3.259639693748256264e-03
4.243368622920618699e-03 3.724021299654488824e-03 2.749603950288769753e-03 2.904207495157166800e-03 3.266780724844270921e-03 3.188615168572053130e-03 3.312678140084588784e-03 3.710666246485985753e-03 3.018410389146683644e-03 3.330668065942227109e-03
3.529316310750246939e-03 6.812704717848860371e-03 2.952392743809500401e-03 2.893482918135948517e-03 3.273200461586511182e-03 3.270532852026687958e-03 3.213906026682124707e-03 3.763206673253240327e-03 3.057304461656266004e-03 3.259779751939161085e-03
3.526272156910560934e-03 5.102984020394329100e-03 2.802907898531741080e-03 2.907066682902643539e-03 3.257605012070549644e-03 3.147346977478695726e-03 3.477344170271698051e-03 3.687116590559384646e-03 3.020316212502732311e-03 3.265410142893244386e-03
3.528581500453389051e-03 3.596026288702747035e-03 2.742607676376811535e-03 2.896059972434019032e-03 3.266116666995571086e-03 3.143721852298580165e-03 3.212580886217407655e-03 3.800600717513429646e-03 3.049845300876133716e-03 3.235415436725161409e-03
3.539109420368637387e-03 3.854068463691752520e-03 2.818581139577940042e-03 2.884983661015924541e-03 3.254950786589752912e-03 3.147203761497211968e-03 3.156822207077207045e-03 3.735536576429193678e-03 3.003772024780202669e-03 3.224239717774473376e-03
3.506122269773727634e-03 6.546976206158655609e-03 2.819389434053881215e-03 2.880105252544668763e-03 3.232668446971670353e-03 3.163755085175561782e-03 3.207358722400522645e-03 3.662283973867408709e-03 3.029260970761524750e-03 3.195742137424989904e-03
4.109891654741220507e-03 3.617451820751476591e-03 2.769710501807502549e-03 2.892280175753506478e-03 3.211271825484653206e-03 3.194065196564199651e-03 3.170597725135700009e-03 3.640001285998189021e-03 2.994061511980898767e-03 3.211936327885332038e-03
3.513711435299281954e-03 5.442775774311219700e-03 2.853809961977813933e-03 2.890145258935789691e-03 3.237801894751982795e-03 3.425953978602052502e-03 3.120612178031134578e-03 3.679799251507367107e-03 3.136719774597492971e-03 3.218222776176553335e-03
3.473410456256030045e-03 3.757775993117704050e-03 2.730230576126027684e-03 2.885209681696386096e-03 3.197373992430109328e-03 3.217275134536050612e-03 3.126361514260006351e-03 3.633314798607458710e-03 3.065527593668078421e-03 3.206997658667346852e-03
3.461128155927169561e-03 3.930719605204356301e-03 2.734707514554409347e-03 2.870247222424755079e-03 3.178466323909433146e-03 3.129057574506169392e-03 3.097670160770431974e-03 3.623477448832363584e-03 3.135291207407080345e-03 3.183279126569273955e-03
3.489794198987917779e-03 4.297901485663301914e-03 2.751712742254334727e-03 2.864749275708557315e-03 3.177591509149250548e-03 3.160717000821264885e-03 3.100262829654115270e-03 3.604549356978627075e-03 3.130732495325911583e-03 3.155690060067866537e-03
3.605606533620101580e-03 5.910573263057271841e-03 2.735699458016092791e-03 2.873295962533448013e-03 3.179670620815649214e-03 3.131328160103087101e-03 3.079869635904335535e-03 3.597376275548063752e-03 3.021774767428564781e-03 3.139624355252018488e-03
3.509824372932982169e-03 3.639349758371788601e-03 2.728794448819830791e-03 2.861947404989164268e-03 3.176404998399762463e-03 3.480486369112615556e-03 3.113618270661854762e-03 3.673397405923215300e-03 3.008707928490695575e-03 3.185553100091567669e-03
3.472933994287397304e-03 3.947983775711260378e-03 2.727193762164902956e-03 2.855039659989406630e-03 3.155928672466974151e-03 3.127699658795559615e-03 3.371740722182462076e-03 3.561434983060434312e-03 2.947292959421787036e-03 3.143368496050598284e-03
3.585553281547492355e-03 3.563766889314627043e-03 2.723998626791987714e-03 2.856132095732206392e-03 3.179335656715644252e-03 3.115481361388456293e-03 3.038665040751371317e-03 3.546259480063863184e-03 2.940547581152318929e-03 3.123188833854542538e-03
3.465690492080088919e-03 4.154197754440265566e-03 2.723024783374646072e-03 2.863901396149126817e-03 3.168147704764775682e-03 3.136525773889626677e-03 3.066944452492667301e-03 3.618342600093684899e-03 2.935263163915626319e-03 3.235819282647981864e-03
3.512285505119595863e-03 3.498158849348568817e-03 2.725441815600916553e-03 2.910485077275059163e-03 3.171642457490386410e-03 3.129611716025156726e-03 3.014685138040318780e-03 3.563615958139883418e-03 2.942382513658674953e-03 3.122336827849730469e-03
4.109467216176285534e-03 3.838920061224182414e-03 2.709823551223963702e-03 2.851730088005688477e-03 3.160015081274903000e-03 3.202143249554906430e-03 3.000617931668905346e-03 3.561680289722892606e-03 3.045000401575477262e-03 3.099119086679663019e-03
3.424513386730930822e-03 3.827595611391722882e-03 2.708648443076278490e-03 2.844824225062058103e-03 3.185745463143503826e-03 3.102409891676571971e-03 3.059684820738508421e-03 3.552999687862542361e-03 2.919290405684729032e-03 3.103013437365547376e-03
3.417739930867175809e-03 3.713355316651309555e-03 2.707497786444047153e-03 2.862845631940513520e-03 3.278426109437085345e-03 3.102473894513990346e-03 3.063401839934681587e-03 3.517977225896609401e-03 3.175942839707758363e-03 3.203230906475061732e-03
3.418476467102899048e-03 3.374508197391930513e-03 2.764105909997581403e-03 2.843942969474899142e-03 3.119988589788106562e-03 3.360404375627311369e-03 3.111644267638288483e-03 3.548077851466678156e-03 3.068541400228977714e-03 3.096110036454750684e-03
3.415772335747718769e-03 4.980200388438912711e-03 2.747187420061792968e-03 2.839147232074309621e-03 3.120021541620813035e-03 3.214245240577466491e-03 2.973482877285708002e-03 3.590968349494784179e-03 3.032659595742394267e-03 3.149560839925982531e-03
3.539539540918514807e-03 7.484335465623230023e-03 2.709503879448526848e-03 2.840724560362372156e-03 3.125036980946912547e-03 3.101341013830620323e-03 2.957184943884860317e-03 3.533667030572265957e-03 2.882004190650756543e-03 3.069095527454647650e-03
3.390766394037677840e-03 3.457115631400772132e-03 2.706047121534846476e-03 2.878646850179661810e-03 3.150431515135173211e-03 3.092083410740558997e-03 2.979884719386118302e-03 3.529420212977830811e-03 2.854183923328213954e-03 3.063060982962430897e-03
3.549057546634061359e-03 3.914292509121021155e-03 2.699411494905673385e-03 2.837838780471579805e-03 3.114727168483829613e-03 3.097353732864010535e-03 2.944155320251740874e-03 3.513431996765063303e-03 2.940212018465185751e-03 3.054996045380060313e-03
3.394777358614952702e-03 3.397351300394821274e-03 2.718483678468520352e-03 2.827811709798871975e-03 3.149451201878363579e-03 3.081557653665234313e-03 2.936669090051324295e-03 3.505420935175301757e-03 2.933930506565758049e-03 3.082951065682040977e-03
3.444527781998243249e-03 4.477755597473605242e-03 2.705560725280479854e-03 2.829982507486603939e-03 3.103936248687573854e-03 3.102721625117541623e-03 2.959437151204597112e-03 3.505047284330909795e-03 2.885921850961341815e-03 3.053042412672440226e-03
3.383360006344386575e-03 3.462759930409747659e-03 2.706125963545799769e-03 2.852497822990467721e-03 3.092496144496824795e-03 3.140815922444205148e-03 2.950817375338466581e-03 3.543101022376329845e-03 2.852496695784017579e-03 3.070137668687095405e-03
3.436766248005520587e-03 3.526038534898250261e-03 2.700710561339574045e-03 2.831402339792764896e-03 3.120460178318238895e-03 3.096085110083653721e-03 2.973755950992786924e-03 3.491621836723936972e-03 3.336875556481828931e-03 3.059438366440424273e-03
3.506370006378379568e-03 3.652492877463412498e-03 2.727568539720380460e-03 2.826404076558875367e-03 3.085673745922581663e-03 3.084951699557013285e-03 2.905045611276283260e-03 3.502887289747970076e-03 2.850047606684997462e-03 3.097998932513364081e-03
3.411837763104667159e-03 3.980996539589368513e-03 2.709448757256698037e-03 2.875835297392407772e-03 3.063437913560348915e-03 3.110336892591177189e-03 2.913298855804069033e-03 3.490664666768239673e-03 2.930937712932138450e-03 3.026555961987196716e-03
3.420399266287298817e-03 3.514052515490965166e-03 2.819297006028315556e-03 2.846085312256718246e-03 3.160543807791737179e-03 3.098271448904826170e-03 2.899658185715174846e-03 3.560913007258261886e-03 2.933842748765081929e-03 3.054043706682756359e-03
3.421635299556079288e-03 3.384049482208077806e-03 2.717392717411002898e-03 2.830287188475447829e-03 3.066284710772321925e-03 3.143967763550493781e-03 2.879260045038193466e-03 3.493978093642157844e-03 2.826732926262465369e-03 3.161976539566660818e-03
3.367698958182417223e-03 3.395856750171567708e-03 2.676219948364063142e-03 2.836470252420154881e-03 3.057408902239651220e-03 3.063436382123529544e-03 2.865206042475713834e-03 3.511882087632906598e-03 2.841634667776750563e-03 3.114373290894441922e-03
3.362937928448272128e-03 3.422107316763122430e-03 2.721173417218695698e-03 2.815194670209753610e-03 3.062319414403376176e-03 3.074685556140632856e-03 2.892626498374827656e-03 3.534556661623324599e-03 2.820177015369112333e-03 3.084266398820127535e-03
3.339897305419036941e-03 3.918033656034633321e-03 2.741721548265673662e-03 2.842325015723282198e-03 3.084581263997685993e-03 3.058515570386012659e-03 2.931527004114638062e-03 3.463936199607779882e-03 2.815984240970137182e-03 3.080495223824114125e-03
3.335741684407195987e-03 3.276715709009565825e-03 2.673805087534236822e-03 2.815480171265164790e-03 3.053224210937642569e-03 3.142583442804325767e-03 2.867322075566803088e-03 3.727703040268667920e-03 2.793736105592645527e-03 3.141272706066990539e-03
3.393084244655627125e-03 6.077006137636707835e-03 2.681066610288473148e-03 2.821349679060166944e-03 3.053412712193110615e-03 3.305885902267314842e-03 2.848488888016934440e-03 3.503192212096020892e-03 2.826455301306090608e-03 2.990990057227578807e-03
3.350674281005185801e-03 3.734005424828543314e-03 2.675602381903604676e-03 2.812515606225907388e-03 3.035926004467563461e-03 3.109402474579131895e-03 2.844387054343328319e-03 3.565878789832208073e-03 2.883031338555522467e-03 3.019492135512054191e-03
3.351111325744861140e-03 4.518554082862445351e-03 2.669519284044481917e-03 2.814458370162441214e-03 3.039242051244398207e-03 3.070660806979032004e-03 2.865135684490317282e-03 3.606890213748269701e-03 2.781866978134634946e-03 3.029711152304487634e-03
3.373019533414537904e-03 4.366571444715703146e-03 2.708237131272872838e-03 2.800216396763698622e-03 3.025106801544810188e-03 3.181400739133942446e-03 2.965296947348833572e-03 3.466454379194460009e-03 2.986441181624807043e-03 3.007031308459505187e-03
3.633819130410358231e-03 4.146258245524859012e-03 2.688640808509875323e-03 2.812327215276971045e-03 3.035309459307144325e-03 3.085163038396915997e-03 2.894762940797364868e-03 3.488098386853689947e-03 2.817760981870815438e-03 2.996419215226126150e-03
3.372592563452795917e-03 3.475067476941165467e-03 2.692574246633526631e-03 2.810443436378382356e-03 3.045288627360363907e-03 3.058714587296074757e-03 2.875937294967455694e-03 3.452778444331347854e-03 3.259981861589056080e-03 2.970782329764731517e-03
3.575506788253194485e-03 3.418070900417513169e-03 2.685819827911286282e-03 2.879938666253235597e-03 3.023796767804854888e-03 3.101780137717280016e-03 2.817378919736941711e-03 3.415648735014321404e-03 2.817050172895155854e-03 3.048733286533486693e-03
3.336002289829690434e-03 3.343555811693811348e-03 2.661615468018047916e-03 2.809717368434431171e-03 3.018799716325613371e-03 3.077830471989026137e-03 2.893836910039675019e-03 3.413649958950507046e-03 2.835133676583979911e-03 2.970098603550885060e-03
3.656877909419453589e-03 3.335692987335998894e-03 2.668600202138585523e-03 2.804013486479482731e-03 3.022854973086055910e-03 3.051292932795504186e-03 2.809798848916474946e-03 3.415591424120649564e-03 2.814130390226722653e-03 2.981064180418653824e-03
3.429215616609792520e-03 3.994532049577345124e-03 2.697334298880144608e-03 2.799708502057559299e-03 3.019837065895439755e-03 3.037210904344354000e-03 2.804620436302645344e-03 3.514336502060565279e-03 2.739754293181054581e-03 2.981161137193063734e-03
3.405557783104312761e-03 3.231284371562140063e-03 2.685329334943186656e-03 2.800233257014387266e-03 3.023405159595502021e-03 3.040248260786527091e-03 2.793193188994117036e-03 3.452550818433887912e-03 2.847830870164406222e-03 2.953391890399587050e-03
3.630568026451466267e-03 3.729853358459649104e-03 2.660330624436151471e-03 2.903559212073734443e-03 3.057996408852909753e-03 3.010686014200316101e-03 2.802956360869157584e-03 3.455531106549090698e-03 2.746150906843453348e-03 3.027270109269522991e-03
3.304961760501073497e-03 3.223367383172092565e-03 2.670726451420932755e-03 2.860881267210466875e-03 3.166572651092304080e-03 3.087166440394317930e-03 2.772040104131324144e-03 3.472726566857292207e-03 2.744551082081241131e-03 2.957475215505916272e-03
3.288915719980559007e-03 3.441339071605396382e-03 2.661900270485704177e-03 2.805039238253116511e-03 2.993591626837003618e-03 3.009210153064789152e-03 2.781115468274487999e-03 3.403411626009272915e-03 2.735902918486619786e-03 2.934816807787884573e-03
3.297863401854140078e-03 3.430881623913025185e-03 2.708233780773311016e-03 2.786390302808051771e-03 3.018295241356825850e-03 3.084926055434789125e-03 2.780857157131067566e-03 3.394908959591511153e-03 2.731599413626949018e-03 2.937299511570814342e-03
3.380096085463483481e-03 4.895022359265873736e-03 2.720403240713624091e-03 2.810429952908173948e-03 3.108436764170547598e-03 3.050952788407264391e-03 2.770251773050193354e-03 3.393084334001152027e-03 2.908080155457295427e-03 2.926631656145599943e-03
3.296539616327732580e-03 3.636806175294428085e-03 2.653235573488487049e-03 2.836237996349802708e-03 3.000176442836589245e-03 3.071482317055651209e-03 2.761560615471402285e-03 3.435891278947450587e-03 2.740465973926922705e-03 2.979712456198866256e-03
3.537093132566924720e-03 3.470659744256766530e-03 2.659784169509540191e-03 2.779020554242876521e-03 3.106568181077073131e-03 3.037130538233553511e-03 2.738925338527614488e-03 3.368313008227040526e-03 2.740140325780600263e-03 2.923126998919456550e-03
3.529184750230094942e-03 3.180791142553029364e-03 2.638750255584302457e-03 2.785226389624527107e-03 2.993892537314240578e-03 3.003181030715975502e-03 2.833539240940423799e-03 3.411577278781411423e-03 2.792308748096565020e-03 2.912836502339664034e-03
3.324929867532056948e-03 3.901305105531850063e-03 2.741900895635045535e-03 2.832543310722182225e-03 2.988897042156408914e-03 3.090949385773991264e-03 2.879816103787680593e-03 3.464027828595693959e-03 2.789441047872546348e-03 2.929341547603384315e-03
3.287377764822042251e-03 4.214078839749971390e-03 2.648153370257309933e-03 2.786540771987806257e-03 2.983912892993647367e-03 3.221062344110435689e-03 2.793199749858992723e-03 3.350808349369140647e-03 2.756117402229153399e-03 3.058389654297442948e-03
3.271182800128384204e-03 3.248120953212315244e-03 2.650295761845297346e-03 2.838467735893942471e-03 2.991768046248386749e-03 3.125074245055012127e-03 2.932961126346750325e-03 3.408289009974215140e-03 2.728541790157005490e-03 2.975341803393192520e-03
3.290304004062646892e-03 3.226027793676241283e-03 2.628692116375793298e-03 2.781670386738698767e-03 2.991040631497733811e-03 3.006301113392225149e-03 2.746130837009963781e-03 3.341858640206851142e-03 2.807862945215507805e-03 2.918055409979180073e-03
3.291949944311663330e-03 3.119406802452242590e-03 2.641457194137281170e-03 2.783241267583581695e-03 2.989193028402054378e-03 3.080479651891077260e-03 2.746855483251246614e-03 3.355051537118537101e-03 2.775727870393586601e-03 2.913166350972291613e-03
3.444546832007917576e-03 3.244214847852465358e-03 2.661207075912554523e-03 2.789149563934941595e-03 2.997517173822173558e-03 3.000758319175205868e-03 2.735000631164705154e-03 3.349061792990786716e-03 2.772772713191086653e-03 2.986098239331264840e-03
3.477787159853905265e-03 3.230369629041046544e-03 2.656787523743901844e-03 2.787262809906318646e-03 3.005322521403411707e-03 2.996235075076068930e-03 2.743113441676077371e-03 3.480202687449176092e-03 2.762731434238666767e-03 2.897367098765026624e-03
3.314180183610221982e-03 3.119075522434303083e-03 2.627959499007167642e-03 2.848283377310408242e-03 3.073192245682122847e-03 2.992386600504793985e-03 2.830987478800177110e-03 3.407802147992450032e-03 2.689591828801306088e-03 2.987138176067395765e-03
3.300758716000594308e-03 3.519188805974937748e-03 2.627940024665233448e-03 2.771764382245328184e-03 3.001063663386190159e-03 3.013155780018240970e-03 2.728385606446459295e-03 3.392130738508423830e-03 2.899869500259293423e-03 2.917782726124591719e-03
3.349016497252675899e-03 6.359154677207849368e-03 2.627483734872332593e-03 2.779538613743272150e-03 2.992540520084721947e-03 3.060137542230642865e-03 2.812943305670761746e-03 3.347119669765897653e-03 2.766667520669701362e-03 2.887024226484321936e-03
3.252039622331166172e-03 3.369193591437726412e-03 2.633383835680388162e-03 2.774334180928575769e-03 2.998222808612051489e-03 2.990578366090606427e-03 2.740831918549382386e-03 3.359560623038286911e-03 2.771205199002776606e-03 3.017882698460336820e-03
3.371839429247175304e-03 3.068940710561370629e-03 2.620948980794389829e-03 2.771643650815735355e-03 2.989859197085399743e-03 3.024504260282780480e-03 2.716020193506812116e-03 3.350515935068277672e-03 2.745821385249452851e-03 2.882353248062440639e-03
3.288507977451741050e-03 3.083103927371094212e-03 2.615718272849789586e-03 2.829395340752105959e-03 2.969734878464312926e-03 3.019682095282376268e-03 2.714479714366137969e-03 3.481217646616986076e-03 2.777214122394084089e-03 2.885969750632993210e-03
3.355870052245934956e-03 3.259086882173286258e-03 2.630250533219413277e-03 2.783283917696039063e-03 2.954259344954143687e-03 3.147224885914391441e-03 2.716767727735915506e-03 3.323960860783150856e-03 2.926532800644156794e-03 3.023951191308763952e-03
3.242091569753870715e-03 3.127998892074020879e-03 2.615647070663538413e-03 2.764010226493082874e-03 2.952566137355334790e-03 3.084098838424229744e-03 2.713610752214753574e-03 3.394049324764112849e-03 2.778481761779466076e-03 2.915678328717101822e-03
3.451819270819733460e-03 3.154876180676253073e-03 2.620421486515275931e-03 2.788470357396474752e-03 2.975642895555350494e-03 3.062869830861464446e-03 2.752575188730282865e-03 3.507723011367756046e-03 2.665047474823329342e-03 2.863764377544655675e-03
3.468195681821893955e-03 3.103354823014558422e-03 2.677109729799446568e-03 2.776075809901420478e-03 2.958859835767429104e-03 3.207319536842840723e-03 2.710226988796928926e-03 3.350622404345377208e-03 2.714142719153193276e-03 2.873085645036951852e-03
3.554328216952677873e-03 4.157976463300567041e-03 2.644267926577979332e-03 2.767275485177912199e-03 3.035512737197012395e-03 2.990416487253819405e-03 2.699951976879230199e-03 3.419821999720806111e-03 2.743239001065543668e-03 2.891714640001534064e-03
3.239469123418957375e-03 3.014024455427500096e-03 2.808484257533906941e-03 2.759512319723697159e-03 2.973980716060579087e-03 2.973366305520906607e-03 2.687386734237009675e-03 3.334530006370039525e-03 2.639418516797959174e-03 2.868953821235304628e-03
3.397528579722780117e-03 3.133236288329689732e-03 2.704629446422220865e-03 2.789167570897541863e-03 2.955014110150801405e-03 3.052003469635448333e-03 2.896829513450008275e-03 3.291417102342365092e-03 2.765975644319410270e-03 2.859238068966228619e-03
3.271467246652247796e-03 2.990666383079892358e-03 2.760827522492273391e-03 2.770045483502162845e-03 3.008938837522733088e-03 3.337179580696532973e-03 2.704045174645306436e-03 3.267205491427365403e-03 2.707603838593578959e-03 2.851910982456780028e-03
3.247694201306798242e-03 4.229334506201241038e-03 2.619594759088366646e-03 2.805873892883290269e-03 2.935646384707717160e-03 2.966657109354385070e-03 2.704694454690122034e-03 3.370794816609384587e-03 2.722009941436720308e-03 2.864480386178538344e-03
3.234729923040747558e-03 3.138647326022962585e-03 2.659508632827118062e-03 2.775409120435846574e-03 2.934690715949791855e-03 3.011286700541765827e-03 2.725849537037282506e-03 3.300180397262579383e-03 2.652471163475100639e-03 2.855799373977254557e-03
3.298353711521965874e-03 3.236604733160437005e-03 2.611615591951171964e-03 2.772214556503521925e-03 2.939908424631978209e-03 3.131777246609086102e-03 2.693358755877151966e-03 3.272384897218292860e-03 2.700018333851291873e-03 2.842832954237716619e-03
3.316623014874245812e-03 3.039860933507782057e-03 2.606198941806825344e-03 2.769742862041955130e-03 2.948257059798158313e-03 3.018959337186448346e-03 2.692845479967894990e-03 3.352349552694387346e-03 2.647590074028569745e-03 3.023134232687232567e-03
3.493602456821181743e-03 3.741798852620483069e-03 2.907792891099561950e-03 2.767702334919560758e-03 2.967921170497869830e-03 2.969566172723868067e-03 2.678152384884689707e-03 3.300649805292725850e-03 2.704121119662486385e-03 2.844369381146571573e-03
3.423926491790032188e-03 3.146714479990556090e-03 2.723913334373846869e-03 2.771935589164686332e-03 2.931724701346576870e-03 3.054230596605524758e-03 2.685069465627386905e-03 3.434672231861280334e-03 2.674178107752684091e-03 2.919653780639141789e-03
3.210939266985722487e-03 3.186549784149089303e-03 2.623812254961984357e-03 2.806170481656263677e-03 2.941291489509582566e-03 2.975590136192779456e-03 2.670757061854356872e-03 3.248431661935900164e-03 2.645280283124757000e-03 2.829711586158172726e-03
