5.912713600942123837e-02 5.511055216624250602e-02 7.011728948431955599e-02 6.174198832490539884e-02 6.445779251888779371e-02 6.376399949575244086e-02 4.785881965573764163e-02 7.304504699349535779e-02 7.155198330820079777e-02 7.569946051452605684e-02
4.890318917602857335e-02 5.056928950563829850e-02 5.815883043803655311e-02 5.291905155247377673e-02 5.532277668383400737e-02 5.789776421323760552e-02 4.106459476583273344e-02 6.018018128897338614e-02 5.556385436938160449e-02 6.447973222050584763e-02
4.182209435389359908e-02 4.880339937273172474e-02 5.664514654272994471e-02 4.550897594153715392e-02 4.977656839877718509e-02 5.480550998385941980e-02 3.656964433866258940e-02 5.680457409206560865e-02 5.116922794516081535e-02 5.789859045379754793e-02
3.637264034286732256e-02 4.759102694148078377e-02 5.560303452173653849e-02 3.817640304834749726e-02 4.507526964235414324e-02 5.253081510504985230e-02 3.286540469340786669e-02 5.455913589820177850e-02 4.901063725971874924e-02 5.300448627112211430e-02
3.175074404700959502e-02 4.635996011098251351e-02 5.463019163906191605e-02 3.090797517451941007e-02 3.856923446940923456e-02 5.070976303359678306e-02 2.998241922588340200e-02 5.260190892574472671e-02 4.696097066394945563e-02 4.905824979156078736e-02
2.793196313176805542e-02 4.525657071644799412e-02 5.380334640106723687e-02 2.455973680115613317e-02 3.110495834235106616e-02 4.779879433328659832e-02 2.754405176625204441e-02 5.029172873290330137e-02 4.504502720012634048e-02 4.553663252853919902e-02
2.494101681021360095e-02 4.417726133976400404e-02 5.286103175002612037e-02 1.973433783012651724e-02 2.497779167721735430e-02 4.516713910367187862e-02 2.589444823482878535e-02 4.704735801638432191e-02 4.291777487626812632e-02 4.233967451732100623e-02
2.251361363738673543e-02 4.342373102392670103e-02 5.187046904801166647e-02 1.625790426060028104e-02 2.142700537978822067e-02 4.108976256167275881e-02 2.449936685903129907e-02 4.184563625930201591e-02 4.044621345003134721e-02 3.925349515148027213e-02
2.070902108209652856e-02 4.183858283811340423e-02 5.077587060511699890e-02 1.388578455189997361e-02 1.971566479478111672e-02 3.758209831886157731e-02 2.361538430655119383e-02 3.571008073077101136e-02 3.779528117909018020e-02 3.651362265664616358e-02
1.932545270249158911e-02 4.054686612689765990e-02 4.958003160499217798e-02 1.195298168427330783e-02 1.902174490040935487e-02 3.384185491896369441e-02 2.300879140500674061e-02 2.990692126373855481e-02 3.519694971887466634e-02 3.399454951095869093e-02
1.825406446151345632e-02 3.963803474025778123e-02 4.833436426310599304e-02 1.076235987736360450e-02 1.783720691623466928e-02 3.096364117983761710e-02 2.232633974550261510e-02 2.467527061316497974e-02 3.161575832490939181e-02 3.179539458934971946e-02
1.740870621269253321e-02 3.846211566860122111e-02 4.697978206858318545e-02 9.755734574512691173e-03 1.719447027322810670e-02 2.861551677849845723e-02 2.178325362887300817e-02 2.057594832156603437e-02 2.892555689635649060e-02 2.993021241181764019e-02
1.676101491919011408e-02 3.744455985915275814e-02 4.531864729764043670e-02 8.944021094027273730e-03 1.654884394801199587e-02 2.677267923724020032e-02 2.141115498862075292e-02 1.750697962678652089e-02 2.554413624617920403e-02 2.837642241536071641e-02
1.627495929603598943e-02 3.647003925744444347e-02 4.364673701786255661e-02 8.487045437439832973e-03 1.601167379688798673e-02 2.513837667050517269e-02 2.103830496372552025e-02 1.521257871826944830e-02 2.251168186012040759e-02 2.686045002546711205e-02
1.583417954549719286e-02 3.551473787089953760e-02 4.181348001130592157e-02 7.959743318489944514e-03 1.556110476473115956e-02 2.487940985395303145e-02 2.065446150733762573e-02 1.348680438606900296e-02 2.045234449133587207e-02 2.567669791006829336e-02
1.541568762594436835e-02 3.437812341707892350e-02 3.993594052686262608e-02 7.490222078617817490e-03 1.522548287824680192e-02 2.237273667115471931e-02 2.051901620792335665e-02 1.219421457189762657e-02 1.833034249627297357e-02 2.462802056624965180e-02
1.518883128057750033e-02 3.309903050452312617e-02 3.805125469264358101e-02 7.246543156622387190e-03 1.485397140371492314e-02 2.122519749276000761e-02 2.015105391409537788e-02 1.127892835517174154e-02 1.632282269159478910e-02 2.385381754363195481e-02
1.472963325578525301e-02 3.183105603197994987e-02 3.640419662656816518e-02 6.868517743045004197e-03 1.442694848337674335e-02 2.093250678583594496e-02 1.974359691608305531e-02 1.083626212006806935e-02 1.498077533149437361e-02 2.298172950274111545e-02
1.444211554238480043e-02 3.027310649566637701e-02 3.462874765540019384e-02 6.852882080223564147e-03 1.412876153535388805e-02 1.979824534421735505e-02 1.964928266848597546e-02 1.006404134107486727e-02 1.363521070153618335e-02 2.230491738765051982e-02
1.422190843228506550e-02 2.833632800206111260e-02 3.302764686527927956e-02 6.357305130315434386e-03 1.380174882890650677e-02 1.798025190636244261e-02 1.917703657294007186e-02 9.629903499572057754e-03 1.352603801106531771e-02 2.171133412331799351e-02
1.393119031138492780e-02 2.652580556531532532e-02 3.149539003503794982e-02 6.135057365572227188e-03 1.349393025511396935e-02 1.830719680204552502e-02 1.892285047832685876e-02 9.296627257569495262e-03 1.258619350988217887e-02 2.118354513004597553e-02
1.363510482292761179e-02 2.509591405071003034e-02 3.009347228706314020e-02 5.992393768925337837e-03 1.319295242343483145e-02 1.622801234838954984e-02 1.896711593165670631e-02 8.934047129251625544e-03 1.170642966595651126e-02 2.072008653059353306e-02
1.346152176844138751e-02 2.405480266896650385e-02 2.867659276234219706e-02 5.807060929949378093e-03 1.295156920876083632e-02 1.534388981318835117e-02 1.842762551547416985e-02 8.663897825912954612e-03 1.109557928642631967e-02 2.040272960507995975e-02
1.319755264013140403e-02 2.312373141333900692e-02 2.743882237550396633e-02 5.615048852468162988e-03 1.274734842666836940e-02 1.511584580931968867e-02 1.822419155336690161e-02 8.424362180674341283e-03 1.056355211205047169e-02 1.987423292290439389e-02
1.296721303064542717e-02 2.245286508980035359e-02 2.645622625241799211e-02 5.547506069185273621e-03 1.245888011509978417e-02 1.443749870650208253e-02 1.805143299662140613e-02 8.304043458507418332e-03 1.039996269442668674e-02 1.945176850870466642e-02
1.275750954680050439e-02 2.175520784293543189e-02 2.524766172409092374e-02 5.382150908506334007e-03 1.206137455175814062e-02 1.290343170526336500e-02 1.782610613664652524e-02 8.081063769015638804e-03 1.025742617367513682e-02 1.904766578848138964e-02
1.254660115275900260e-02 2.109453604533543386e-02 2.445977421275163932e-02 5.236448095705561849e-03 1.174859745692952845e-02 1.246268303725206299e-02 1.761487607854606702e-02 7.917571327223061131e-03 9.704259389580013884e-03 1.870513865062617062e-02
1.226013703076727149e-02 2.057047628481808998e-02 2.354613862240953481e-02 5.129017322106056709e-03 1.142334730611890663e-02 1.199871155766812567e-02 1.747681170013521551e-02 7.781817598647035490e-03 9.564241208946692649e-03 1.871558581555282999e-02
1.203937818645201691e-02 2.013670774432181967e-02 2.271895764766450679e-02 5.026333602950493369e-03 1.108451622861107017e-02 1.143197275297498823e-02 1.716658808281945267e-02 7.634693278827547544e-03 9.483693927182583819e-03 1.816781638394275242e-02
1.189667196305686271e-02 1.954525992933346321e-02 2.189007368348147228e-02 4.939018534891181575e-03 1.095779036161475054e-02 1.131613102314364856e-02 1.701674390017082414e-02 7.531376536750903489e-03 9.336161121255888082e-03 1.778965569262843174e-02
1.161561484126167644e-02 1.899480645651443686e-02 2.122670135738601721e-02 4.869949402094207909e-03 1.066646706946526926e-02 1.081617722165178000e-02 1.690129149230923736e-02 7.340262190869914667e-03 9.102870791266844466e-03 1.729078232924482691e-02
1.146660217841984075e-02 1.845300610288618318e-02 2.068224262476937858e-02 4.778397560728891470e-03 1.051175408977596780e-02 1.051498970513138273e-02 1.680445042486047869e-02 7.275776415458567146e-03 8.860661325487890691e-03 1.687624607661088877e-02
1.137923295158574724e-02 1.780196070273354012e-02 1.997083118423997883e-02 4.760600741553665943e-03 1.013794402395524694e-02 1.024496281922395932e-02 1.670202500768356441e-02 7.184192320148287056e-03 8.575115130371605346e-03 1.647076669460458345e-02
1.107998014903290723e-02 1.711396379994965106e-02 1.940546554367918175e-02 4.611393511160266981e-03 9.868470293181738281e-03 9.960466876198198483e-03 1.636629923587457416e-02 7.028005684097461334e-03 8.594203032234442458e-03 1.613631889147938356e-02
1.091681763487569422e-02 1.653637793184095303e-02 1.877178859432132932e-02 4.574421773507189246e-03 9.701809066852890018e-03 9.836799675398365944e-03 1.637070857733858090e-02 6.873943280377574003e-03 8.207389961787161028e-03 1.571174107322944116e-02
1.075217843285413734e-02 1.598468145370379387e-02 1.849654330775509642e-02 4.475459740058030690e-03 9.534861565800521396e-03 9.503363816838248865e-03 1.608098772314143360e-02 6.789631254758100865e-03 8.150733921457637907e-03 1.548605424020863507e-02
1.061053499889834731e-02 1.539420166963209255e-02 1.772262741042553505e-02 4.461587557227650672e-03 9.458351904029483476e-03 9.286565332574735210e-03 1.598578404317933799e-02 6.720989879284073633e-03 8.048726476236995123e-03 1.492981152877804162e-02
1.045231383122656801e-02 1.500565273793616483e-02 1.724982176509929493e-02 4.360767149751251966e-03 9.433040771138379021e-03 9.096079200168027956e-03 1.598224620872171556e-02 6.565450229619355232e-03 7.848337083049810453e-03 1.460295336363965669e-02
1.031403490749698525e-02 1.437340184752666956e-02 1.679768592427949986e-02 4.313733217914800938e-03 9.078379093980999334e-03 8.835276587099616732e-03 1.572607881113553124e-02 6.479833233903793850e-03 7.770524604844872979e-03 1.418764673707518208e-02
1.017296329940629851e-02 1.388065763116079314e-02 1.627715253076951821e-02 4.276257627372591699e-03 8.945883464170226521e-03 8.662117918343432976e-03 1.561656451787898393e-02 6.393112880049105044e-03 8.064573772735025500e-03 1.396207949706541711e-02
1.009820558798190000e-02 1.344782208662036876e-02 1.581176150637453315e-02 4.262226892509937519e-03 8.952835066047127102e-03 8.516842557232423561e-03 1.562753657310733679e-02 6.348681593450316782e-03 7.612980748451026944e-03 1.345971982867695711e-02
9.909914682663537380e-03 1.308067830801427391e-02 1.546131049396893414e-02 4.172018972040733055e-03 8.654822138904259138e-03 8.346613478128272340e-03 1.555710909703807848e-02 6.229980545277364473e-03 7.535873968396620930e-03 1.345136512010628588e-02
9.858530159206445667e-03 1.282247456304569204e-02 1.493935752643276924e-02 4.205041727808042640e-03 8.590789690147144012e-03 8.628982686442408442e-03 1.553359939194334446e-02 6.358564384548001658e-03 7.342110355431299626e-03 1.296465819593477231e-02
9.690452752286669164e-03 1.260348979935988108e-02 1.440772461471728771e-02 4.112353334637996148e-03 8.381320648910466423e-03 8.109119856269187201e-03 1.552311285908644471e-02 6.046485388960058487e-03 7.287187013653744459e-03 1.275709644335494726e-02
9.500433695278283699e-03 1.241843862193671606e-02 1.400721881926470479e-02 4.044240085237261854e-03 8.389639850620597347e-03 7.940068195814862367e-03 1.501438947387468380e-02 5.997935908306526592e-03 7.194321696109547658e-03 1.256996674547566049e-02
9.350993908773207880e-03 1.230202267180977894e-02 1.360483783242658062e-02 4.007608968902732528e-03 8.280101765751037013e-03 7.853954659305561331e-03 1.497199318710122108e-02 5.886486616882396529e-03 7.212986532947993253e-03 1.243259679981298903e-02
9.228231269241240348e-03 1.212500975484735039e-02 1.320393125042318427e-02 3.988200372191299387e-03 8.051914344973227361e-03 8.401803465973080656e-03 1.493523380771779804e-02 5.797164009755448669e-03 7.628624254114427933e-03 1.223438410410580303e-02
9.198032644029833019e-03 1.202926307281190071e-02 1.290698575930464796e-02 4.096349672356323392e-03 7.894644079839698361e-03 7.568356525988089931e-03 1.486095330301311426e-02 5.731785222361848210e-03 6.993053679606009432e-03 1.206790601073171217e-02
9.035366770306117040e-03 1.187787184906587655e-02 1.238310049045257197e-02 3.938658805573511806e-03 7.815426000112221314e-03 7.449054762791732648e-03 1.500571603525108384e-02 5.656219677774841983e-03 7.491942735574659042e-03 1.187011410510002349e-02
8.874038946049784410e-03 1.175483111781651553e-02 1.215811482906031457e-02 3.912252783096726097e-03 7.655892092875340310e-03 7.299831154480912118e-03 1.476302535983173812e-02 5.617543098827361241e-03 6.821087002716380056e-03 1.169661655911168399e-02
8.788912557879223139e-03 1.165452282855379204e-02 1.168696727082469550e-02 3.937367935166124003e-03 7.539330550412007108e-03 7.245873574122514184e-03 1.434509874684409929e-02 5.510747697617451521e-03 6.856640659957169426e-03 1.156433296199746788e-02
8.660869888524200255e-03 1.156791444795717515e-02 1.131835574083123359e-02 3.846744184336294524e-03 7.467089732763277678e-03 7.080364531690835038e-03 1.445059422743969271e-02 5.530119288276864192e-03 6.743630536040890952e-03 1.145669219238594667e-02
8.585361795254277048e-03 1.148148010916957840e-02 1.114023893217947966e-02 3.829879921458308537e-03 7.516081052660203432e-03 7.165410999509903324e-03 1.444263159417493760e-02 5.365329429101410932e-03 6.825286092442201316e-03 1.125672320807575427e-02
8.403309043846498780e-03 1.141940471664494236e-02 1.060128522540065843e-02 3.794883459842944735e-03 7.372337273001816974e-03 6.852455024637811240e-03 1.409636549327753993e-02 5.307287508359231389e-03 7.020971978502633937e-03 1.109937440196070470e-02
8.333113744652131255e-03 1.130861965287128373e-02 1.030378568235481782e-02 3.838268866957993391e-03 7.561308619505607495e-03 6.765582051879100861e-03 1.397255066287586209e-02 5.248571410150081919e-03 6.587454622731082378e-03 1.108264353693956192e-02
8.212869452187262706e-03 1.120241548605058549e-02 1.019967760599841018e-02 3.750066141390177594e-03 7.199559407752911637e-03 6.933057852071608865e-03 1.406480920130826102e-02 5.223014222490673236e-03 6.534480625246015181e-03 1.079078229742804276e-02
8.112288344021584274e-03 1.114648791143284245e-02 9.584833101929497029e-03 3.727163091800402266e-03 7.076126442466921899e-03 6.598857174962479040e-03 1.398855618814333693e-02 5.115067999230096286e-03 6.476696246416043488e-03 1.063209255443881701e-02
8.003324925852279420e-03 1.105682783344759390e-02 9.264385752867174834e-03 3.843560352159050390e-03 7.073655645258162747e-03 6.526416685371834100e-03 1.366693727424269852e-02 5.054113824064471877e-03 6.457609433059248623e-03 1.050983492759942003e-02
7.906079856315655421e-03 1.095176001488518472e-02 9.039447347745819053e-03 3.728861117206034789e-03 6.954801682081220536e-03 6.408112752891279365e-03 1.356275969738238510e-02 4.992217789918604667e-03 6.489444304520365116e-03 1.040555552301839631e-02
7.744676563481042025e-03 1.087432034716216862e-02 8.792823640157314269e-03 3.816113052308965203e-03 6.899337200478554942e-03 6.287268032767667422e-03 1.359419135833734617e-02 4.965179017621718441e-03 6.357470552478836599e-03 1.024229291734983331e-02
7.624593812996071328e-03 1.087556654273484635e-02 8.377145091847681274e-03 3.671436219496988004e-03 6.842253593855716735e-03 6.280962220125941957e-03 1.351249361821663456e-02 4.950999774234907287e-03 6.252026949300382164e-03 1.011306782549790256e-02
7.618208588363547563e-03 1.081815286462275288e-02 8.161869477560410036e-03 3.673346131793232220e-03 6.953651326682113581e-03 6.296366779389828139e-03 1.329234672265979141e-02 4.827749942796253496e-03 6.578220594081455978e-03 1.008992529898313992e-02
7.438679778626567859e-03 1.073398325633144641e-02 7.880035839852710458e-03 3.670629245818805321e-03 6.795145688040229656e-03 6.114465164887925713e-03 1.321029596745899870e-02 4.789898035750275035e-03 6.118189709989814776e-03 9.900692548509962276e-03
7.392066401969894091e-03 1.069202786686676045e-02 7.715541899413109334e-03 3.634215460363327422e-03 6.636892826046784065e-03 6.038421730541272854e-03 1.325377758372861016e-02 4.707992541581616612e-03 6.086970253017298660e-03 9.845471287662114351e-03
7.221300714171511800e-03 1.062624765170051139e-02 7.466626321559129663e-03 3.607194324364391448e-03 6.686352388929761234e-03 6.453436631671570847e-03 1.304141022084212911e-02 4.672720392553116747e-03 6.971412417914759838e-03 9.587388773850298584e-03
7.154186906332785610e-03 1.055121248934673232e-02 7.234548034081324935e-03 3.627647559016112383e-03 6.675312842930760000e-03 5.918662645028145361e-03 1.302289255914380016e-02 4.584352722159319195e-03 6.101636919228671171e-03 9.488191152117322197e-03
7.048308295825984025e-03 1.047756317799764143e-02 7.067893350794177999e-03 3.634875079124703402e-03 6.512657986532621908e-03 6.015389157850468266e-03 1.291565863008012349e-02 4.591380757429073395e-03 6.048981423160708880e-03 9.347279783981995646e-03
6.906467136321706862e-03 1.055717468966028624e-02 6.830323567745964948e-03 3.606825985946087061e-03 6.389763853570833499e-03 5.705515236514752640e-03 1.282840102767086876e-02 4.484956618642773306e-03 6.249860209392007517e-03 9.308830337149494663e-03
6.795320735467473908e-03 1.038174338208977011e-02 6.747501666848319118e-03 3.578636528110041432e-03 6.314855486651328904e-03 5.823093987007691395e-03 1.380323810382409408e-02 4.453485913262567215e-03 6.102246684978187424e-03 9.119906594386788592e-03
6.697613356379548966e-03 1.032640892441876769e-02 6.529460963424158111e-03 3.539433284033262871e-03 6.278891763738105730e-03 5.742641279268537700e-03 1.284225403004017087e-02 4.382025125484169392e-03 6.007752540304725324e-03 9.060017265739106138e-03
6.655166668072436467e-03 1.031548204189574117e-02 6.406977055754408366e-03 3.540961831132331816e-03 6.207571985465372769e-03 5.462885858361949884e-03 1.264282227165129495e-02 4.337460318330603644e-03 5.810200821683680038e-03 8.946826445925032747e-03
6.551761585471721147e-03 1.027907269369566362e-02 6.295433853399264902e-03 3.501631250512069696e-03 6.243002991936799292e-03 5.565587674081490591e-03 1.264942169265950191e-02 4.316519575411110685e-03 5.795555914406364841e-03 8.782719204575226146e-03
6.464864905265399822e-03 1.021110539715955334e-02 6.141579206310552284e-03 3.498857287316073025e-03 6.122443413326651533e-03 5.475266142885585642e-03 1.242861804519449116e-02 4.258025693389181493e-03 5.740913349478769107e-03 8.800463396349083450e-03
6.385172733931520316e-03 1.012169767853942498e-02 6.160678725343754839e-03 3.501967626593459337e-03 6.148586935711625526e-03 5.298785139384196326e-03 1.240693311912365385e-02 4.201625103226627397e-03 7.463806321420811754e-03 8.566636353985039934e-03
6.312387532708707907e-03 1.007169734139058345e-02 5.902848984217243765e-03 3.475894747643558380e-03 5.977399813939392875e-03 5.216484605052766968e-03 1.238659385163841040e-02 4.160467803329049273e-03 5.866924037217941326e-03 8.532034202160854869e-03
6.256192551128794341e-03 1.006085791986330129e-02 5.709600371625828640e-03 3.458676455741409392e-03 6.008226376237628050e-03 5.212821209136253749e-03 1.224832614633703659e-02 4.148595025623219405e-03 5.689717421063908952e-03 8.410291064764700841e-03
6.138542245698089782e-03 9.966319635387308265e-03 5.556084056666299453e-03 3.459301092514723876e-03 6.008149868738120458e-03 5.866709997821567893e-03 1.222374424823263056e-02 4.194097595655328810e-03 5.645937771313036188e-03 8.266405395829998226e-03
6.052584036576640764e-03 9.944849607510377471e-03 5.449539564254038231e-03 3.458638343668195454e-03 5.805578958648968842e-03 5.150778365857726013e-03 1.228547447904061035e-02 4.057629617952797536e-03 5.694772771065912363e-03 8.180640091101955280e-03
5.955011754521217712e-03 9.939814923814658393e-03 5.303276533610460503e-03 3.465138976842775491e-03 5.745521073958333343e-03 5.022671257420547805e-03 1.205028043661958252e-02 4.080108112403979179e-03 5.581242584953865007e-03 8.178944414058041817e-03
5.882052230267167774e-03 9.892312287913731378e-03 5.164808716010877224e-03 3.427506596155882775e-03 5.720287331320159790e-03 4.976596220188692597e-03 1.208595325713457229e-02 4.006641661894361391e-03 5.529383573618405941e-03 8.032726715834213535e-03
5.811914434617028620e-03 9.860376877841680113e-03 5.072844593446806417e-03 3.417192205906771120e-03 5.742282631137991290e-03 5.001920210886149666e-03 1.203014169303579656e-02 3.917111923083600039e-03 5.532564581817061775e-03 7.909335401537456040e-03
5.773305567552440218e-03 9.796436473093056430e-03 4.991310609723259399e-03 3.418314696497610442e-03 5.594756140450720706e-03 4.874825461659669859e-03 1.186082301239508967e-02 3.898625794421426392e-03 5.480986485437567071e-03 7.822943678779540125e-03
5.676142915688823717e-03 9.758823199047790206e-03 4.924237704815765358e-03 3.524003192814462258e-03 5.523334740140290605e-03 4.841614114429326418e-03 1.174021856396054511e-02 3.886422472436400818e-03 5.478397178454930821e-03 7.735063936458475356e-03
5.579848368186647069e-03 9.746255808873914572e-03 4.822815949103507853e-03 3.396658196071818386e-03 5.512314501337608509e-03 4.904022491075806824e-03 1.211614882079164145e-02 3.934531683607809908e-03 5.574249752662282197e-03 7.647461359790614331e-03
5.530335928885590779e-03 9.652904830822206517e-03 4.746639214564815114e-03 3.404397855034102527e-03 5.747851683255733243e-03 4.754335004398820876e-03 1.164269018671607210e-02 3.790340194592943870e-03 5.484698366214928698e-03 7.572265628549646257e-03
5.569000021262473718e-03 9.593650880534064507e-03 4.750332272784744785e-03 3.389117408929848835e-03 5.358232604382126042e-03 4.996679642417675010e-03 1.155752661059257676e-02 3.751428617081279965e-03 5.456475378743821589e-03 7.522328463637705485e-03
5.513358898675906582e-03 9.562013631172754102e-03 4.625748493991893237e-03 3.387119258352349997e-03 5.390297492586066178e-03 4.734127025836028062e-03 1.148004963839321935e-02 3.710882307210650131e-03 5.321444092566745762e-03 7.442446334321737092e-03
5.371095564214878153e-03 9.533329163191160346e-03 4.575548756001365271e-03 3.447887691981501787e-03 5.271583520947227888e-03 4.642949988515405330e-03 1.145980580813069950e-02 3.732752528655805101e-03 5.303439445096199550e-03 7.365542343997106070e-03
5.289720227339056793e-03 9.506829091600070905e-03 4.545960396646234886e-03 3.370483346446044234e-03 5.235175766331386267e-03 4.649263364034164625e-03 1.135030818588080373e-02 3.656338100914335778e-03 5.529739599618960048e-03 7.285099598292497751e-03
5.298710590768560685e-03 9.496129741989012621e-03 4.450657787230041795e-03 3.377342466533944047e-03 5.195517516162148804e-03 4.559952040833092045e-03 1.136184003463242172e-02 3.618847879685411443e-03 5.361279060214422035e-03 7.220271370803481997e-03
5.176306337309837489e-03 9.414148240002787396e-03 4.428205482212502729e-03 3.356169017717907429e-03 5.232187668603795715e-03 4.643214142269343550e-03 1.136422119500734608e-02 3.578877581041826472e-03 5.418484297891800090e-03 7.147270065686699841e-03
5.105576114383347103e-03 9.354798535393773692e-03 4.379270641594840835e-03 3.359396412138037410e-03 5.252928201286903402e-03 4.515034480285502576e-03 1.144184349524733982e-02 3.553856338952779675e-03 5.228626660680153922e-03 7.088362551598364168e-03
5.069672341708769681e-03 9.327052252520248374e-03 4.394607550323240998e-03 3.389976031305783327e-03 5.050129414515477054e-03 4.464857559955810913e-03 1.115708192466473118e-02 3.517351339569291680e-03 5.342519561136092020e-03 7.083482623435831925e-03
4.984916757284143206e-03 9.288734407198601106e-03 4.312908778877796306e-03 3.443102287888238390e-03 5.047480645242994474e-03 4.417955148261439903e-03 1.109780578815816945e-02 3.486712244631454301e-03 5.165335477956237153e-03 6.971946384346081570e-03
5.114505996404335869e-03 9.262779952050905624e-03 4.265885942262986029e-03 3.353039603465399546e-03 4.964734463584676884e-03 4.335468233408320757e-03 1.095183857667955674e-02 3.454975454457273783e-03 5.129086907646175815e-03 7.035580325057562943e-03
4.886886752493727927e-03 9.223969820385636426e-03 4.187965579678075596e-03 3.336528860902722438e-03 5.022174759041903892e-03 4.815136861286579625e-03 1.097307143253582230e-02 3.421110211415132572e-03 5.159007497608387831e-03 6.908179051260544823e-03
4.835880443931449627e-03 9.180916865616653780e-03 4.144474783532473700e-03 3.342434366028861764e-03 4.887039643650031850e-03 4.514583483792362038e-03 1.090972470129511832e-02 3.402348678675077859e-03 5.103329012261129810e-03 6.814967524675328257e-03
4.868040177421143443e-03 9.193061021902267094e-03 4.147354202615237753e-03 3.333931068634370370e-03 4.834803530685906174e-03 4.712920863787223823e-03 1.094531321123251924e-02 3.372991754491265568e-03 5.088333142013404947e-03 6.734752388140472119e-03
4.749126724044048890e-03 9.072200493665836390e-03 4.091071939981475412e-03 3.327575678152727267e-03 4.775312437306489938e-03 4.436605766841753007e-03 1.070195786961372630e-02 3.384714746401210408e-03 5.050504697489215621e-03 6.681793187689802176e-03
4.680031124585585199e-03 9.055344461904637696e-03 4.068063365088744193e-03 3.379235148002323469e-03 4.765457667559201346e-03 5.794664370236404620e-03 1.079627259579283606e-02 3.369403271787482258e-03 5.020485971043191047e-03 6.654985782844779867e-03
4.660080483536752777e-03 9.012122053182376052e-03 4.035394464774734631e-03 3.322014455880563204e-03 4.702398974128542582e-03 4.529721051595094090e-03 1.054380387676697936e-02 3.299124063194399867e-03 5.193730788495676438e-03 6.586416128583436752e-03
4.589001245795262286e-03 8.976869515594187304e-03 4.018121888658795354e-03 3.314220858188291798e-03 4.774959393424248535e-03 4.174684321606606484e-03 1.045351964326411871e-02 3.266127338767726290e-03 4.994141763350373048e-03 6.508706474951790957e-03
4.576275955312451849e-03 8.892933319406222392e-03 3.997049296544891855e-03 3.354110350820279068e-03 4.663841681326223038e-03 4.373170983922381946e-03 1.044602378701344099e-02 3.256715939110730023e-03 4.982532813428911488e-03 6.636234623238415273e-03
4.575283605480050080e-03 8.838253280154311983e-03 3.964262083467089658e-03 3.309897849418766240e-03 4.824327623278033134e-03 4.587728950065267895e-03 1.048878234536924393e-02 3.224941558193015513e-03 5.056144141349324002e-03 6.484259513022446603e-03
4.498515309660903495e-03 8.792407892641755998e-03 3.926518160922137096e-03 3.349401634485627780e-03 4.619024978402912728e-03 5.612953662315509247e-03 1.044375966364494319e-02 3.203885440670412119e-03 5.131036228172649455e-03 6.351714225124369291e-03
4.455709842974130142e-03 8.756115683821655629e-03 3.906149386489141291e-03 3.366600964238802059e-03 4.524474911827961777e-03 4.220556294163744886e-03 1.015630521635826726e-02 3.186076098708519582e-03 5.046883946088356367e-03 6.301528341589578489e-03
4.374411235085555114e-03 8.759321495709564143e-03 3.886967278537177117e-03 3.326780395982311279e-03 4.550575855943425792e-03 4.118864151417747123e-03 1.016562099996956917e-02 3.221621167785277459e-03 4.930823749649156963e-03 6.258812084632032167e-03
4.366262505098949739e-03 8.658947817993896748e-03 3.847937796819376165e-03 3.303082526729699941e-03 4.474917096146193568e-03 4.057789931672805758e-03 1.000293747864836047e-02 3.151524292943630456e-03 4.891319155207954870e-03 6.235852683586849514e-03
4.288480865352205587e-03 8.641544245406408004e-03 3.830716008579189945e-03 3.544578069616183096e-03 4.457484970878175870e-03 3.989593386183191807e-03 1.002595178899476705e-02 3.172208924064749344e-03 4.877757394974177423e-03 6.178092232377895184e-03
4.228364122474523659e-03 8.569081683580254127e-03 3.814773261999049227e-03 3.337276799888069974e-03 4.481381818131505677e-03 4.221326199261426874e-03 9.978049305851492690e-03 3.142070912456875961e-03 4.945947832421452965e-03 6.139328495282159355e-03
4.270022832749050326e-03 8.528354061258456784e-03 3.793786006627234732e-03 3.286112194194563095e-03 4.399435456500731464e-03 3.975261526808742361e-03 9.891113784688872895e-03 3.082925920953674247e-03 4.829104332569284473e-03 6.108757370138636136e-03
4.198074387717971000e-03 8.454796719846696673e-03 3.788878273359457764e-03 3.296827161361925995e-03 4.467575788930167394e-03 3.973865123008285885e-03 9.756551040135369446e-03 3.070893979526744325e-03 4.818111884272849310e-03 6.049376707870082401e-03
4.157844422834212905e-03 8.437102843642541386e-03 3.764812910877633929e-03 3.284295703616099855e-03 4.338835374316524912e-03 3.897200337808018507e-03 9.761284589785814217e-03 3.055090067468018474e-03 4.838173417239755199e-03 6.045920250307247786e-03
4.119737760442904878e-03 8.395835428195583955e-03 3.733726400060811013e-03 3.289198456853041196e-03 4.330267103798579598e-03 5.120933872657951365e-03 9.598252454249937837e-03 3.039712901864920387e-03 4.852396346362655710e-03 6.008526702428555570e-03
4.031930748528855628e-03 8.352044194998457793e-03 3.720059054390778726e-03 3.370733220314424579e-03 4.294115561096347594e-03 4.069506948272123663e-03 9.557980694285652182e-03 3.006251389724874917e-03 4.909405803759224474e-03 5.918261617241752683e-03
4.040720071550802858e-03 8.310087154563008949e-03 3.758165585166016714e-03 3.293665730084006579e-03 4.256225017463319618e-03 4.306413127459890119e-03 9.476851452243917340e-03 2.996163221966437456e-03 4.798306929769060800e-03 5.880810307795213132e-03
4.034793065638777460e-03 8.354522676965049632e-03 3.694756363521602572e-03 3.333342388132904278e-03 4.221247805006934396e-03 3.813606739180555941e-03 9.383065351889685254e-03 3.053435245312754662e-03 4.749080511881661332e-03 5.835096059557290209e-03
3.970777068617051264e-03 8.247061239206000469e-03 3.675131466709644339e-03 3.291844880432334176e-03 4.199900141728992592e-03 3.802558665953363788e-03 9.373130823984702001e-03 2.980573638628960728e-03 5.052322193062526619e-03 5.799827411369640195e-03
3.969515936091051744e-03 8.209573823534125833e-03 3.675325820196779104e-03 3.273635393227935023e-03 4.213616727542569482e-03 3.817565657297799283e-03 9.283556546622852984e-03 2.949828608001209967e-03 4.687283306457147407e-03 5.763822545940882822e-03
3.907353751702038851e-03 8.159852107258089987e-03 3.655964619939624637e-03 3.263191425093294254e-03 4.174932975315249692e-03 3.950724424439439400e-03 9.491835227780480791e-03 2.935357656964656704e-03 4.841759378679161979e-03 5.729557266356568451e-03
3.857460853629073733e-03 8.120178161923652035e-03 3.642072195597819296e-03 3.270550573813415726e-03 4.209150039576784602e-03 4.082545873713070567e-03 9.203458939429275121e-03 2.911567146190592939e-03 4.713703928044691953e-03 5.691019964140078824e-03
3.876198438247231010e-03 8.058075476987907118e-03 3.686231223681419190e-03 3.425636406920714271e-03 4.115364935748544450e-03 5.824152505859217337e-03 8.985167571010171939e-03 2.923256192656906432e-03 4.694933956971371163e-03 5.679863513275072023e-03
3.925585539289814727e-03 8.015396025256875737e-03 3.648682182654837750e-03 3.280329561852449345e-03 4.195600005032610463e-03 4.117858677356535727e-03 8.978024067721471907e-03 2.884029726258532673e-03 4.871227394680598642e-03 5.662864299544600154e-03
3.804137869658386073e-03 7.998728181090599201e-03 3.598282245882052088e-03 3.255450751038571188e-03 4.041398198969851745e-03 3.895646322356840878e-03 8.961399504572730920e-03 2.873409465437589457e-03 4.624380267650628207e-03 5.601628217250988022e-03
3.735016748107776539e-03 7.944493729291655232e-03 3.596911312866148732e-03 3.264523218962055162e-03 4.019913178928196003e-03 4.255617813881672727e-03 8.827529281524776339e-03 2.860462579854622898e-03 4.625760626528798922e-03 5.562655708336334583e-03
3.985941968030685782e-03 7.930435528768327302e-03 3.593872527018060394e-03 3.307546782342652650e-03 4.006490733971469244e-03 3.619498326453484110e-03 8.681780653686212851e-03 2.928423110351363774e-03 4.618778241052212512e-03 5.522470806634506395e-03
3.724927336668960778e-03 7.873863016431762243e-03 3.627313427433680963e-03 3.268965227433610551e-03 3.982868032578527201e-03 3.629750409434879393e-03 8.603576433904421006e-03 2.855600844716297583e-03 4.648420683355164451e-03 5.503192028158293038e-03
3.756660846105984528e-03 7.835962301014336856e-03 3.560978936902311175e-03 3.251998176954115291e-03 3.946648192599381405e-03 4.823123902879230922e-03 8.557210856893919526e-03 2.831644109889698384e-03 4.727051684030337056e-03 5.486994296635789095e-03
4.002287830146759699e-03 7.774869698705497330e-03 3.551046986888922122e-03 3.281006345153202833e-03 3.943489846017362611e-03 3.927649584502770908e-03 8.497821700572606024e-03 2.809179752537787483e-03 4.575520169170782872e-03 5.450684065442725802e-03
3.739395112205712128e-03 7.740212059183693323e-03 3.534049965646294741e-03 3.252459949837150418e-03 3.902940023079993354e-03 3.921188858756828599e-03 8.504062078156902557e-03 2.792377062614081855e-03 4.588320679602691729e-03 5.414113160374846127e-03
3.751039159001556995e-03 7.708416658428927752e-03 3.565490434750482295e-03 3.271516604313207035e-03 4.045095908600056592e-03 3.797200630370846808e-03 8.383681203290700712e-03 2.802797283489747403e-03 4.566324992049827780e-03 5.385539632072749126e-03
3.577970457480984714e-03 7.630297447965728175e-03 3.517466396153503139e-03 3.253581573408872649e-03 3.899968766304548647e-03 3.581866638279874657e-03 8.288283226976382589e-03 2.927096600343000697e-03 4.531126530887497929e-03 5.344753323116577595e-03
3.534961938518139165e-03 7.640619632966321254e-03 3.508229480976647260e-03 3.274162460104927414e-03 3.861248169321667215e-03 3.658359275282449963e-03 8.198658182135689504e-03 2.753313977922635086e-03 4.524492915518464609e-03 5.368100875816420904e-03
3.636364550436609056e-03 7.588537188422547763e-03 3.501864940119147392e-03 3.242086692879582194e-03 3.855269172550950668e-03 3.901208441586277720e-03 8.096243572501406888e-03 2.749697772302224508e-03 4.582833093015487372e-03 5.313229914172648213e-03
3.554011708374347177e-03 7.513608353895536753e-03 3.488987180083644429e-03 3.324622363409880047e-03 3.817928763540148589e-03 4.632109761028677282e-03 8.123094049250009427e-03 2.740891071242041420e-03 4.490511400034770916e-03 5.259801646863872943e-03
3.557030661952914011e-03 7.460189060608301247e-03 3.485863844727596535e-03 3.258608475365617173e-03 3.790741093009783718e-03 4.041282866594439645e-03 7.899733149707568319e-03 2.736418084337784162e-03 4.538913800332200141e-03 5.259831254607544651e-03
3.499769330629629808e-03 7.432180888492129732e-03 3.491555327912933705e-03 3.237407624030491215e-03 3.828239463142455151e-03 4.038433358966198039e-03 8.051017286019229724e-03 2.730059536807941806e-03 4.508067608467618455e-03 5.207458546905887643e-03
3.677328109621484306e-03 7.368944775622715895e-03 3.470119967347875655e-03 3.257301743032915350e-03 3.763206007494490114e-03 3.888521125891645450e-03 7.712936957110431806e-03 2.735445508623160060e-03 4.468756004004711437e-03 5.200343645614823387e-03
3.402219206703714638e-03 7.319769313337151639e-03 3.459007236438251410e-03 3.245329307222873366e-03 3.732833798748623737e-03 3.881391070756098124e-03 7.633163386791556350e-03 2.725391330621478297e-03 4.444970246704487912e-03 5.233613144275366634e-03
3.390448179065883548e-03 7.273644703629604351e-03 3.448249119709490169e-03 3.312152229728168844e-03 3.722215559287480983e-03 3.859965569416691240e-03 7.683213127972111575e-03 2.703232064018463998e-03 4.433261266659946701e-03 5.144377784531298757e-03
3.413779966351286783e-03 7.265797325854710456e-03 3.451358993735262771e-03 3.238070714532147870e-03 3.787131073293846257e-03 3.531731024237120750e-03 7.480439542860923066e-03 2.744033131065314740e-03 4.403818497660084465e-03 5.116726534237837389e-03
3.397065014608856553e-03 7.188005857148630634e-03 3.514595211310137489e-03 3.242586197291922809e-03 3.704596073701831201e-03 3.726397468462487768e-03 7.340384372295096806e-03 2.679660477331711425e-03 4.401195623273783386e-03 5.083645491551396292e-03
3.401792437121532384e-03 7.135953588062350118e-03 3.456674445375897478e-03 3.255403310689706196e-03 3.706866954137635721e-03 3.992482386176831287e-03 7.299366705055450495e-03 2.742817188393718852e-03 4.510420947217694265e-03 5.061791810737107170e-03
3.341496357558384599e-03 7.156067186464443175e-03 3.418828799321792841e-03 3.235086604171788418e-03 3.675783710089572821e-03 3.549336131761073997e-03 7.125902317949351673e-03 2.663385420610886716e-03 4.368810296042203653e-03 5.267845998903429756e-03
3.369468122596768703e-03 7.080062725417563506e-03 3.421498290258743070e-03 3.245446554729644953e-03 3.647965121435082451e-03 3.541955455472486393e-03 7.250327893995422816e-03 2.655626223966432980e-03 4.545636631701381776e-03 5.058624138591471912e-03
3.302273428122174965e-03 7.028654570860468770e-03 3.414188725326734730e-03 3.240555504851496977e-03 3.691494201577873776e-03 3.556690510961550786e-03 7.038747181474280627e-03 2.654637905322822840e-03 4.385097916298767023e-03 4.991227085503202598e-03
3.317029688070083533e-03 7.002410152637007779e-03 3.399960931916428189e-03 3.243510813253174668e-03 3.670034408389731290e-03 4.080183139609541189e-03 6.789866222799704337e-03 2.674808838672498076e-03 4.371213607723824918e-03 4.993617270236833453e-03
3.362895054473410018e-03 6.947628060472944324e-03 3.406084446203139302e-03 3.248859441170612837e-03 3.605804659031486715e-03 3.379486076100013999e-03 6.822875276966186911e-03 2.668892365199561963e-03 4.380266567389248279e-03 4.939009457881944447e-03
3.538009557507194001e-03 6.927738033080801244e-03 3.372483124368566131e-03 3.231906401621896865e-03 3.622060175734230850e-03 3.404430703195665715e-03 6.532643692069779393e-03 2.642779419636196066e-03 4.371098421300587643e-03 4.919275864572998126e-03
3.605418679332253636e-03 6.913934391034949264e-03 3.379457330177030022e-03 3.241065214664826284e-03 3.582039322939655889e-03 3.413667493962930892e-03 6.656318982111822900e-03 2.644774750817187412e-03 4.375347614179601191e-03 4.896257300021987502e-03
3.316405445837000698e-03 6.902308018328256675e-03 3.426050313690518368e-03 3.256874625306115795e-03 3.570384382595553994e-03 3.493995161951971538e-03 6.303764556148173416e-03 2.610747833611345384e-03 4.336948400612818284e-03 4.885982698417061683e-03
3.313850447089541733e-03 6.838531049343142543e-03 3.371281930418551943e-03 3.245431791958414657e-03 3.621942896641834955e-03 3.551665203400886268e-03 6.288545382624021428e-03 2.604296646616856281e-03 4.502171116438689544e-03 4.941243556081994365e-03
3.226687363122805480e-03 6.838096723556476124e-03 3.363418496191009251e-03 3.297391462608993424e-03 3.533334132611616954e-03 3.717446203956245240e-03 6.077275836649649772e-03 2.596897914465229155e-03 4.359571628358240893e-03 4.837711259032330922e-03
3.220361427071162432e-03 6.753138897274954533e-03 3.360148678564618425e-03 3.237884137897018792e-03 3.514837822480254732e-03 3.889894118288713103e-03 5.938936510224245360e-03 2.780873161082706747e-03 4.361136659723379924e-03 4.812931054126560332e-03
3.206602948802825606e-03 6.726080114169401963e-03 3.366640187780601135e-03 3.229242775861841577e-03 3.599834530239991778e-03 4.003663617756447746e-03 5.828425118232907765e-03 2.655400588766167799e-03 4.312360268600432152e-03 4.862787819862085699e-03
3.140651153480359010e-03 6.733312218776463937e-03 3.359629237715561906e-03 3.240082932261984655e-03 3.520375196272654446e-03 3.937263900875378510e-03 5.801577390159537960e-03 2.580572833439566220e-03 4.307705301770803005e-03 4.757511937733085484e-03
3.259413568822235908e-03 6.643094863011572357e-03 3.340057172941283698e-03 3.225846613693280317e-03 3.522561486728600574e-03 3.790584769572915864e-03 5.635811199838794937e-03 2.571987515964130767e-03 4.288666976644940274e-03 4.781380786472719420e-03
3.200842124280194826e-03 6.668286713917445825e-03 3.342381912098752600e-03 3.238779582925481546e-03 3.518962224735671090e-03 3.371234402337314369e-03 5.531740752381699745e-03 2.638705633108836060e-03 4.307977678930959356e-03 4.714091508102731011e-03
3.344669537423318722e-03 6.595499747664429827e-03 3.346688919278278506e-03 3.239202433951891835e-03 3.516712457795757862e-03 3.362509211124614823e-03 5.427556104439300137e-03 2.622707655285978854e-03 4.269967233072651837e-03 4.699701736345846849e-03
3.115744068734968390e-03 6.574586351225529882e-03 3.363913225825327247e-03 3.252651987588694917e-03 3.470511259901863394e-03 3.349383493123075407e-03 5.353966493280000113e-03 2.571252070673377306e-03 4.345505124990522647e-03 4.676512012240147120e-03
3.094444831441860253e-03 6.542126551881972084e-03 3.342247126137660226e-03 3.224390976745779899e-03 3.451984026856119280e-03 3.701277310139602580e-03 5.258047738577017322e-03 2.591367920084579075e-03 4.280949771665498033e-03 4.655062964677092290e-03
3.095787326461858432e-03 6.622272707517658404e-03 3.327058073056459678e-03 3.277190939061320162e-03 3.449992151034881466e-03 3.300157163103703030e-03 5.180368858124979360e-03 2.594152004891130212e-03 4.289157433230675331e-03 4.648574766465614003e-03
3.324897245953797528e-03 6.452414342738885950e-03 3.324429468936569102e-03 3.228120443289128616e-03 3.446290412856132818e-03 3.308923697996113238e-03 5.075013772253051184e-03 2.524878483236197516e-03 4.281078440898158921e-03 4.646974384328293045e-03
3.091948561189414562e-03 6.463405545326016306e-03 3.311530245554866834e-03 3.257782507587172680e-03 3.482158807210491546e-03 3.448448497901634210e-03 4.951417066301493433e-03 2.562559427776377966e-03 4.293620200361556068e-03 4.598832397770521996e-03
3.046083080145996821e-03 6.412969408527266837e-03 3.322559851590480961e-03 3.258414881246960663e-03 3.407443022085115437e-03 4.738624121169377791e-03 4.829427390437956123e-03 2.604806685646941875e-03 4.262424559899958762e-03 4.571856600901588047e-03
3.074638328592693617e-03 6.389299768113876517e-03 3.318218300659930928e-03 3.260782679560871380e-03 3.471577260349089072e-03 3.412636594854423673e-03 4.721027771051574187e-03 2.519933885318439027e-03 4.260993509772724279e-03 4.595251332749258552e-03
3.498293059277983105e-03 6.479900078746688233e-03 3.309640141027702081e-03 3.220244327494701641e-03 3.443020264755181515e-03 3.253853358578825614e-03 4.701400268916406180e-03 2.570519147932818181e-03 4.219682900565689503e-03 4.565112273658047254e-03
3.026591647724547526e-03 6.328443386013542747e-03 3.289364099119324644e-03 3.261427438901435064e-03 3.446920970613539213e-03 3.213991509959877955e-03 4.601936076584571197e-03 2.514769332207400076e-03 4.259829229922565061e-03 4.520281112730494336e-03
3.170779466604823228e-03 6.304916828034801135e-03 3.322519830086396227e-03 3.233589799217834963e-03 3.453843655501444634e-03 3.217766959141307986e-03 4.484024576378697023e-03 2.495169285728227309e-03 4.258693588437480193e-03 4.540059494872174424e-03
3.037368956500542325e-03 6.246639945470291479e-03 3.288294863366640099e-03 3.245928790771048390e-03 3.365123346365475176e-03 3.192290897204522453e-03 4.398394454743189200e-03 2.501920786175506999e-03 4.194581482240781339e-03 4.512242410613051882e-03
3.022999160163964295e-03 6.241050140630408083e-03 3.298397475761778719e-03 3.220486721838017145e-03 3.363135572820563721e-03 3.324488830235803292e-03 4.367415766640085108e-03 2.602593560548849792e-03 4.335024072979486859e-03 4.434848086716311130e-03
2.974802001978176652e-03 6.199319476635469818e-03 3.287682911524502684e-03 3.247594843995527027e-03 3.373046052628271303e-03 3.236784394110614298e-03 4.385398024387718828e-03 2.682530149099535913e-03 4.175124789985270451e-03 4.437413080260358550e-03
3.215684254155728485e-03 6.162883222956954191e-03 3.292168924369592419e-03 3.375981871650936880e-03 3.353124694221055937e-03 4.113271451353190875e-03 4.197591143497428866e-03 2.479453104695804062e-03 4.231992798784718450e-03 4.425774187139353000e-03
3.176220865504517446e-03 6.142124894855512281e-03 3.281100992754098448e-03 3.223717893304657318e-03 3.353754750514228479e-03 3.423927725280251442e-03 4.108957093862021341e-03 2.513967501342130768e-03 4.280876441162376894e-03 4.391040330497835396e-03
3.121008004397267041e-03 6.148942997011266204e-03 3.305461997737675454e-03 3.245472907851185401e-03 3.379944579095450589e-03 3.202290289997592344e-03 4.063799372359336824e-03 2.501990455843822701e-03 4.198833736293538198e-03 4.393380779967532082e-03
2.939260463400371424e-03 6.202326818513713598e-03 3.288681623863586988e-03 3.238940174414261294e-03 3.451239468845570917e-03 3.191637961094341471e-03 4.099372213055263101e-03 2.489528898927487535e-03 4.166517545760506022e-03 4.319418061452532515e-03
2.930921309884702494e-03 6.120272783786734686e-03 3.267242409407615511e-03 3.215566154881146534e-03 3.378551273745001964e-03 3.215727820984143337e-03 3.920381894156244398e-03 2.466972721283173381e-03 4.278569198847130030e-03 4.295647804168412943e-03
2.978826024021559438e-03 6.044756176457112030e-03 3.287290501030319233e-03 3.226044373135758796e-03 3.308103382399460793e-03 3.630070285101209566e-03 3.832540367424990772e-03 2.484708180124055397e-03 4.126351626791843578e-03 4.301520471731147717e-03
2.970920047546244010e-03 6.027322230182952448e-03 3.299292124296085687e-03 3.213750305056195609e-03 3.355060632562370092e-03 3.716128097454746062e-03 3.813922702697354269e-03 2.462578659802580183e-03 4.193346341396530542e-03 4.256207388555580638e-03
3.044230890734657673e-03 6.043847131820107542e-03 3.260819746807819448e-03 3.234868634489889566e-03 3.317230191956582145e-03 4.174197912677828429e-03 3.716256575973141390e-03 2.539500867420128004e-03 4.124745784880370740e-03 4.226425516342137249e-03
2.952625957817538345e-03 5.943344512191939613e-03 3.269358338608849713e-03 3.212791470554731028e-03 3.371056213263869551e-03 3.229322291329096446e-03 3.653514550251187563e-03 2.453876200303057795e-03 4.141514119701967742e-03 4.266772010159519332e-03
3.102009841140548462e-03 5.929433948624253381e-03 3.313686920610514185e-03 3.230579856090243316e-03 3.316697144082737456e-03 3.292130979227367478e-03 3.619273119979861224e-03 2.464476677762566289e-03 4.120796846267456640e-03 4.209381556879798238e-03
2.914969968104337908e-03 5.879049920181549788e-03 3.255210396141765359e-03 3.223853608655191834e-03 3.333570372088570134e-03 3.130814766255709918e-03 3.678646369560438067e-03 2.473227497572404437e-03 4.101498860342635104e-03 4.151624491837573733e-03
2.975465137267611394e-03 5.901536123759424345e-03 3.319055779894425958e-03 3.217384541378262748e-03 3.305778876431017706e-03 3.200195846410998010e-03 3.526109657697291087e-03 2.476293445734032220e-03 4.131175082736497292e-03 4.142651213006322448e-03
2.924355630295489856e-03 5.848724555160948052e-03 3.249960075644064885e-03 3.237573293010914677e-03 3.269156920887951456e-03 3.188245367666108204e-03 3.675789644359539303e-03 2.473986779641330295e-03 4.128517238973099072e-03 4.119283560818877074e-03
2.934727696339498905e-03 5.817859366572458030e-03 3.244574639587046155e-03 3.299653608906827785e-03 3.308004803976906123e-03 3.083922825991897935e-03 3.545510621992174326e-03 2.453671744472974304e-03 4.236910012696314468e-03 4.112168905213302132e-03
3.028157871219154616e-03 5.848567343390345501e-03 3.270913069744994361e-03 3.221289410254279777e-03 3.277745118089259602e-03 3.061426745152642619e-03 3.441668932073759044e-03 2.448065374171893259e-03 4.100115199692958880e-03 4.116858442049288816e-03
3.075451498431233232e-03 5.786575953119258396e-03 3.239442931853986265e-03 3.204244701028598208e-03 3.325798896001294896e-03 3.145495085024015494e-03 3.391555876069754158e-03 2.449625932067910246e-03 4.096690535153944650e-03 4.046805652273844853e-03
2.873560596732126216e-03 5.757020727938599002e-03 3.245568819372950890e-03 3.223847458829011414e-03 3.286830914022766028e-03 3.328101556179520384e-03 3.370022091193975410e-03 2.456131144493136926e-03 4.122208759367075766e-03 4.047706282251081755e-03
2.947030924536966738e-03 5.725985348337283773e-03 3.235397457533184615e-03 3.258293976264016456e-03 3.249654152937980246e-03 3.385689879839553964e-03 3.480388765882152461e-03 2.448994196505450711e-03 4.547345529067770876e-03 4.005315675440802858e-03
2.899414813208429746e-03 5.713041853811170502e-03 3.260711161164888197e-03 3.224631712696233131e-03 3.341815318925538472e-03 3.189764354712452000e-03 3.567529490645006233e-03 2.491434160737417570e-03 4.124604879398365356e-03 4.022731625900906501e-03
2.865469332396565396e-03 5.636028340016875290e-03 3.233432004818899246e-03 3.236086681405282457e-03 3.320909345760724666e-03 4.289809418649469588e-03 3.331743752608056896e-03 2.449227281266044744e-03 4.111134182632988389e-03 3.965203781045922860e-03
3.156812377461568238e-03 5.655789638384212288e-03 3.220615004827595811e-03 3.231810344721350748e-03 3.268399021419328074e-03 3.801320716465807215e-03 3.286603467608703415e-03 2.441765564335226374e-03 4.045933098427984334e-03 3.933830286770065299e-03
3.184527356045578801e-03 5.563094069179898120e-03 3.227324927980694189e-03 3.327697093606367135e-03 3.269474197596617532e-03 4.022522680988521379e-03 3.301791836569714211e-03 2.421490945607780113e-03 4.062682157750788746e-03 3.945190207403242479e-03
2.997695046169610543e-03 5.540596406497869282e-03 3.268865415182014341e-03 3.211362604590032709e-03 3.251385417628016670e-03 3.043723920115387008e-03 3.300339340050301943e-03 2.421439551824726161e-03 4.128759701328504027e-03 3.957112347535678663e-03
2.883663916932208398e-03 5.567376112674334888e-03 3.245422884461958077e-03 3.213945814910993889e-03 3.232715251225042660e-03 3.187101105776055359e-03 3.292367795238209521e-03 2.511725630469308947e-03 4.035607121200803817e-03 3.876897882206917570e-03
2.874567240099442245e-03 5.591817615678896548e-03 3.280927442178708468e-03 3.245832473668359020e-03 3.262969720155360805e-03 3.052002650840543192e-03 3.405859979785843834e-03 2.422685511746397371e-03 4.117291321645747716e-03 3.878667480456643359e-03
2.982113417322857039e-03 5.477108001040854532e-03 3.227556384471624157e-03 3.213082149576222419e-03 3.268130068180693897e-03 3.298312439564087244e-03 3.277180602728575146e-03 2.449444183316786070e-03 4.079705830708067749e-03 3.854570352716924983e-03
2.848704299861676802e-03 5.434459057371521587e-03 3.217219005901629340e-03 3.208727646850902029e-03 3.237515954035338414e-03 3.021909485413361122e-03 3.214978673125905989e-03 2.414605217483383522e-03 4.048324572975612115e-03 3.831044120532381848e-03
3.507042561831390584e-03 5.431197707343885309e-03 3.218212821498462380e-03 3.231455373579308378e-03 3.293861122595274568e-03 3.673661418848253330e-03 3.255967792368556421e-03 2.539713875323153670e-03 4.086897808197238226e-03 3.845790658239889217e-03
2.871714988049286522e-03 5.397470094688914394e-03 3.225068587081550680e-03 3.203838742952307833e-03 3.196658412520732642e-03 3.777633153239910203e-03 3.413087207657678358e-03 2.420729588316152241e-03 4.022508036601328898e-03 3.812917099835871210e-03
2.944666563167633484e-03 5.352770102777702765e-03 3.221726954283078617e-03 3.382563745820076160e-03 3.189761674872542557e-03 3.117775675274536088e-03 3.186763834412300982e-03 2.548875505512062257e-03 4.007645720777719411e-03 3.780949288848265213e-03
2.980912993407074975e-03 5.322084850831325029e-03 3.209164107602505926e-03 3.222402678406309506e-03 3.199689205503980071e-03 3.119793670976429845e-03 3.202214690245611638e-03 2.482861522127053234e-03 4.088005335018948805e-03 3.759318307732692835e-03
2.865186415497423828e-03 5.398218823811844896e-03 3.216905028580669453e-03 3.369621844969835148e-03 3.193714464223187076e-03 3.550745255230701707e-03 3.337349615700689956e-03 2.445565372139407202e-03 3.997451294451592405e-03 3.833094588660038680e-03
3.195776575355315906e-03 5.253907255581460878e-03 3.212453259336211023e-03 3.263318813624787630e-03 3.231886711678830671e-03 3.076911455194051171e-03 3.159267847864060536e-03 2.432888592473393067e-03 3.979520531688082730e-03 3.860121365503212977e-03
2.854846644936776152e-03 5.280947248366286984e-03 3.201046633043943147e-03 3.238694504804057791e-03 3.248135205519997373e-03 4.632975778029883689e-03 3.168693556837100071e-03 2.387967307343898116e-03 3.987224864678954456e-03 3.716327630891242632e-03
2.806559920531923828e-03 5.204208522111111387e-03 3.201199175560658951e-03 3.206886258575349438e-03 3.197902347202404277e-03 3.000342374446657735e-03 3.191555938021002018e-03 2.393164090778927052e-03 4.012524845171819635e-03 3.702415159486566881e-03
2.773312809199652163e-03 5.194459033673853865e-03 3.212580091993703490e-03 3.278956272121484172e-03 3.176855876122375300e-03 3.165837225380050898e-03 3.151048041593323447e-03 2.592404424810196978e-03 4.179554757070044931e-03 3.687214770430725149e-03
3.112877600712852730e-03 5.170388536531626139e-03 3.235772063124967533e-03 3.200148797660858687e-03 3.201287637215955925e-03 3.534235636462478795e-03 3.141575324375554812e-03 2.391946357686683920e-03 3.968561220062141043e-03 3.689973287523747904e-03
2.797876299819365871e-03 5.132834218310400320e-03 3.203559086658560890e-03 3.215861323156635546e-03 3.212289110160865355e-03 3.432486590084046513e-03 3.133552147816663375e-03 2.378577359272512123e-03 4.038724841917848418e-03 3.686405094757271277e-03
3.504120660896454208e-03 5.112696095527687230e-03 3.194900428017437548e-03 3.211880205256145704e-03 3.169882196707579647e-03 2.976940546755896169e-03 3.153571587794023502e-03 2.366366823461196756e-03 3.954458850989840332e-03 3.705586582208232442e-03
2.808594850807829332e-03 5.075876890120394926e-03 3.196285423028956147e-03 3.221670792103736164e-03 3.196446307292779686e-03 3.017240800389838200e-03 3.122802450932995848e-03 2.354183194666441097e-03 3.968599666680915072e-03 3.732331990545352963e-03
2.874142805610107373e-03 5.063728148130626668e-03 3.199182720401230924e-03 3.278354634132635108e-03 3.175149025225920685e-03 3.193186409740079307e-03 3.235414032259899871e-03 2.502029600669324408e-03 3.952992663655060385e-03 3.656063170188628576e-03
2.829010984752395371e-03 5.003750715428106899e-03 3.196625624184040206e-03 3.199798176924131387e-03 3.169344552128741319e-03 3.231271646456083512e-03 3.113697756310277766e-03 2.366695231074580734e-03 3.963106586419536288e-03 3.632855840562458118e-03
2.829677688282764177e-03 4.970487521848755176e-03 3.215222553133556104e-03 3.202677304964951423e-03 3.152960086739895439e-03 3.001457850453549507e-03 3.114168048992188402e-03 2.401536713807622073e-03 3.948143580015012893e-03 3.701732754524057496e-03
2.769054884353637589e-03 4.949815277049744028e-03 3.199766889701157521e-03 3.203596306835136687e-03 3.224649733237516715e-03 2.948643466509634666e-03 3.118613628820388235e-03 2.351726455951494172e-03 3.952803547777600582e-03 3.766495238321960169e-03
2.825757365393500968e-03 4.896313473531472074e-03 3.203137790242113498e-03 3.200832683313589982e-03 3.172920912780216943e-03 2.944907171110310896e-03 3.111459507367641403e-03 2.359818731539537352e-03 3.919167296709733482e-03 3.587500400368506554e-03
2.758024016253076988e-03 4.868319710244272541e-03 3.215340363354135533e-03 3.198151043008314997e-03 3.141043213243125028e-03 2.964522722504016067e-03 3.094762373891521076e-03 2.397150145985768414e-03 3.921873847240978095e-03 3.602106357527272429e-03
2.754599082029978666e-03 4.849931305229001829e-03 3.180421575943562489e-03 3.196314674973112138e-03 3.143199284422884716e-03 3.013255054769171243e-03 3.118448318286239605e-03 2.344961524160961604e-03 3.947809174452770846e-03 3.566066167278536623e-03
2.833864802013347402e-03 4.783465327155368534e-03 3.181986498402131994e-03 3.196904377931852892e-03 3.158658095278573177e-03 3.217033276965853249e-03 3.195889301617597586e-03 2.360168152097203483e-03 4.081507142692687370e-03 3.551481882335589136e-03
2.839999080784916686e-03 4.772938943960733371e-03 3.195890874552308452e-03 3.215634795982408225e-03 3.130689548293933994e-03 2.911917797784224944e-03 3.083164098126028787e-03 2.400154131426416888e-03 3.918130556753270793e-03 3.614915367245225778e-03
2.793661117998301469e-03 4.793922258513473589e-03 3.223681882995092351e-03 3.226410193651439804e-03 3.133980185134099643e-03 2.906430799792639012e-03 3.087891334156630911e-03 2.381619760613233605e-03 3.960442449036042506e-03 3.541851185213516339e-03
2.805309717706459989e-03 4.668921823619603430e-03 3.217442257891031492e-03 3.207926482153772903e-03 3.118571386723034775e-03 3.034497949444305443e-03 3.078421462408857320e-03 2.517913932557870865e-03 3.896418671837256417e-03 3.518450561073509925e-03
2.786970691597995178e-03 4.653907885937956339e-03 3.195702401607602994e-03 3.188443752833277061e-03 3.111818654145007395e-03 3.950290085484602434e-03 3.203064333761340872e-03 2.333616101251841275e-03 3.904902705773720742e-03 3.552468757324840024e-03
2.731848695561560434e-03 4.611967787082373038e-03 3.174094002817028429e-03 3.202496022131694469e-03 3.169333053253036835e-03 2.923070873960109846e-03 3.096374988013608255e-03 2.335989142392246119e-03 3.916202616455770683e-03 3.526264228168574186e-03
2.734041115244580360e-03 4.561613082927360244e-03 3.175655262438438486e-03 3.252094446264759599e-03 3.127789070520323698e-03 3.115749084805824378e-03 3.109217039384294060e-03 2.353844187808655248e-03 3.911588909831488492e-03 3.502130839490518767e-03
2.790538914885489375e-03 4.546302067830430838e-03 3.181689568570475989e-03 3.194268680717264348e-03 3.151803057095027387e-03 3.679572484408959870e-03 3.144793422951299312e-03 2.327347044175805384e-03 3.938703172199569703e-03 3.494353818996587084e-03
2.721308339235967415e-03 4.565977554195950125e-03 3.188144641952038796e-03 3.188127665215230791e-03 3.115070982004539916e-03 3.278992232677080398e-03 3.103595628693586999e-03 2.370249221152754149e-03 3.929698787251263009e-03 3.485302785029136766e-03
2.825028689818592700e-03 4.494306969428394326e-03 3.175421062699650913e-03 3.206432251319812129e-03 3.104396149232699700e-03 2.912743678042499507e-03 3.071061248450268101e-03 2.320908970899945509e-03 3.961586220134539517e-03 3.497423910204916584e-03
2.830539693713110365e-03 4.442845273471311522e-03 3.171417907350878619e-03 3.314197630378669900e-03 3.114570558667226728e-03 2.939035002214977332e-03 3.055057449342215691e-03 2.414294287474299562e-03 3.899685569879390162e-03 3.509616636667304071e-03
2.929718124365138839e-03 4.407212787062194694e-03 3.168203047553822937e-03 3.193090988898161699e-03 3.184241269493653503e-03 3.157670375111972308e-03 3.042300670789371917e-03 2.327904915833620310e-03 3.881876927327543129e-03 3.472427697727871725e-03
2.922923801809337689e-03 4.388722038572924651e-03 3.205146071067467312e-03 3.207326415273892457e-03 3.167207171666743329e-03 2.928957605691007160e-03 3.054662301384600525e-03 2.309757030742575108e-03 3.876737479229124591e-03 3.457269019668418163e-03
2.826653956961612535e-03 4.362327423659695044e-03 3.197397397531828896e-03 3.199924589158218129e-03 3.090719639597112704e-03 2.893541129678349130e-03 3.062563109849226854e-03 2.415984398371557890e-03 4.065506612208290120e-03 3.550375711176465953e-03
2.693096507276893526e-03 4.325493635123545469e-03 3.188858074091016452e-03 3.276833409959024890e-03 3.106180107361790083e-03 2.913131676250308583e-03 3.027862593292502888e-03 2.411964583901558563e-03 3.867073111643600999e-03 3.441150466664644886e-03
2.741885894898684131e-03 4.292180722196032618e-03 3.170363656208627194e-03 3.187099705779529966e-03 3.086447082845180344e-03 4.114419099329340128e-03 3.115127871748477311e-03 2.318970469012800011e-03 3.862038141946747254e-03 3.433665265347863281e-03
2.788412809450422150e-03 4.281353528098181399e-03 3.159224014006705057e-03 3.199084223559557627e-03 3.092847673517094224e-03 3.015835508794791585e-03 3.035802417073935489e-03 2.360457589313257314e-03 3.861904563874549688e-03 3.426207199494957136e-03
2.703724815669213393e-03 4.214481701582009458e-03 3.163778847710284683e-03 3.274240731750233200e-03 3.079763100551384178e-03 2.950448913523066267e-03 3.061953549111071354e-03 2.340233134534801859e-03 3.851551966231468900e-03 3.467221393759801172e-03
2.694526098067466513e-03 4.161886675571998574e-03 3.161833367103658848e-03 3.187137321045597702e-03 3.103432316730967127e-03 3.048444733281650224e-03 3.071682242599028598e-03 2.311297579793998320e-03 3.878253385808711710e-03 3.420093708440017938e-03
2.682474748683669977e-03 4.177405847481982515e-03 3.152464472489740262e-03 3.193520208005953646e-03 3.073683509602529243e-03 2.892093184117019468e-03 3.030050194833715845e-03 2.348253398431613889e-03 3.944832261960546683e-03 3.411222081984507069e-03
2.743940904002306006e-03 4.152505953046063854e-03 3.164115128150827086e-03 3.186069811271514084e-03 3.135391697056224766e-03 3.265516959545876341e-03 3.056267984037747219e-03 2.319010827558522399e-03 3.841711400408610172e-03 3.406511703219509621e-03
3.115380604143469685e-03 4.074091266138154220e-03 3.187201949183707077e-03 3.184964291208555297e-03 3.080096824995528105e-03 2.984204536669446579e-03 3.034331550496157694e-03 2.313890263212654234e-03 3.868155885554171083e-03 3.452200852620160125e-03
2.736619132889526670e-03 4.057110394275241852e-03 3.194255100761321173e-03 3.187536852286265796e-03 3.063703475984308477e-03 2.915571117697425205e-03 3.056992834728461828e-03 2.412546092062118133e-03 3.863495802874552208e-03 3.404201011106880101e-03
2.744935485258272797e-03 3.980858910079878091e-03 3.158816572744070975e-03 3.181698194818771523e-03 3.067905655582213627e-03 3.122392836800422667e-03 3.031961879458723412e-03 2.308867040008350403e-03 3.836179853283759947e-03 3.398286668322534829e-03
2.708414344724646532e-03 3.952715445327194266e-03 3.182519142162033854e-03 3.189441017587347268e-03 3.082214654495076846e-03 2.932671736513203700e-03 3.031613212820482000e-03 2.318162411741941237e-03 3.840319447603827725e-03 3.466228025375008969e-03
3.947430839606302921e-03 3.926912130054421510e-03 3.148606960291634380e-03 3.203297843377316250e-03 3.068819348129627964e-03 3.074893705548506322e-03 3.086798972195939177e-03 2.306094256688186617e-03 3.854577260739522945e-03 3.448135475924165704e-03
2.779725159832741477e-03 3.900300736449154038e-03 3.150112086537324232e-03 3.221111125890711510e-03 3.062252296431151009e-03 3.103676953291074209e-03 3.088436174073248830e-03 2.302997004850015992e-03 3.927997430085572103e-03 3.425479756178306974e-03
2.793304199343042433e-03 3.874620138403931605e-03 3.156053643690521267e-03 3.181662253618264442e-03 3.138270237419884829e-03 3.094038501175116508e-03 2.996735075937146265e-03 2.297590540704639011e-03 3.839561295761034602e-03 3.408599595520046474e-03
2.755961981675824745e-03 3.817518433958306135e-03 3.145638967534513091e-03 3.179670177928603167e-03 3.065483978570463734e-03 2.881875745796336902e-03 3.004587263299897913e-03 2.304541053779706611e-03 3.807828700432061824e-03 3.381301318703714212e-03
2.657822067236212914e-03 3.805308301910514251e-03 3.185390352002957781e-03 3.178531168519174374e-03 3.063417763809305003e-03 2.831778276795612545e-03 3.051686951694099030e-03 2.308653990746502554e-03 3.809241599737015795e-03 3.358771953010473467e-03
2.742378086289570284e-03 3.824584688255932077e-03 3.165660914181426568e-03 3.188442918520987667e-03 3.046023408643918316e-03 2.895451717092622970e-03 3.002819799052167636e-03 2.316733253694578873e-03 3.827567859952529794e-03 3.360256040369169646e-03
3.232373688965966500e-03 3.770023548637916732e-03 3.166502809841066027e-03 3.272071167493114090e-03 3.047205355644582239e-03 3.706541007746096128e-03 3.035309869757155977e-03 2.357509350785290392e-03 3.923003332318725916e-03 3.356754464231869080e-03
2.751473679985530062e-03 3.717323121273887442e-03 3.149353974844843005e-03 3.177778886210411505e-03 3.044206593528890354e-03 2.835873128880500495e-03 2.994969600429418961e-03 2.466274239703420378e-03 3.804995445344923951e-03 3.351629721328859557e-03
3.081068931852860675e-03 3.689679167002319921e-03 3.166660080682526159e-03 3.222433403347958573e-03 3.049496756809265494e-03 3.654843741454277817e-03 3.023272443521220210e-03 2.297738895269605969e-03 3.795307181615285245e-03 3.343268821394412057e-03
2.857607213159565375e-03 3.680831507275972390e-03 3.143732502033349564e-03 3.171846416368076169e-03 3.038477842589401394e-03 4.069169311302306934e-03 3.107874470478393710e-03 2.290223686264007512e-03 3.792534065501359294e-03 3.346331683046759910e-03
2.926443058471591210e-03 3.654560319026583636e-03 3.148708521300718800e-03 3.177169439591582406e-03 3.040666603109147721e-03 2.833167016966019452e-03 3.173279357667735910e-03 2.308864680430951482e-03 3.849758560586116589e-03 3.336450230851939480e-03
2.770346718252496461e-03 3.690804004410550270e-03 3.172229451376878950e-03 3.273681063117047686e-03 3.030720456295948710e-03 2.858055135977377766e-03 3.096051176468693662e-03 2.306232304028305209e-03 3.810924934882716202e-03 3.336061937626811236e-03
2.655099080221054800e-03 3.636869019797758524e-03 3.165194557828621916e-03 3.202181178317835015e-03 3.050832323797429257e-03 2.878522945824882068e-03 2.984657998902105931e-03 2.341129479112093702e-03 3.799613277935006469e-03 3.327884183637984730e-03
2.660598823434468744e-03 3.586261847988837011e-03 3.164988004307352741e-03 3.275542462361419761e-03 3.030418794811013446e-03 2.916726296435457472e-03 2.988933179846186595e-03 2.309653698458629095e-03 3.942630889070659027e-03 3.332351334204069256e-03
2.656760363900064793e-03 3.568664978906491928e-03 3.146907038960824587e-03 3.200812077918347917e-03 3.030204821142875801e-03 3.173549077356064164e-03 3.051604106412474180e-03 2.360353502786693286e-03 3.813533594940759445e-03 3.319876020294142919e-03
2.692691059830041624e-03 3.565673282765574516e-03 3.134379232383279791e-03 3.336883748774938877e-03 3.111187476057227560e-03 2.888157141364876973e-03 2.988930041506817400e-03 2.313335303807788953e-03 3.874035528344812844e-03 3.319056970535162569e-03
2.678726722320982738e-03 3.520114079914101780e-03 3.207790601244130298e-03 3.169804350185802689e-03 3.022015812119071936e-03 3.280134041453748941e-03 3.171266827044285763e-03 2.295048349979715401e-03 3.769848707768181425e-03 3.317418787750282035e-03
2.682787536612655198e-03 3.513756738020568093e-03 3.145386212065522710e-03 3.296334734069148939e-03 3.031133307504894903e-03 2.931876140784744466e-03 2.971886562784398049e-03 2.300117592514633238e-03 3.782700655040808005e-03 3.336819017892301772e-03
2.735835625124842345e-03 3.513713950453044299e-03 3.130157961191299028e-03 3.188549446726060815e-03 3.087246542168047090e-03 3.149100675145027287e-03 2.985327051479523194e-03 2.310132970675786174e-03 3.761285748753272554e-03 3.301496834621703898e-03
2.636562663777946083e-03 3.483735994792710837e-03 3.145794982881809296e-03 3.186872394039837100e-03 3.017342465545858055e-03 3.081469157289487299e-03 2.970570830770671508e-03 2.471918232755900956e-03 3.780335842576294011e-03 3.293111978499092558e-03
2.677369937326635335e-03 3.458309838864888699e-03 3.174456556259513257e-03 3.186999309426839875e-03 3.031513373010837065e-03 3.458493815565823627e-03 2.974096721530873535e-03 2.295370932009994491e-03 3.751065362839885783e-03 3.339164285720398664e-03
2.690467654106869569e-03 3.437448739131261904e-03 3.136117512111203601e-03 3.173673972935685261e-03 3.029975592604555127e-03 3.196010281914168222e-03 3.009040937847276987e-03 2.347109211118353269e-03 3.864129886912195597e-03 3.359435712100904744e-03
2.749110318597502902e-03 3.430500048355182227e-03 3.200928635634308662e-03 3.197046923787414882e-03 3.018600148017561938e-03 2.976966635466521578e-03 2.961847936054643176e-03 2.316639085977175144e-03 3.998574719446538334e-03 3.286496984069587398e-03
2.641377397107481321e-03 3.489294058776404306e-03 3.147393472952207845e-03 3.173048725095356948e-03 3.007643618605566893e-03 2.874122823622948276e-03 2.959031284705956714e-03 2.274940724235880070e-03 3.774961122866208815e-03 3.285908637809305515e-03
2.702038910191704481e-03 3.385899488667744230e-03 3.132617398847733787e-03 3.163122850498366594e-03 3.007798512497528252e-03 2.860344903992241214e-03 2.950899453192597048e-03 2.297528412209362200e-03 3.746856107391536000e-03 3.276562214293130774e-03
2.828872873024447943e-03 3.362112771420869024e-03 3.140869580427039023e-03 3.170196360072265532e-03 3.023431432445078480e-03 2.799508522923223851e-03 2.993533434065764279e-03 2.305834105971154690e-03 3.788892369603366443e-03 3.277535719394683838e-03
2.624385140504812992e-03 3.337950467040562592e-03 3.125917672139435881e-03 3.172392950407767684e-03 3.162588529121007023e-03 2.931101952576822302e-03 3.029158776049908474e-03 2.279846175400305694e-03 3.795205162185553028e-03 3.272576534884730388e-03
2.668348654918263358e-03 3.407761810865835884e-03 3.145529364831145536e-03 3.185731761688522391e-03 3.023553347477749269e-03 3.072190118747286560e-03 2.976569782863066997e-03 2.285153939273507767e-03 3.751929170487155844e-03 3.270936160491011435e-03
2.635401885537424962e-03 3.312296835379292814e-03 3.125549242253714520e-03 3.177652131496016327e-03 3.027918720410459688e-03 3.455426424092163020e-03 2.983146506220855053e-03 2.311003082354732684e-03 3.758012345763029997e-03 3.278190952296596451e-03
2.669636845791322800e-03 3.296709959220866463e-03 3.126659884784075381e-03 3.164797116145594020e-03 3.024672270309692983e-03 3.033163144216537762e-03 3.006128068067018006e-03 2.309140683503463354e-03 3.730721214166351531e-03 3.296697045593909633e-03
2.657886696735455283e-03 3.312617255620044134e-03 3.248569574489421508e-03 3.187156580814517592e-03 2.998044510694490225e-03 2.774633168586140581e-03 2.971683111123976911e-03 2.305974119476054615e-03 3.731377267501595658e-03 3.259073779727156891e-03
2.617728545805160338e-03 3.265978159603359719e-03 3.116762772494664508e-03 3.262003770896206977e-03 3.047639053753587943e-03 2.767408241495407720e-03 2.978899010196225071e-03 2.268665046160983027e-03 3.734154325896612159e-03 3.299477009909911746e-03
2.631893750644750084e-03 3.425949952931051090e-03 3.118638064438704338e-03 3.221725164603039034e-03 3.012306112594095690e-03 3.548323055940485679e-03 3.028786907567073469e-03 2.265902419030961599e-03 3.798144531915786850e-03 3.244096291276794049e-03
2.625530438370847486e-03 3.309602050597972023e-03 3.129187961946307620e-03 3.208677932018478944e-03 2.991535366928158458e-03 3.409796708262651313e-03 2.955357296317095896e-03 2.258473528397779082e-03 3.758174813888309155e-03 3.277902624284765882e-03
2.613748472982977810e-03 3.222934437691091485e-03 3.115881352727090190e-03 3.180127792789229704e-03 3.027955404633528649e-03 3.125307845337575458e-03 2.949932627580677692e-03 2.389610000015139277e-03 3.828645788758271249e-03 3.255728244189303594e-03
2.611926335120903341e-03 3.218519400419323981e-03 3.109726805413742367e-03 3.198065131930901469e-03 2.994353075544581820e-03 2.788073989382185407e-03 2.949335171409344595e-03 2.295365546376995029e-03 3.709067685904432563e-03 3.269167324398648475e-03
2.702336717331210551e-03 3.266989116126790132e-03 3.113085662513316587e-03 3.169927026028628806e-03 2.991221659073499406e-03 2.770625560850402663e-03 3.106271751700572740e-03 2.281191009379496433e-03 3.746961263161713816e-03 3.239478799704086434e-03
2.717535412561665042e-03 3.223643177197717865e-03 3.135207973665815172e-03 3.157208581764028334e-03 2.994083156822020027e-03 2.939279584423343424e-03 3.124676095692765186e-03 2.264539403979048439e-03 3.702031791939631219e-03 3.229960542813225394e-03
2.767276567031088253e-03 3.220545192327592659e-03 3.121973253535994825e-03 3.200590890612155757e-03 2.984918351298844214e-03 2.870835220548291402e-03 2.945630410957683545e-03 2.295018624347402135e-03 3.699501204066732701e-03 3.224025433958037628e-03
2.593708085426910896e-03 3.162872445850572339e-03 3.119502783388528652e-03 3.214781273217343603e-03 3.017409223232491496e-03 3.020590782690098577e-03 2.954390355489005301e-03 2.272862044275435808e-03 3.928987137691159794e-03 3.315184104873502343e-03
3.159929995065753009e-03 3.183727827167674111e-03 3.112210711057490902e-03 3.164054621081365502e-03 2.981261061032293175e-03 2.807544240021343004e-03 2.943056766480183026e-03 2.288502671682298307e-03 3.700796577576912199e-03 3.225085595986786329e-03
2.676537059100878371e-03 3.133423701888299415e-03 3.131562562470485180e-03 3.223340803174581416e-03 2.977639147040073934e-03 2.848860765321763796e-03 2.932928383049676190e-03 2.263226919859412292e-03 3.699556262659157557e-03 3.238090881172001143e-03
2.612463316029219919e-03 3.128554364693086464e-03 3.106755754552527338e-03 3.157501147965604670e-03 3.028801246196518703e-03 2.753548629523679906e-03 2.953082224603493459e-03 2.263544374007738988e-03 3.774732001186829541e-03 3.216052020133606214e-03
3.228989092501073025e-03 3.133920786079355363e-03 3.108258274780807077e-03 3.162778580956588596e-03 2.978616502793385388e-03 3.455153353340655216e-03 2.933414586979821159e-03 2.260937205615615002e-03 3.689967131600751290e-03 3.219572631548916868e-03
2.662737095422117780e-03 3.120689314583159277e-03 3.126953674614666671e-03 3.164895877229464017e-03 3.004188472736713574e-03 3.595681342884204414e-03 2.920771932719739509e-03 2.253139146184681470e-03 3.715325784203383445e-03 3.205301933637781913e-03
2.788587165382161882e-03 3.102101228304555286e-03 3.166951235359176040e-03 3.166195159157743962e-03 2.994855950005428750e-03 3.025156641813466288e-03 2.923949599706121040e-03 2.254586393742355824e-03 3.685872490080291212e-03 3.225488079153499173e-03
2.665888877641993740e-03 3.077921120050438730e-03 3.100262184284154673e-03 3.160748822116444916e-03 2.994340351251412354e-03 2.727849991992854686e-03 2.931680991031948656e-03 2.274567069896562405e-03 3.715722119901063332e-03 3.292391685697007835e-03
2.615017451577466255e-03 3.066692661998203853e-03 3.098812241285387337e-03 3.158518523152611425e-03 2.987644430322412489e-03 2.884048327643471115e-03 2.933419796374130747e-03 2.409174161691541270e-03 3.773203341850066631e-03 3.277862397644776792e-03
2.641025619235601134e-03 3.094886624209739704e-03 3.104243329828925476e-03 3.170270886521519595e-03 2.986793837880784459e-03 2.823799025379877987e-03 2.943306035866411104e-03 2.257277055028436476e-03 3.766160099896372591e-03 3.222540505810263765e-03
2.634162637304888338e-03 3.065761920819775645e-03 3.110260124532675512e-03 3.186836642291016996e-03 3.040315097840758530e-03 2.811776420968067035e-03 2.914232821434326048e-03 2.310728959055043889e-03 3.694005884009886331e-03 3.216237307469030100e-03
2.604045638871869614e-03 3.037703517300088286e-03 3.120532524973780239e-03 3.176827733191152012e-03 2.965617690620475123e-03 2.827621816000563774e-03 3.034575729094108297e-03 2.256043570306533012e-03 3.677040939116271202e-03 3.196213648694592666e-03
2.594023833644230892e-03 3.023114700578100663e-03 3.093707574017130497e-03 3.161140913141981083e-03 2.981209430035097231e-03 2.865834184636827358e-03 2.918198968302066452e-03 2.265283192467859672e-03 3.684924648440646676e-03 3.190158845220802866e-03
2.674217870188884058e-03 3.121995021170209054e-03 3.094543126437675380e-03 3.239847308112585485e-03 2.954972084592898379e-03 2.786556696068441530e-03 2.946039200658836024e-03 2.432681854865234930e-03 3.760303357300540279e-03 3.240588601747064913e-03
2.910755298581087485e-03 3.015714655866597645e-03 3.104630007604048617e-03 3.150990993525193320e-03 2.952535479782783003e-03 2.943498275722013485e-03 2.931239578567660774e-03 2.290103441449824976e-03 3.670259313418674195e-03 3.204124260860140381e-03
2.614198083774980745e-03 3.003991275794148930e-03 3.094309305192809775e-03 3.148080407076531053e-03 3.008800620993807434e-03 3.007110985766595860e-03 2.946411068695828014e-03 2.292755054793271102e-03 3.666380503604279705e-03 3.195065302538058812e-03
2.791714902235322305e-03 3.001366203364457756e-03 3.108964323344211734e-03 3.241806270519140797e-03 2.948825235895159713e-03 2.906453486041221841e-03 2.923501678112548109e-03 2.277283575294733898e-03 3.653610376177620148e-03 3.187689205748790462e-03
2.578270138762676824e-03 3.019750360330141024e-03 3.102616346612810817e-03 3.157127161504916669e-03 2.969174848671666568e-03 2.744715030907439804e-03 2.928092858091512537e-03 2.290720671574128769e-03 3.713141119222563777e-03 3.343406849688547976e-03
2.585008673329574139e-03 2.977087960654454211e-03 3.099949412799318880e-03 3.151023841170589538e-03 2.985509715030007331e-03 2.958920216557101544e-03 2.921035408736191372e-03 2.261894805210266056e-03 3.679271407346172869e-03 3.204689367469897975e-03
2.663674958304502148e-03 3.061239614652905717e-03 3.110006493405997278e-03 3.218403935759831924e-03 2.986888345315309376e-03 2.837926739088631606e-03 2.910378562928243439e-03 2.248204751636411272e-03 3.662970153191775439e-03 3.199532382921063938e-03
2.571357027535180542e-03 2.974847916318811708e-03 3.088881030523556691e-03 3.154131877106704663e-03 2.959806858527292382e-03 2.904975869932090952e-03 2.938976411638055501e-03 2.254542180206889779e-03 3.662515821798606030e-03 3.184329257548882894e-03
2.774021678472795086e-03 2.960240529369362848e-03 3.104243740275115532e-03 3.144470147659682562e-03 3.024265652708890782e-03 2.753397676448988713e-03 2.978409317467405667e-03 2.294527925670842260e-03 3.654181376208751920e-03 3.178300970430969312e-03
2.622598881520795452e-03 2.945152687695354148e-03 3.088851535028283926e-03 3.146570476550249792e-03 2.943912731664962475e-03 2.873018276923252311e-03 2.909425187740218976e-03 2.242409645474917335e-03 3.641882897551024754e-03 3.177651857130012452e-03
2.586130975253439056e-03 2.947647214172348113e-03 3.100604952758205090e-03 3.170037981176166038e-03 2.944576843709973378e-03 2.740018787892992483e-03 2.912536274001642413e-03 2.251135564217904630e-03 3.705259817972571430e-03 3.163416472480286290e-03
2.851977157602899812e-03 2.969156154474651959e-03 3.086993421157036011e-03 3.194179814720602296e-03 2.942434435476396111e-03 2.765123554719419244e-03 2.905548060256453458e-03 2.245833182240697824e-03 3.650302194947628587e-03 3.193126032596333309e-03
2.639103994210581765e-03 2.947848685742556363e-03 3.085845228331022747e-03 3.189544471097982559e-03 2.940898644705870670e-03 2.771837976421013573e-03 2.894653516951324265e-03 2.450415426873165346e-03 3.634685983058219376e-03 3.175529426626784099e-03
2.786660608761887953e-03 2.961842884413062437e-03 3.084298109999478784e-03 3.143574161897952617e-03 2.943863079352869450e-03 2.997224898000196494e-03 3.054166794432212808e-03 2.307298117186157207e-03 3.625151954138201241e-03 3.185135256795527947e-03
2.590948543405434835e-03 2.966256205828869154e-03 3.089656482823216390e-03 3.139785787880099242e-03 2.939704104287066411e-03 2.728966637866904466e-03 2.901703837165009025e-03 2.255601716009547533e-03 3.666809059958673050e-03 3.181860540489502009e-03
2.566652607405539056e-03 2.892405813033810218e-03 3.103425893200670044e-03 3.174218733081143017e-03 2.932975565651668292e-03 3.796785347000007724e-03 2.903423461382379379e-03 2.286791709708213029e-03 3.649575134379855288e-03 3.150662619843654522e-03
2.713273638731723749e-03 2.906013991628840065e-03 3.092472138857049746e-03 3.146292298798981837e-03 2.928986450129213593e-03 2.796139086727030508e-03 2.906367486089705791e-03 2.265873926042891520e-03 3.678142954496540096e-03 3.218810383442991235e-03
2.588508442563643500e-03 2.897097651168020933e-03 3.124360608630605187e-03 3.161490003542430545e-03 2.927118773349437694e-03 3.086174641511147277e-03 2.949504824667080645e-03 2.340414447320887659e-03 3.631523768582401064e-03 3.152936613902603945e-03
2.763179629907313098e-03 2.895490602658129693e-03 3.089293143820984536e-03 3.148439594698775740e-03 2.977418164561042649e-03 2.775848876084208681e-03 2.953046198394879487e-03 2.280341513628619636e-03 3.665153942142840293e-03 3.145023060413224165e-03
2.677093852428121326e-03 2.903784890843016074e-03 3.086534118095198270e-03 3.141291406142991249e-03 2.972318441082432566e-03 2.778035285382791063e-03 2.902969657534425381e-03 2.233896616414942932e-03 3.631681113900874294e-03 3.146296923386267871e-03
2.602339472445792078e-03 2.863735511800765896e-03 3.076704208057733352e-03 3.165551250792965343e-03 3.029200277974862868e-03 3.383898701875555273e-03 2.956397692255435198e-03 2.434977822815078286e-03 3.615223877853698028e-03 3.168920059690241448e-03
2.580431244196791478e-03 2.978616926090577825e-03 3.098880871212441202e-03 3.141576355897123061e-03 2.939220915060073921e-03 3.225619267009127798e-03 2.984053775732197194e-03 2.230479282832311012e-03 3.691047819284087438e-03 3.142195161234083781e-03
2.563304668247211662e-03 2.852835108176606307e-03 3.082232446165792100e-03 3.150284394700051879e-03 3.005111656563804173e-03 2.758265597600268945e-03 2.957979757068381413e-03 2.262683798790603249e-03 3.611394118959183192e-03 3.149362751439702297e-03
2.706013881869544571e-03 2.840506498336436807e-03 3.153139260821014207e-03 3.194933119450168134e-03 2.937360164188961877e-03 2.715336202266965381e-03 2.949866215703415406e-03 2.274552857630666135e-03 3.662600433142989588e-03 3.145507183928415110e-03
2.574819398872564211e-03 2.842885256181867677e-03 3.070284617972203738e-03 3.261571229756371048e-03 2.948338078681413382e-03 2.703886292651959487e-03 2.923064426417115117e-03 2.323133205523361580e-03 3.617734061027327343e-03 3.138910412624685252e-03
2.614369514194957514e-03 2.839909571330475821e-03 3.097163709821981574e-03 3.157778093543487166e-03 2.920098504229885587e-03 2.753046031335724692e-03 2.903052727129452719e-03 2.351452392379517302e-03 3.633034295266980400e-03 3.159223792385799402e-03
2.950765651570702065e-03 2.955932948556652153e-03 3.090174108911076124e-03 3.133849332194502558e-03 2.912316145410912775e-03 2.796880881926280555e-03 2.907126808479109075e-03 2.225545148311497846e-03 3.731078443688461491e-03 3.137520298463007326e-03
2.639429538097243840e-03 2.831517031631273530e-03 3.065091175837575226e-03 3.179610709897621405e-03 2.941778539588716952e-03 3.001801002926724089e-03 2.892465549158676312e-03 2.228380175454128080e-03 3.618278618297180328e-03 3.148752779189123267e-03
2.553395689162189092e-03 2.834850235036394731e-03 3.105180010924110494e-03 3.159146276187100796e-03 2.918691086814160195e-03 2.701174969968269963e-03 2.934904886048487083e-03 2.239733854350204126e-03 3.620342475080920268e-03 3.207785284999970562e-03
2.599665222451142711e-03 2.950508847714868477e-03 3.090966432545881170e-03 3.231372874434696677e-03 2.912543040065304449e-03 2.867691531292137358e-03 2.954405446300238311e-03 2.226149567826833046e-03 3.610509463480937684e-03 3.267010462612581368e-03
2.617863091691611556e-03 2.792279708385979591e-03 3.058141882806957208e-03 3.139311591003103325e-03 2.910109017695177054e-03 2.938869726670142665e-03 2.890826985636592295e-03 2.283649844646129957e-03 3.590016914138061815e-03 3.135190530126141708e-03
2.561668926750059090e-03 2.811872307206464243e-03 3.056916192159817806e-03 3.190622003536410910e-03 2.906524901271206711e-03 2.936571385448003176e-03 2.887528599081344745e-03 2.228641640745020799e-03 3.623001823837471592e-03 3.127821498835985353e-03
2.554195836833873454e-03 2.803455299774703594e-03 3.057344518788718182e-03 3.137339222799761986e-03 2.906086453928854139e-03 2.791165401832059779e-03 2.911269696104812430e-03 2.274490966239245838e-03 3.642910107297129586e-03 3.266236342643914162e-03
2.541615945674810702e-03 2.796763075206103351e-03 3.144893190940748189e-03 3.139732619354704789e-03 2.951886242593704159e-03 2.721742106286617179e-03 2.905854704982988902e-03 2.238428367373853332e-03 3.592977815796718176e-03 3.143290498186100852e-03
2.677049563431342302e-03 2.785568756353107300e-03 3.087618315330868061e-03 3.137830701168927913e-03 2.898949311255661927e-03 2.690833732901406778e-03 2.901083147782485515e-03 2.225799000310869913e-03 3.591496661836056023e-03 3.120091674866703503e-03
2.597245424731229983e-03 2.796767476452029656e-03 3.075116139434265483e-03 3.167671603273433320e-03 2.912217818003107021e-03 2.981932032598923199e-03 2.935993630480289961e-03 2.227670677701111112e-03 3.688826264090202915e-03 3.124763164925762303e-03
2.782705329164724024e-03 2.816076589294071696e-03 3.063984915975070163e-03 3.265172993130528983e-03 2.906215199315879960e-03 2.864506796881330624e-03 2.897325536830127734e-03 2.249290103403918818e-03 3.640360670186456715e-03 3.155991566975077916e-03
2.546850795763430219e-03 2.832912347899154727e-03 3.172984725653058263e-03 3.162711745792945971e-03 2.904042218603717068e-03 2.692969161908164311e-03 2.921690080235621323e-03 2.221514028703933281e-03 3.578850540389924388e-03 3.121874584174851464e-03
2.577437619942478126e-03 2.803386116500795715e-03 3.085675930529141551e-03 3.130462601527663272e-03 2.895925616122749756e-03 2.683395906822031406e-03 2.883171895175539508e-03 2.258968337713894697e-03 3.604506673113881416e-03 3.135848275518399869e-03
2.667270258144294800e-03 2.764948209211762643e-03 3.079616182924332229e-03 3.124070751260441502e-03 2.894846499235419462e-03 3.299842077080389260e-03 2.882659290370695026e-03 2.250327599382827976e-03 3.659824950347022321e-03 3.129209006473045174e-03
2.569982335270676408e-03 2.760579522000371298e-03 3.061367006446010560e-03 3.282607021010154440e-03 2.888030258925822387e-03 2.990133225168735073e-03 2.888070955222314835e-03 2.230210565966482279e-03 3.576461348816345996e-03 3.154258033315007499e-03
2.637088165232817985e-03 2.767367289474379540e-03 3.140502732703867941e-03 3.130716533562600754e-03 2.915658120236915268e-03 2.897685355449304209e-03 2.882063998510173662e-03 2.212508579909081875e-03 3.600559694968474399e-03 3.170753112481703318e-03
2.779708824981227087e-03 2.738170419918161281e-03 3.082958278375597539e-03 3.185140503557314269e-03 2.896117791636295714e-03 3.180256323511147353e-03 2.877701679277359925e-03 2.312923604618554157e-03 3.581385120184561385e-03 3.294078863225709860e-03
2.531958913092571557e-03 2.744113467423428369e-03 3.055631763206540560e-03 3.127280628711502641e-03 2.883232415440968414e-03 2.645824365021673657e-03 3.047771702171669234e-03 2.338899430910535305e-03 3.576147272792953597e-03 3.113279203811224888e-03
2.548484109400246840e-03 2.751668599434506021e-03 3.057113313937240544e-03 3.125361209161764842e-03 2.999788899725940212e-03 3.062107978736816095e-03 2.899218039042537279e-03 2.227984418933840870e-03 3.576705653861047673e-03 3.104089680961807755e-03
2.532339547597169636e-03 2.965660857332525456e-03 3.064271152478998533e-03 3.126449463536201071e-03 2.894000442040755433e-03 2.641722346845700158e-03 2.968486877555017150e-03 2.386761847265601692e-03 3.561006615599643984e-03 3.105518599190892903e-03
2.753887299369822770e-03 2.737804366631333298e-03 3.062560017269626029e-03 3.311551436971345644e-03 2.900071578192230364e-03 2.817944343621866816e-03 2.884586880423598790e-03 2.254318772087969460e-03 3.575095508024099707e-03 3.187006111114700380e-03
2.568380478921176470e-03 2.741849715545073909e-03 3.048076957058202478e-03 3.141329994401306953e-03 2.881943853973713016e-03 2.826579564661529410e-03 2.874382482755788882e-03 2.331864848926749542e-03 3.554814544218081081e-03 3.201910465384261162e-03
2.710864052398002932e-03 2.860140809403472362e-03 3.061855208187881476e-03 3.135499280967977108e-03 2.958903102354107102e-03 2.819610951360205630e-03 2.967890612386827817e-03 2.241665655203978636e-03 3.592905277709242725e-03 3.105979560397723483e-03
2.707030924776897447e-03 2.742688547756712888e-03 3.063235863877717281e-03 3.143751474915484727e-03 2.889084776365293331e-03 2.924532797535923240e-03 2.877560626490736385e-03 2.247044934553558363e-03 3.539083220115104688e-03 3.122638196528786797e-03
2.539480615682762794e-03 2.811452680949676295e-03 3.071478660947202233e-03 3.181550347056558408e-03 2.896959939295577248e-03 2.822224223049851939e-03 2.887648719408030147e-03 2.239189238190334146e-03 3.689783784594963950e-03 3.102463746321884250e-03
2.555621512162086287e-03 2.717370213830050223e-03 3.088782367247757364e-03 3.130879446081584472e-03 2.884084091703125862e-03 2.965216140762778289e-03 2.917611679153951035e-03 2.212987625322771455e-03 3.562727082746678341e-03 3.097407127618238398e-03
2.545044438255514123e-03 2.723418392002949218e-03 3.042730136901130190e-03 3.134732733235305255e-03 2.909374881462646958e-03 2.651996448644370133e-03 2.873328073221329253e-03 2.265392785828493610e-03 3.549484720768078354e-03 3.090773681634707663e-03
2.710562118669880474e-03 2.697442488687950765e-03 3.042463062302457055e-03 3.122992208953613309e-03 2.878017375015310114e-03 2.915516746741407799e-03 2.871608666598267356e-03 2.205233058111466613e-03 3.534309262002165424e-03 3.115283769734881678e-03
2.547951786669166996e-03 2.794371152172210951e-03 3.041460145071100268e-03 3.124881363746581393e-03 2.996276618355845668e-03 2.616436309340650513e-03 2.915100357191873631e-03 2.216070811398792011e-03 3.591305834160448979e-03 3.087909054408169169e-03
2.535491390176435392e-03 2.696725388640936350e-03 3.047993915481259520e-03 3.119953017185638725e-03 2.871005548013794324e-03 2.634912462425308220e-03 2.878280199884317419e-03 2.206990301577197063e-03 3.533271952061640183e-03 3.083357287187899441e-03
2.542173768704795132e-03 2.693770078249724687e-03 3.096107636976069832e-03 3.120179057248934594e-03 2.887269512378692893e-03 2.652562391981390724e-03 2.926194376889386904e-03 2.386096214021955417e-03 3.549374855495603717e-03 3.085269579739753892e-03
2.946867151167297579e-03 2.687126402146531971e-03 3.048529456867484291e-03 3.229959758022254469e-03 2.869028602123929305e-03 2.759169529408681508e-03 2.944688164317384779e-03 2.261771908779182209e-03 3.535328762482754794e-03 3.128621107930283033e-03
2.529907019456272606e-03 2.684016107501649082e-03 3.055740569460561971e-03 3.118807785740314309e-03 2.876656991260757076e-03 2.861893643801884102e-03 2.884994209343298439e-03 2.272834666339360477e-03 3.648617220017125011e-03 3.164379012924857515e-03
2.533719959251134503e-03 2.696072041667323550e-03 3.066155903905448850e-03 3.121888742539055163e-03 2.886792543493903965e-03 2.623638763507680008e-03 2.874848729826632882e-03 2.208543679094103745e-03 3.521725791780401515e-03 3.097906969030130974e-03
2.513133175391371425e-03 2.789535066663213683e-03 3.048704371274365589e-03 3.147513038904557747e-03 2.858207645269022438e-03 2.803979058835546091e-03 2.869831740220495780e-03 2.208885901893560544e-03 3.572069659747526774e-03 3.084859597892675165e-03
2.700096738084542189e-03 2.678286157987564645e-03 3.048747634250328561e-03 3.150214007620597868e-03 2.885376177555015222e-03 2.810881119057135995e-03 2.872292211049557852e-03 2.228718324216717468e-03 3.516667923661766226e-03 3.091636505333004645e-03
2.567357305977578490e-03 2.700861455131515956e-03 3.053240192958861596e-03 3.177547738794110274e-03 2.950996183045596910e-03 2.711947694492689194e-03 3.013005632884520855e-03 2.247609705172080256e-03 3.527133963854218231e-03 3.118941203049403754e-03
2.499784997865478302e-03 2.679457105010819590e-03 3.051036328410919578e-03 3.142551160033574872e-03 2.871284895862833125e-03 2.824762051641816017e-03 2.865838447542734535e-03 2.284188686587159886e-03 3.544217011361385471e-03 3.082778693682269172e-03
2.547921949496466127e-03 2.691587663629077965e-03 3.038236411175758520e-03 3.153342515254171311e-03 2.856485338692304858e-03 2.800450158347570200e-03 2.858117796007543163e-03 2.206392525382063971e-03 3.513518880901247109e-03 3.114849000437079889e-03
2.508233025460403220e-03 2.722445003982254617e-03 3.056801481232487502e-03 3.180253676822207293e-03 2.860869850706963466e-03 3.214171608958456185e-03 2.855149408220317327e-03 2.247381928034855678e-03 3.587033438605831230e-03 3.101774813202747613e-03
2.656337567639657001e-03 2.751091063145054069e-03 3.047828916466815887e-03 3.120062192174317094e-03 2.859900066980760637e-03 3.019258873779556880e-03 2.857919296651111659e-03 2.232721018207311104e-03 3.521412936476658179e-03 3.080329468860323536e-03
2.533647854910105364e-03 2.737063583450177577e-03 3.050910663679817694e-03 3.116540302720033177e-03 2.890581103024765508e-03 2.649119147698018439e-03 2.862037541562708742e-03 2.248901045316093091e-03 3.578783389206152861e-03 3.075504100085050662e-03
2.548823674730502347e-03 2.672705608450642346e-03 3.064228483166733623e-03 3.141425541021795279e-03 2.856225833645757457e-03 2.649609786021522861e-03 2.919638038364896770e-03 2.290216134587138609e-03 3.531219085211837957e-03 3.070042790957398359e-03
2.575408323753726469e-03 2.700965410232436612e-03 3.031052911595384907e-03 3.125014490425438718e-03 2.894400745136217583e-03 2.648515645416529840e-03 2.860037619559259968e-03 2.212509466103115396e-03 3.527434555531529063e-03 3.083855402081811786e-03
2.499102275784798651e-03 2.642585355817774796e-03 3.041002110442108698e-03 3.159391424344505390e-03 2.864395603822456060e-03 2.908550755548824657e-03 2.881893047993871852e-03 2.279908988610736872e-03 3.543693435025580766e-03 3.101022445656416437e-03
2.490120367579949732e-03 2.659423184283583787e-03 3.032076004926996613e-03 3.130465677248505784e-03 2.851511630830072357e-03 2.896904360421753265e-03 2.858690106128896572e-03 2.245642018350742317e-03 3.493040326274470322e-03 3.071613949651191399e-03
2.511337615271893101e-03 2.659582562490482322e-03 3.033255809578663548e-03 3.110360373459347596e-03 2.870486143142039238e-03 3.283953569544191802e-03 2.889676250631142019e-03 2.205398123724761246e-03 3.503130762425272788e-03 3.074127482713636273e-03
2.510689651856122875e-03 2.637951757745756257e-03 3.036122092000525293e-03 3.219607142504648037e-03 2.858896000476782336e-03 2.831489424818976405e-03 2.852507092938031622e-03 2.261796038059509049e-03 3.499270613656520635e-03 3.068380115636266947e-03
2.492162794628753446e-03 2.628827229835231823e-03 3.033288713983442117e-03 3.116740427436160039e-03 2.888022508424101069e-03 3.344743997937664644e-03 2.855261394650383117e-03 2.324525973288348816e-03 3.481452124476887896e-03 3.082853338956896821e-03
2.511164018914391078e-03 2.637123945552031536e-03 3.031008849603332098e-03 3.134864861381419544e-03 2.858894845643486938e-03 2.984950780037044608e-03 2.853902957336943401e-03 2.345476571387028388e-03 3.546970498375630245e-03 3.068186712503789999e-03
2.499608958913402627e-03 2.614523340675373869e-03 3.020724921390732613e-03 3.125543278777277029e-03 2.843275891086865896e-03 2.926800828228580571e-03 2.860114570566500702e-03 2.202683111414204236e-03 3.494028538319533198e-03 3.102586712318927860e-03
2.702727753683539444e-03 2.618595008158244083e-03 3.018175182930320308e-03 3.135849233421532552e-03 2.857793860858418369e-03 2.658331588300791217e-03 2.860618084059750581e-03 2.194072060457196577e-03 3.508460080609592923e-03 3.071293348256200467e-03
2.677629514051551272e-03 2.615919288258413203e-03 3.026225742409022288e-03 3.132352779560471871e-03 2.837536974966396123e-03 2.636560879469130366e-03 2.858289420592931111e-03 2.234269093731158350e-03 3.495391101603916289e-03 3.065977916350560648e-03
