3.206248219939390048e-02 3.201082675445655196e-02 5.554338497281034737e-02 6.224327985781989703e-02 2.949524559793439971e-02 4.325578490150570887e-02 4.526684587571122576e-02 2.380908570407437586e-02 5.643436863748911569e-02 3.250817979658118806e-02
2.060691963449081884e-02 2.501487172505264742e-02 3.325511017214973636e-02 2.252618136479655683e-02 2.159472277276077920e-02 2.321020331670168094e-02 2.304935826848156927e-02 1.475170735474008732e-02 4.371473416431143760e-02 2.442010509820079570e-02
1.315989891645476424e-02 2.048435825218067330e-02 2.690442269624492705e-02 1.347069722386280352e-02 1.783600300705210154e-02 1.442795774581247768e-02 1.424176451759959217e-02 1.090597867503997551e-02 3.016295833606928364e-02 2.040824051000609748e-02
9.706968014338821643e-03 1.714817705478353937e-02 2.243047452744372644e-02 1.117699815722183847e-02 1.545591850056548047e-02 1.125144651984213116e-02 9.858082619312388481e-03 8.962963750120388554e-03 2.330032297344425754e-02 1.764887673440258820e-02
8.076661760307085255e-03 1.440756105155119142e-02 1.886926484022619088e-02 8.953152146043648341e-03 1.349055190538388932e-02 9.982649616298883144e-03 7.425635104394328126e-03 7.872560764292680160e-03 1.585646551855566730e-02 1.541503024403661180e-02
7.108343380800307559e-03 1.204157611704999298e-02 1.628856491082722110e-02 8.078362263055241174e-03 1.177183037996426020e-02 8.630420902113675186e-03 6.293256253261101871e-03 7.145974801080274413e-03 1.415080172382994494e-02 1.331643604649524089e-02
6.512604750151558888e-03 9.803990079049227507e-03 1.387646828539493456e-02 7.647033140546421852e-03 1.066242069987317388e-02 7.957688558850890131e-03 5.613515774882236846e-03 6.786873183202945560e-03 2.002953117211895076e-02 1.168531544501836585e-02
6.105285935086339315e-03 9.704935941816138570e-03 1.213277110648650590e-02 6.031585849873379035e-03 9.601973325171656720e-03 7.529572989539369716e-03 5.609154987102156834e-03 6.184356623829461407e-03 9.260914592422980762e-03 1.106256188609794702e-02
6.112306468950135310e-03 7.425043023544017524e-03 1.054642909523326351e-02 5.552426280942554873e-03 9.133247820620615451e-03 7.084032392932079758e-03 4.741898698490165480e-03 5.970152595009475989e-03 6.827992195611397482e-03 9.411936660477742897e-03
5.693146749597904205e-03 6.034999438848213937e-03 9.061044733270528367e-03 5.545258656007492210e-03 8.772930392863155166e-03 6.892039791133679379e-03 4.358885298471985685e-03 5.702202138291714850e-03 1.648811700469133071e-02 8.396891122235601926e-03
5.566891561640692314e-03 6.286007218345228756e-03 8.229682779945233714e-03 1.132283864351587080e-02 7.657286845139310225e-03 6.446216853888826238e-03 4.666712467508044374e-03 5.595395330286884183e-03 7.153928851994978411e-03 7.495036578706332046e-03
5.333773104314236055e-03 6.649570002105554059e-03 6.995070413553225452e-03 5.695544081039400318e-03 7.286943340134769027e-03 6.183903959376594803e-03 4.149843393874807183e-03 5.398002614237943329e-03 5.585529391708828235e-03 7.299731207510874210e-03
5.210733986324811266e-03 5.470844852322653308e-03 6.885205342958579215e-03 4.504655057938559970e-03 6.848711966250771617e-03 6.112421555626560213e-03 4.165563464338203035e-03 5.202075362103924551e-03 5.262347365429410374e-03 6.703424594084176312e-03
5.087643263326742556e-03 5.344528074234235378e-03 5.694715469132543076e-03 4.602544732979021308e-03 6.600729109758698282e-03 5.949135863737165485e-03 3.952834687303995523e-03 5.169960027643712326e-03 4.783097394859357060e-03 6.142777721688228582e-03
5.035169603672943160e-03 5.367653450290573933e-03 4.926232913239502256e-03 5.016654278152544132e-03 6.267054365189114393e-03 5.817542357150413609e-03 3.924554670016080181e-03 5.119803636210265921e-03 5.117995734254714504e-03 6.126599581677448329e-03
5.012693097075297810e-03 5.109324379661466485e-03 5.398855820501483743e-03 4.590179373627433466e-03 6.065920331099291900e-03 5.880950182398824583e-03 4.742363019659702993e-03 5.057474679830331089e-03 5.117256806566546773e-03 5.657461966240592659e-03
4.935948453232170442e-03 6.137137191079832486e-03 5.034496065457245810e-03 3.810853418550350959e-03 5.321029797285790897e-03 5.734634469182054058e-03 3.546560364193370157e-03 4.968239960267776915e-03 5.459173426628257352e-03 5.819253588646908053e-03
4.861871134355043832e-03 8.023101932219842483e-03 4.802742420309108300e-03 4.643219563445330836e-03 5.582352564518975463e-03 5.543147561218061611e-03 3.560910843126810152e-03 4.839926563155957234e-03 5.251430218786891022e-03 6.361622594618580873e-03
4.842620804330590584e-03 5.618041823116125440e-03 5.204668652320799775e-03 4.270416513436757489e-03 5.366037885228787559e-03 5.602365758109514177e-03 3.630562064758348795e-03 4.843857012146896360e-03 5.267739278747568012e-03 5.038339362344498341e-03
4.736722543418754941e-03 7.075774921087946319e-03 5.679259131976828641e-03 4.068807924543445080e-03 5.179995040476029385e-03 5.589089165589606473e-03 3.449132482250013079e-03 4.802695535449307343e-03 5.764138679204042215e-03 5.298240641820110147e-03
4.731631942003022492e-03 4.960794395375864134e-03 4.197941996578942805e-03 4.114620911237659370e-03 5.465544982828575600e-03 5.544422611043112181e-03 3.239542581870134309e-03 4.708565861962381305e-03 5.926919900499908259e-03 5.106479786521164743e-03
4.731639308500521293e-03 4.954807911245981758e-03 3.894435262344933014e-03 5.920655528890551508e-03 7.632883276791079669e-03 5.407082702090558989e-03 4.077436104547009325e-03 4.692771716626283583e-03 5.725965299574402138e-03 5.102254164255335539e-03
4.744212361277302600e-03 5.023678946560031916e-03 3.860950607339712955e-03 4.509232188163972421e-03 4.966314533198980079e-03 5.587460264296803883e-03 3.692074391884129798e-03 4.715754720742646941e-03 5.425647453277614683e-03 6.174827601813237185e-03
4.855691569788469532e-03 5.505452463008557798e-03 3.844090877912614661e-03 4.216194240834151598e-03 5.092567830823169044e-03 5.448382317653061718e-03 3.876804475284277400e-03 4.633277270423561897e-03 4.884660283720932035e-03 4.923102192025716022e-03
4.732825825217536198e-03 4.459338205018975945e-03 3.691966841597803684e-03 4.225384567455260296e-03 5.438367249265914707e-03 5.260145384034639951e-03 3.147501170224038022e-03 4.678604637034402061e-03 4.772861683247075874e-03 5.336717131463755183e-03
4.637167435080019953e-03 4.869328289715494675e-03 3.843148994145899073e-03 5.170983834742456237e-03 4.660080514251460464e-03 5.533507286896987946e-03 3.119633703547163364e-03 4.726887385827386462e-03 4.667347674993205936e-03 4.924988353864007476e-03
4.682697522443521158e-03 4.337826955038325688e-03 3.859393104265932718e-03 3.988649332285926566e-03 4.310316716751126133e-03 5.256862513910097803e-03 3.108147737933536232e-03 4.684088674131664867e-03 4.419675272302582038e-03 5.047985121312908996e-03
4.645753388248787148e-03 5.972898249590528723e-03 3.613865921842569686e-03 3.913227882358967166e-03 4.537637105569470447e-03 5.401309995189767371e-03 3.078677881544877176e-03 4.510350320702701150e-03 5.111787817397410623e-03 4.623357613928947424e-03
4.617192691057133390e-03 4.922822036385220666e-03 3.762761064698366773e-03 3.882493209835701214e-03 4.462023509984241326e-03 5.313623900980096043e-03 2.955557194314757143e-03 4.572220992115821891e-03 4.465129099682502677e-03 4.755657522499920006e-03
4.596281651257462693e-03 4.460691700176130751e-03 3.755846176358392484e-03 4.793082486763035853e-03 4.789779933480372079e-03 5.235818293043364470e-03 2.956569732598466737e-03 4.657557956403437019e-03 4.505440749432855496e-03 4.645309329876760700e-03
