2.123985376316665091e-02 2.016378242405646865e-02 3.942844723057441908e-02 4.442281022895792908e-02 1.948789980515571590e-02 2.908915609162389393e-02 3.190020919986776698e-02 1.525935563931793762e-02 3.935581736010399651e-02 2.215038360099955139e-02
1.374227617536770765e-02 1.541827026050699746e-02 2.174071182297544758e-02 1.395315789730113692e-02 1.471678023844608107e-02 1.449566598985541424e-02 1.539145113108715025e-02 9.726688941159203350e-03 3.003922647738262522e-02 1.664579998377520992e-02
8.722892929760136388e-03 1.267390446451387674e-02 1.713616144362233376e-02 8.410948215320368862e-03 1.199006993704503782e-02 8.712302771549660860e-03 9.664747451234004597e-03 7.307199387632588687e-03 2.069106795655539441e-02 1.431373048718980606e-02
6.269799577816845097e-03 1.079697900393510913e-02 1.405873332817141226e-02 6.995033122386771184e-03 1.041664787767985177e-02 6.775880416308817898e-03 6.816423499885032947e-03 5.921836644444214773e-03 1.677618871087457886e-02 1.198126324737063854e-02
5.162295146006160192e-03 9.287639779548041014e-03 1.136861122473148411e-02 5.940692172041018605e-03 9.071753667275143235e-03 6.166954585534510300e-03 5.496210884324450978e-03 5.313383839495251608e-03 1.069626072145793763e-02 1.051335033880133711e-02
4.508580337129745007e-03 8.293500713635630281e-03 9.690825948607593651e-03 4.766194589144931264e-03 8.165302356681232443e-03 5.211203202899625242e-03 4.811466162230671091e-03 4.751569671330444986e-03 9.182685890817606639e-03 9.432537817844499975e-03
4.232620706575916138e-03 6.931563195477251534e-03 8.293419470972987831e-03 4.502804171906578390e-03 7.605728303699247142e-03 4.771169748362000425e-03 4.854300260105344142e-03 4.595158836559584854e-03 1.463505245717624387e-02 8.074575716886025004e-03
3.906764855493523314e-03 7.169235076746817599e-03 7.475038477895203266e-03 4.369881694459759602e-03 7.022727101458715003e-03 4.438756104260387948e-03 4.750870297347472085e-03 4.182782562425543978e-03 5.505122652608614164e-03 7.382824384615577738e-03
3.830397017217432917e-03 6.047785818794065502e-03 6.292261889098238990e-03 3.869433487524531843e-03 6.445488160612978731e-03 4.216044483132459775e-03 4.100702564742496163e-03 3.992924321476807974e-03 4.712159153291262982e-03 6.497554578143925966e-03
3.665965617968151673e-03 4.352562906591414711e-03 5.595539847648517418e-03 3.817874456724417147e-03 6.368608744555389993e-03 4.146137100606251021e-03 3.896183003324987532e-03 3.903263208180225360e-03 1.040826833582672063e-02 5.859643139262619982e-03
3.539514284640328350e-03 4.111216962409491513e-03 5.364977510373535909e-03 7.320991070250049484e-03 5.747552753012878136e-03 3.857073744476191123e-03 3.954826565104047585e-03 3.774443638639464818e-03 3.937982960466858418e-03 5.461807790510620451e-03
3.446279209455160690e-03 4.426568348239515865e-03 4.478467683784952136e-03 3.744412343419956449e-03 5.510552293015434991e-03 3.816461670594887071e-03 3.688350109663634906e-03 3.733885531037801127e-03 3.810322523447400109e-03 5.043256989819193924e-03
3.430873464769960881e-03 4.140840271763448349e-03 4.538168495395282498e-03 3.548400189334104549e-03 5.140178031126330267e-03 3.655108238314283900e-03 3.866608303880143382e-03 3.777321192751861498e-03 4.244904837697857994e-03 4.752354754127637373e-03
3.391950152016502164e-03 4.046404497965740664e-03 3.821620894146529352e-03 3.741872785884205622e-03 5.174621512999992221e-03 3.590561236874663040e-03 3.519492771640779852e-03 3.638233996679131853e-03 4.016234530692659559e-03 4.512623317371945893e-03
3.343773578516092641e-03 3.998382659440600194e-03 3.765847545024746373e-03 3.579581197639007673e-03 4.956310326032435654e-03 3.540730985304718637e-03 3.454385454359170868e-03 3.591816897696771798e-03 3.422536466018218700e-03 4.422790411758234508e-03
3.366578760705486728e-03 3.841883763594282353e-03 4.443396591546073908e-03 3.433546574758658196e-03 4.724700661697501559e-03 3.484268009714430649e-03 3.773749143781707747e-03 3.560855258427123374e-03 3.399962890990751961e-03 4.184641482136082155e-03
3.266090541534181352e-03 3.820313872266887720e-03 4.047193509971016082e-03 3.631762428857534739e-03 4.673524689406589189e-03 3.447803819118056522e-03 3.438620938665955598e-03 3.547928163199928937e-03 3.156621266715600640e-03 4.145140690636199554e-03
3.254142508723040488e-03 5.210719943681866966e-03 3.755229248381828245e-03 4.539236741875629817e-03 4.380602895336466358e-03 3.478742984665684872e-03 3.416411840216381987e-03 3.553169371541749742e-03 3.200225820247577443e-03 4.395908046153591819e-03
3.228542357480196964e-03 3.472951113518883692e-03 4.038810536334712202e-03 3.440146096355733984e-03 4.461429439254605174e-03 3.404473014348522245e-03 3.218954899140044536e-03 3.525461789540160814e-03 3.128784980976814876e-03 3.973714596903786533e-03
3.246390622779142532e-03 4.432333375162871361e-03 3.962377517773644706e-03 3.374238604310501270e-03 4.280879883378317131e-03 3.361729007598453917e-03 3.219315487311124983e-03 3.506246388679750033e-03 3.158865372732898649e-03 3.760969668811808310e-03
3.273737796753072027e-03 3.564242265255134715e-03 3.380461263289014258e-03 3.170792188611517431e-03 4.452738953153471436e-03 3.485320691129270652e-03 3.153800528419729854e-03 3.522216209125100372e-03 3.048449862928596151e-03 3.746553538415439092e-03
3.208605025886621630e-03 3.651312551637213646e-03 3.482366540335489220e-03 3.649498777019317530e-03 6.352764001182615097e-03 3.371732860964561044e-03 3.265910440075538417e-03 3.485838855252440267e-03 3.122472904179694926e-03 3.681917895322462699e-03
3.174970237097968911e-03 3.573694873932138985e-03 3.766640724183774065e-03 3.096342337074802289e-03 3.931480794923023457e-03 3.304591643626688790e-03 3.230402015559196999e-03 3.438758393978122788e-03 2.981607757292134217e-03 4.105118874705452649e-03
3.177349237258219033e-03 3.462135364960121451e-03 3.173879122254761979e-03 3.095930148551168971e-03 4.235540531571986393e-03 3.325531686295895174e-03 3.343708481190738220e-03 3.500412293464139762e-03 3.119124465925748966e-03 3.626999726219153931e-03
3.142506422258457572e-03 3.795987582584885514e-03 3.231138353998116563e-03 3.387080898970653772e-03 4.324345217711395191e-03 3.408181909873557718e-03 3.141314847479072681e-03 3.415137063440265575e-03 3.009901047368368932e-03 3.546500075098051215e-03
3.152284765161229938e-03 4.172632558309550405e-03 3.169405407423004327e-03 3.224065249928618083e-03 3.892210848876092796e-03 3.278257944886273090e-03 2.882828475274034578e-03 3.363783837268314973e-03 3.029982525220584547e-03 3.552403365208393893e-03
3.141199280045643260e-03 3.684855487276374967e-03 3.221991842384756572e-03 3.000279784135272566e-03 3.713741644601335420e-03 3.390771814857817396e-03 3.064447277493034718e-03 3.378402299027205308e-03 3.388654943487140036e-03 3.536683067271201731e-03
3.121454043418504104e-03 3.892093876594231779e-03 3.081840136362239829e-03 3.037058866287778089e-03 3.576851296463211868e-03 3.269925665035809323e-03 2.787626845466588312e-03 3.424500742139732507e-03 2.967128458725176634e-03 3.649494591025766611e-03
3.113357528811733742e-03 3.507465609492812966e-03 3.121334590762748964e-03 2.940729436366372723e-03 3.887758807183082799e-03 3.320123151706441157e-03 2.965040066522921236e-03 3.352359450226232666e-03 3.147528941554806042e-03 3.498813690110695075e-03
3.115901984868722080e-03 3.272208675308250266e-03 3.046865337294874486e-03 2.992738985611784457e-03 4.062595689881730310e-03 3.317413749947573185e-03 2.749615960594164066e-03 3.319572427973590829e-03 3.025026386375710176e-03 3.577272678964808685e-03
