5.897011778736045706e-02 4.948777357023859125e-02 8.066417377521449550e-02 7.897665837684332557e-02 6.651114090175090643e-02 6.484713233596038628e-02 5.398354393870417878e-02 5.720044455560637647e-02 6.940885300867220831e-02 5.525910353515719325e-02
4.478559645260035693e-02 2.924665657206235170e-02 7.396161927052517793e-02 7.372279878078140392e-02 5.780024602739384371e-02 4.771118644783071960e-02 4.225898253749535427e-02 4.369025012745889058e-02 5.490471236506385549e-02 3.015038303021820576e-02
3.635647310001597493e-02 2.488877921954261302e-02 6.761639237512276357e-02 6.739784479858162980e-02 4.849047468422273965e-02 3.513312421601869073e-02 3.477022754360264978e-02 3.559811854981138890e-02 4.075234790971517251e-02 1.999355040538782630e-02
3.062762558323286338e-02 2.298555726920330222e-02 3.967135127412994150e-02 5.786958489584697468e-02 4.052819441488705182e-02 3.117839644641306335e-02 2.953801760178495148e-02 2.911946003650235648e-02 3.189936359688377854e-02 1.535628330612094812e-02
2.670497871517046179e-02 2.117375050529337471e-02 2.595670505563357766e-02 4.438220167779344943e-02 3.517162701357591514e-02 2.846487497676035081e-02 2.564518559729127983e-02 2.497133204497904019e-02 2.684101327300609033e-02 1.284705746548785513e-02
2.338353273189851256e-02 2.020751236703160689e-02 2.242135165230472668e-02 3.272953065333515654e-02 2.999273032089971522e-02 2.684496440233020975e-02 2.240539050516735312e-02 2.281574283258122268e-02 2.347060490708647099e-02 1.121509864817481564e-02
2.086753877601322735e-02 1.965884109049454223e-02 1.931165670658248693e-02 2.537061620909965287e-02 2.612586954264763464e-02 2.548312382924151909e-02 1.987587347525109419e-02 2.091658687743892103e-02 2.140149295178114461e-02 1.036951442209873252e-02
1.896122526461092861e-02 1.858018698342454519e-02 1.635875797001924703e-02 2.078209279340330340e-02 2.300854125536984721e-02 2.415578660346890186e-02 1.738616664480534257e-02 1.915981971321646660e-02 1.874406319686992492e-02 9.180129328168619429e-03
1.744592250431580699e-02 1.745376907255692320e-02 1.502137081012262093e-02 1.808639673063179576e-02 1.962733641665937237e-02 2.338952719970002064e-02 1.552018822353116306e-02 1.772307183018545854e-02 1.698620700433105604e-02 8.642879245339872563e-03
1.646893754782229047e-02 1.721939409600889773e-02 1.252051343870179932e-02 1.608952170464878970e-02 1.720945762013978420e-02 2.201107249741985489e-02 1.388122687809127329e-02 1.622590224506429563e-02 1.545642277206334299e-02 8.039727533639842369e-03
1.569501009749806400e-02 1.610971035083529068e-02 1.013766501712426785e-02 1.463324650870852749e-02 1.447942717477371417e-02 2.131389981052714266e-02 1.261069205139355061e-02 1.488081740306687779e-02 1.410315909377506116e-02 7.765509449266259911e-03
1.497335152589944311e-02 1.553121313658741356e-02 1.605133338614111310e-02 1.341620560084855543e-02 1.279227210095646751e-02 2.030277460048178495e-02 1.133214833975607592e-02 1.339258810870292901e-02 1.299385624294588544e-02 7.171182192900455929e-03
1.452344142671915458e-02 1.537976175058569650e-02 1.200403842081806255e-02 1.244133925669919233e-02 1.162541387995841627e-02 1.982033058633624056e-02 1.035147753732929519e-02 1.223780669053957035e-02 1.255666673087484433e-02 6.911002436511686463e-03
1.401409856568941806e-02 1.463163304189889387e-02 8.176673192209604757e-03 1.145207796971730099e-02 1.077150833070089110e-02 1.922675561728367025e-02 9.440120196073516559e-03 1.110681959288042919e-02 1.092419164114070973e-02 6.658283922816659109e-03
1.357060600206183576e-02 1.398628783871750172e-02 9.184893412946825569e-03 1.080851814192818061e-02 1.012282967212676382e-02 1.803479648630833612e-02 8.806585058243181566e-03 1.009043333928674735e-02 1.022545391817745834e-02 6.402723151179500263e-03
1.303123880840221030e-02 1.438938728665058349e-02 9.004643489669245798e-03 1.013806367996937866e-02 9.802213861924371011e-03 1.761470839995868745e-02 8.337294576927367293e-03 9.399115778709133187e-03 9.563017781959665467e-03 6.221881720805037472e-03
1.267188170537419598e-02 1.307260592314955436e-02 7.133488429223158213e-03 9.489507569429324330e-03 9.660032398136194839e-03 1.685130572269512295e-02 7.880258812798735663e-03 8.782298151291653698e-03 8.871451950763328126e-03 6.059585951263894189e-03
1.228635565786026160e-02 1.377556789834168301e-02 7.550771448401581883e-03 9.136629166206139407e-03 8.737423563384309061e-03 1.614505736509891376e-02 7.627006816329479251e-03 8.261460634939821190e-03 8.445966314391801719e-03 5.929138169822204506e-03
1.196385603487107319e-02 1.212690903533951946e-02 9.311070437623327617e-03 8.595327393655736309e-03 8.438422998716461204e-03 1.543403608035945514e-02 7.224869994370283245e-03 7.703771087434207326e-03 7.514658497762448895e-03 5.667391307420089307e-03
1.144065995948735648e-02 1.236711118982963473e-02 7.486261585617839942e-03 8.197322299474386204e-03 8.244154058346983560e-03 1.497517475683688218e-02 7.049873049159381330e-03 7.476101465070500961e-03 7.420245500871456949e-03 5.654154664838231988e-03
1.111571737911007732e-02 1.180225403420806854e-02 1.539326691278840656e-02 7.933941623431972623e-03 7.792335799329979870e-03 1.436670760456383415e-02 6.806699843533763929e-03 6.981529093852889209e-03 6.744236641232609353e-03 5.277779257220462615e-03
1.077042680254847867e-02 1.140185387276967249e-02 5.492392345248498647e-03 7.612297016792723969e-03 7.551508719239863159e-03 1.409813050161048791e-02 6.682087987803404794e-03 6.612301536908460516e-03 6.394373248594877393e-03 5.363744205892569637e-03
1.043033144137621437e-02 1.044986560711577347e-02 5.839543770575330965e-03 7.375351818928564326e-03 7.260850545375633659e-03 1.319833053187811217e-02 6.486366520151660812e-03 6.295995689745212745e-03 6.148703042022505422e-03 5.315250210935591572e-03
1.008411614117411641e-02 1.128013603217002322e-02 6.118227254859776032e-03 7.078417708919714640e-03 7.110733134095465792e-03 1.276934809175295574e-02 6.422577616534442049e-03 6.114078868151852711e-03 6.199358385583110878e-03 5.201916492836146030e-03
9.681644370672188790e-03 1.022425894324747141e-02 5.518010205671664004e-03 6.925616267715631671e-03 7.008718645689004587e-03 1.225801713963403650e-02 6.308884011753781822e-03 5.880793675869307180e-03 5.242668811099562322e-03 4.991794161948528291e-03
9.373378624925906080e-03 9.108338750906934400e-03 6.231258174381850042e-03 6.679790204926599681e-03 6.670029769394061545e-03 1.156346386324514502e-02 6.196474126093908311e-03 5.658083097481700179e-03 4.856631336765082109e-03 4.948768331146974515e-03
9.066930159507114936e-03 9.009283682382320663e-03 5.733725606285777071e-03 6.558706109436181556e-03 6.500378011560138496e-03 1.186414483965048117e-02 6.015783560872047832e-03 5.517126499520272169e-03 7.443943565088470549e-03 5.035546186234071686e-03
8.838729037299706756e-03 8.405296234134142230e-03 5.416454874519520402e-03 6.401612676488607420e-03 6.432994949201972269e-03 1.077502532911346796e-02 5.931309550821432797e-03 5.400625463220123761e-03 5.286947826856681389e-03 4.682555284071278356e-03
8.531610647749210408e-03 7.956697288080988306e-03 5.742281103463721219e-03 6.411988983138634281e-03 6.183874843504479600e-03 1.030656094170999924e-02 5.825051027464786015e-03 5.237539499002080365e-03 5.252832084692338026e-03 5.667615296468952665e-03
8.296420380316336246e-03 7.486043636100401903e-03 6.686209263992827848e-03 6.210313148172692289e-03 6.138652907806027917e-03 9.884773247105139646e-03 5.848440469901235866e-03 5.180262683785856644e-03 4.770117598768281418e-03 4.626119964915757256e-03
8.038002620956859537e-03 7.708955740295550529e-03 6.484538377313950677e-03 6.104971317156787647e-03 6.078167943871542328e-03 9.356595122537782541e-03 5.662027946708452115e-03 5.061484966535498113e-03 4.439594995694610795e-03 4.597026876793301742e-03
7.878072572119216438e-03 6.893440920009955182e-03 5.621211461523073320e-03 6.087230193115683065e-03 5.874253136677322525e-03 9.503125122020113918e-03 5.654129497111066646e-03 4.981658983370377235e-03 5.024225760662527976e-03 4.671376267593750631e-03
7.582843197861323381e-03 7.975411115071473142e-03 5.628291182400290728e-03 5.853113781496784886e-03 5.742622023817815086e-03 8.702087532267092224e-03 5.569391911489188739e-03 4.993545736851704060e-03 4.919859471334551634e-03 4.524434849835518718e-03
7.498778653331540991e-03 6.607673917102612274e-03 5.896079731754814979e-03 5.776216588381497853e-03 5.601269242677556735e-03 8.441444260462055774e-03 5.592233240835516733e-03 4.812276819685669046e-03 4.257690686531193612e-03 4.413194294568320748e-03
7.300816493436553672e-03 6.411022647367320935e-03 6.079274183612231285e-03 5.779902373633167764e-03 5.543324154868683497e-03 8.536156187127334066e-03 5.542342374035207769e-03 4.730724803088628971e-03 4.314908049128736781e-03 5.138277578666560971e-03
7.128683362574153234e-03 6.250954978528442708e-03 5.701409138650572091e-03 5.663107004857851658e-03 5.482367180437681432e-03 7.899460259935495512e-03 5.408895853630611011e-03 4.695400166924972724e-03 4.307558153645637405e-03 4.392862990236287915e-03
6.928563650576049192e-03 6.012814080430822598e-03 7.138557503849991479e-03 5.615057844203366622e-03 5.381626732910364808e-03 7.502198750465303469e-03 5.421261902449156338e-03 4.652628780232620498e-03 4.742911884305686665e-03 4.832133242044156160e-03
6.790523140215365926e-03 5.880366615030965111e-03 4.760026602882008739e-03 5.487943497898805853e-03 5.319680732515959590e-03 7.172728228308384094e-03 5.307147855450719716e-03 4.589447876061588695e-03 4.540913591909851582e-03 4.400097441780204816e-03
6.787854730617496474e-03 5.948064250792625685e-03 6.721083602878343694e-03 5.482978492266008669e-03 5.260495250331569290e-03 7.324849843061110970e-03 5.416894309851957683e-03 4.626396158608116725e-03 4.282096773360307210e-03 4.254565529763806690e-03
6.511828002988133066e-03 5.820081160479675941e-03 6.662277082133589295e-03 5.397349509345627377e-03 5.228432025737084210e-03 7.222919936157669134e-03 5.253371634926127035e-03 4.523975288193838110e-03 6.225038409647037224e-03 4.301681967173049022e-03
6.379581240039497447e-03 5.741131278962553590e-03 5.393607100880113206e-03 5.528183445005103828e-03 5.152838011495419063e-03 6.973185964246879191e-03 5.288386549143854476e-03 4.479679511366979443e-03 5.704239154544528054e-03 4.621507408523244272e-03
6.345436518957827537e-03 5.454336957231523814e-03 5.517311411378907071e-03 5.544156388918681719e-03 5.103902817532804913e-03 6.634725635902903422e-03 5.255140071923051874e-03 4.478144271322820856e-03 4.377140436823663029e-03 4.097276132379538277e-03
6.195424521317684924e-03 5.407784233509295782e-03 5.441041219328396350e-03 5.339279897253775345e-03 4.987874846597263427e-03 6.476723068288714295e-03 5.343858145864479291e-03 4.429252142025813695e-03 4.141178773528341774e-03 4.139967667934017596e-03
6.126636295085141626e-03 5.278848244008648403e-03 5.530747976509694207e-03 5.302573627315363379e-03 4.914437963473947124e-03 6.153638771073508332e-03 5.225937926021508549e-03 4.366010645375508273e-03 4.340273907595470528e-03 4.178474250961467483e-03
6.075688868759359686e-03 5.502124576812511547e-03 4.747224934795942451e-03 5.198533798057455163e-03 4.926454385029479036e-03 6.257114557206911939e-03 5.108157254948206098e-03 4.369335563878909943e-03 4.473710666164405422e-03 4.342881848648951285e-03
6.018795161562562335e-03 5.238035099902967236e-03 4.631164391618081827e-03 5.207559330514967451e-03 4.841510853371733779e-03 6.233998193111748957e-03 5.129719269117793620e-03 4.357229216858391277e-03 4.180062196789484895e-03 4.099249303663805161e-03
5.777279162821811337e-03 5.401753684046084990e-03 9.661940714020201409e-03 5.162741361396049576e-03 4.826513185350105213e-03 5.757305405179433296e-03 5.041357037668088917e-03 4.306725648147110598e-03 5.333534870527434878e-03 4.112487382680094818e-03
5.666788498909945335e-03 5.233578931847848899e-03 7.953293019266956254e-03 5.125168321535182418e-03 4.789708667355846959e-03 5.632276553725171046e-03 5.197080522108602635e-03 4.288025815382554007e-03 4.062772719814046994e-03 4.013998000187464152e-03
5.553354869703862676e-03 5.318463201271164502e-03 5.280315176724185468e-03 5.271962905918065219e-03 4.739365873437029891e-03 5.553813094968224583e-03 5.143354135231478080e-03 4.317991593061875841e-03 7.143723136895832604e-03 4.076716634764883211e-03
5.554486155968301614e-03 4.927159029033750630e-03 6.587629923547959690e-03 5.132131063559563708e-03 4.717921812422394036e-03 5.607548577380674047e-03 5.039617032912743419e-03 4.259471827205969438e-03 6.358196808044946913e-03 3.996919725861872164e-03
5.405814598717148881e-03 5.001657395970489535e-03 4.940984594289864543e-03 5.110359739838300080e-03 4.655710859543339686e-03 5.458566159815175615e-03 5.050109655719757680e-03 4.234779664677672424e-03 4.614764354472569718e-03 4.157798882633132256e-03
5.325922061329835602e-03 4.758391237594801308e-03 4.524255550645961584e-03 5.068875885136072540e-03 4.602432944522644176e-03 5.221932982883639371e-03 5.027772224478408748e-03 4.231619029298109777e-03 4.255852709231198149e-03 4.140183459853049273e-03
5.287790931682259665e-03 4.889276217268998491e-03 1.007461505158577242e-02 5.041439731995204891e-03 4.600908878346412871e-03 5.778061924588950675e-03 5.249173301715924153e-03 4.195700559202064986e-03 4.475600849762229917e-03 4.085053153430049863e-03
5.244674648844047452e-03 4.559376173412548611e-03 5.666881675852322373e-03 5.097962608992620374e-03 4.628364198140973509e-03 5.040713232193569544e-03 4.999924747016850496e-03 4.147771662552854344e-03 4.229153682390529752e-03 4.083931867633150935e-03
5.170194295597708121e-03 4.617252023508412739e-03 4.902340542176599446e-03 4.998522716691582851e-03 4.577378728375080738e-03 5.149792759594367698e-03 4.929672904206478315e-03 4.108391737607093759e-03 3.922758663619356663e-03 3.885239813775825338e-03
5.175884217635573145e-03 4.663809410914258879e-03 4.416564819058812520e-03 5.249438057806718114e-03 4.466629178198634406e-03 4.742969387845356183e-03 4.853390173529021842e-03 4.154302935168213175e-03 3.747611596058238008e-03 4.652499829288243155e-03
5.029197037929026247e-03 4.537079949011136454e-03 1.647258148862599039e-02 5.195244402867656673e-03 4.427756757729039809e-03 5.154955266620403834e-03 5.037433644914695446e-03 4.104225328627053929e-03 9.850447430621562736e-03 3.840383878393957128e-03
4.925248437300587361e-03 4.666158823576587247e-03 4.702421115374718491e-03 5.113067796089027818e-03 4.462805571934983992e-03 5.597151277207773959e-03 4.818330132875676616e-03 4.092827599339769924e-03 7.234339068827444832e-03 3.844461704553702678e-03
4.807393370795292123e-03 4.847315050839104238e-03 4.603407151362822781e-03 4.997605904970857382e-03 4.493983206118799985e-03 4.826718694200514588e-03 4.803718633303826271e-03 4.069321131884425999e-03 4.502715080685938849e-03 3.922178204460642983e-03
4.771167904926389668e-03 4.386871833925572346e-03 4.315389906997674219e-03 4.949404310183429419e-03 4.451513886864833132e-03 4.493181683575517976e-03 4.821454154805486329e-03 4.015139174450658814e-03 5.102054786495607321e-03 4.411261373076878940e-03
4.730594881943171563e-03 4.441805896468102068e-03 5.012360957567209979e-03 4.968106629826350706e-03 4.375907749083705715e-03 4.929957027675310396e-03 4.937304849056952348e-03 4.041921586434725835e-03 4.587158280351825122e-03 3.933113885333464760e-03
4.751464421351924219e-03 5.053301814018797307e-03 4.383768994703530174e-03 5.078311448576005617e-03 4.389411931045833493e-03 4.537962040816147756e-03 4.868906421438390364e-03 4.007924852755635585e-03 4.062085855839151285e-03 4.474842122425899855e-03
4.682129763998907693e-03 4.428632979751536032e-03 4.586369576578722129e-03 4.961346507929767849e-03 4.324443589185902187e-03 4.570969057138872006e-03 4.816621904160552949e-03 3.975847793121334468e-03 4.185346303318833970e-03 4.485053029301136300e-03
4.546115955358314906e-03 4.262822609685452610e-03 4.744303187248971598e-03 4.910620390100798975e-03 4.275820594490849398e-03 4.392921506309799794e-03 4.809778579442284749e-03 3.993259274688049955e-03 7.517443161391442266e-03 3.943841086477944610e-03
4.619427764314057959e-03 4.380919056587543291e-03 4.361086663844727582e-03 4.992814679763339300e-03 4.387632775694139814e-03 4.777561479085756790e-03 4.765361858231891880e-03 3.987641822747413703e-03 4.243777741173012513e-03 4.605622027024397665e-03
4.494635372208992223e-03 4.246236746451750692e-03 5.949470503655949517e-03 4.890181537711219689e-03 4.279647280247473803e-03 4.488731555596254912e-03 4.897847424011718409e-03 3.969444987398513570e-03 3.843102950199424502e-03 4.006798743069109499e-03
4.496891277522845239e-03 4.275630467559838818e-03 4.254186736472263461e-03 4.961715245707864867e-03 4.379501630551518171e-03 4.104059520444052617e-03 4.780817724717620690e-03 4.002774805912879576e-03 4.780876823959849010e-03 4.049089109228807062e-03
4.432357851179918699e-03 4.517804745919046412e-03 4.131385622193071809e-03 5.292470139562984073e-03 4.294719244733307198e-03 4.532180656060858653e-03 4.659898651706910651e-03 3.984271298354880898e-03 4.019073336629662256e-03 3.801963303839526239e-03
4.572654749641748631e-03 4.208910299491769660e-03 5.364380705093018016e-03 4.897624551881117790e-03 4.288189928689591784e-03 5.379654982121389629e-03 4.685241876160382672e-03 3.911711736789055122e-03 4.675242979128893007e-03 3.665691724713295886e-03
4.454535194175606935e-03 4.177905189302366304e-03 4.587808682927037481e-03 4.847519426090840348e-03 4.199475700378976425e-03 4.801758552417852502e-03 4.648897275333972560e-03 3.956859346816219911e-03 4.357963477945840311e-03 3.675251587791048945e-03
4.287559241369654980e-03 4.276254553103435614e-03 4.938423734194730998e-03 5.065053169343012619e-03 4.150221676347792821e-03 4.738328544141845282e-03 4.764343367889232843e-03 3.948814217058039221e-03 4.415423769000410142e-03 3.621543267035680531e-03
4.470552254233008810e-03 4.329117320344267120e-03 5.460861235378662755e-03 5.013260318828047582e-03 4.299910637279000941e-03 4.414694996010951056e-03 4.708672798421531698e-03 3.964150550850295551e-03 4.052519049460676093e-03 3.625942516667464508e-03
4.294950364873074966e-03 4.340695500370294127e-03 4.200767402757746641e-03 5.013810682002032594e-03 4.176301277218932156e-03 4.215520723510441173e-03 4.657845656721211133e-03 3.898529698962517175e-03 4.201753756363445745e-03 3.650574909270902241e-03
4.525662251639088647e-03 4.163955851564022856e-03 4.221598634796938122e-03 4.992353504857380449e-03 4.133318790494527016e-03 4.037147447498688757e-03 4.620144093425298387e-03 3.969068896842711282e-03 3.880902630381274834e-03 3.625075465893558280e-03
4.246354140028351688e-03 4.343610557469728718e-03 8.889486815207049697e-03 4.856294483842722547e-03 4.279924314783665334e-03 3.831128838888551991e-03 4.722085838228274116e-03 3.903296816015825767e-03 3.820974444298117379e-03 3.841448772978151016e-03
4.259141279159456978e-03 4.293213276071852595e-03 6.554133040988883475e-03 4.827031555642529240e-03 4.168295451477846240e-03 3.880813645679606454e-03 4.740930966081453521e-03 3.893461400289110422e-03 3.891594845513850730e-03 3.606219600487159914e-03
4.340648738779372649e-03 4.032008543000192673e-03 4.330542400995176025e-03 4.840712293492687238e-03 4.087311469594501027e-03 4.332114181225167442e-03 4.501674161372627714e-03 3.892065488206494436e-03 4.295172619077749013e-03 4.569769246757704115e-03
4.148669739855205540e-03 4.051291242635301007e-03 4.724782465749087154e-03 4.750876631206719068e-03 4.117653469926067442e-03 3.909681135696025517e-03 4.525098951598862176e-03 3.912320622428866641e-03 4.144437197854717800e-03 3.859088948462922452e-03
4.181420321024883688e-03 4.033987078332730222e-03 4.281855715303295104e-03 5.309878852040986023e-03 4.069108065796770042e-03 3.865932969878795207e-03 4.599006863937833700e-03 3.866546184461719556e-03 3.724049047268297458e-03 3.534271548615917739e-03
4.017519564386103602e-03 3.971341771709169417e-03 3.904441563291941551e-03 4.823861371842663032e-03 4.073935698462828256e-03 3.700108688852534172e-03 4.492216628014059424e-03 3.888610290229120928e-03 3.613566201232766908e-03 3.549140758627755340e-03
4.069509618069870258e-03 4.696143288770508219e-03 4.972240866222606831e-03 4.845234662335958994e-03 4.012708849622828935e-03 5.256062144087991252e-03 4.481467198998600847e-03 3.864226206254791577e-03 3.925987391854589281e-03 3.665164509249248942e-03
4.023659783534107130e-03 3.912491232730094456e-03 3.930715922365450934e-03 4.848909061240288219e-03 4.025502685080121351e-03 3.690256222868087098e-03 4.491957027808158101e-03 3.816449358154422322e-03 3.930856980922299050e-03 3.791186048460364402e-03
4.135230159306171709e-03 3.999868960054274100e-03 4.023954802131828566e-03 4.749665791210343907e-03 4.097479376527299148e-03 3.816940268464459000e-03 4.513423186327547056e-03 3.885738309265063337e-03 4.273940074460366202e-03 3.456830168085336160e-03
3.980919425357831720e-03 3.825057172803605389e-03 4.470350915942138646e-03 4.776992843235043293e-03 4.071568111548021923e-03 3.647308902841929403e-03 4.431450643765867843e-03 3.881653672427204296e-03 3.951802960405238763e-03 3.659244112544748125e-03
