6.527136719781977126e-02 6.187597386408037747e-02 7.090595022985804463e-02 5.388839069794614661e-02 5.795348811805413336e-02 5.542861882008174451e-02 5.724217144715106065e-02 5.548226844712574740e-02 5.527167993299814119e-02 5.455888521879343617e-02
5.804880042851642136e-02 5.888119763211367708e-02 5.452991485510206432e-02 3.553540784045425283e-02 5.036144852713276415e-02 5.088754814552184230e-02 5.144797329967240596e-02 3.941953893085141380e-02 4.804763278782160640e-02 4.871793615946774098e-02
5.326062007261681691e-02 5.735812638112574441e-02 4.477886286974372410e-02 2.452286900547208381e-02 4.315061105923868878e-02 4.690711188870231446e-02 4.767870271313168901e-02 2.978214181069229957e-02 4.351898662744722868e-02 4.567061990458587406e-02
4.946836424969170559e-02 5.635297570008306750e-02 3.612000810256019157e-02 1.827948043898144914e-02 3.652098264337303585e-02 4.316262231831560769e-02 4.499919691626445145e-02 2.334277926033778358e-02 3.990799233070128210e-02 4.337132625205260966e-02
4.613450826586367598e-02 5.582420691437369603e-02 2.909082825055181107e-02 1.558849618326508570e-02 3.063615765206333802e-02 3.953893850006131444e-02 4.274660588795391181e-02 1.879790005151976001e-02 3.596846166785935828e-02 4.057135063432085881e-02
4.324779330166530350e-02 5.491368498194462017e-02 2.403414162195450718e-02 1.428743358426701887e-02 2.578714392903009786e-02 3.561440737232704490e-02 4.049627974189239782e-02 1.568300358934829331e-02 3.176636065283304500e-02 3.735263465240565989e-02
4.072781395212686506e-02 5.398477696383237323e-02 2.049353498634776116e-02 1.326780549509885831e-02 2.222636232300168393e-02 3.187883388023173004e-02 3.857317065274908086e-02 1.343898906406020867e-02 2.807357459027895810e-02 3.387254374549378971e-02
3.880387934384679771e-02 5.309242119210667160e-02 1.823027853023367548e-02 1.231929712901396780e-02 1.958455472295270172e-02 2.706722396889748791e-02 3.658220563590001279e-02 1.186158433129486101e-02 2.553692399273181646e-02 3.061743868103967980e-02
3.668549267793403540e-02 5.218482779029734453e-02 1.653426529484762486e-02 1.175618697357556572e-02 1.781987919978935200e-02 2.267045141704182240e-02 3.441891711204147358e-02 1.075251042763377025e-02 2.345835008550512663e-02 2.780358840987773306e-02
3.508224875941875348e-02 5.142645205379992729e-02 1.531821375707231349e-02 1.153923805532939412e-02 1.652052066765054977e-02 1.954181975844952041e-02 3.213753122744104213e-02 9.995020761912451826e-03 2.158543122167461484e-02 2.535484399910546346e-02
3.358110563517852087e-02 5.013240921124194338e-02 1.409210341889146831e-02 1.108685699802926597e-02 1.573889521778503234e-02 1.721946123196379727e-02 2.949971905053889315e-02 9.526638380288212846e-03 1.990641760278970274e-02 2.327017226810774303e-02
3.233607206891148805e-02 4.903200767798877174e-02 1.324692241202997563e-02 1.071437535240085323e-02 1.438311469055904637e-02 1.569840437208017483e-02 2.624750608281786746e-02 9.062394577304247467e-03 1.834931340068961941e-02 2.149125633574260411e-02
3.132256012265141609e-02 4.761921025975204141e-02 1.239741345210764942e-02 1.030849374161996700e-02 1.350351247488301362e-02 1.470202941838742901e-02 2.363853854403893950e-02 8.827233790979511358e-03 1.691897191406068271e-02 2.001088703103649086e-02
3.042213190578336654e-02 4.614837771666398941e-02 1.176776674704213717e-02 1.010962562756336815e-02 1.283894139560379580e-02 1.397073665623989672e-02 2.160186024358875731e-02 8.475491226636679837e-03 1.553623653602015549e-02 1.882571695518482635e-02
2.992003688165611325e-02 4.477487535577566458e-02 1.091599497019548996e-02 9.812800727557169020e-03 1.203809622827302188e-02 1.363745522688268076e-02 2.028703123906308234e-02 8.300875156004616437e-03 1.430882318579705832e-02 1.785417741130264357e-02
2.895819439257883016e-02 4.317198688388974859e-02 1.034086883650591968e-02 9.613373789716080434e-03 1.137716299709342661e-02 1.306480795089483803e-02 1.931816787968683100e-02 8.016841424969030697e-03 1.312582971949929032e-02 1.704876221363225627e-02
2.821309109066307344e-02 4.156514358276292703e-02 9.759195961441334555e-03 9.615037985481045615e-03 1.094621606439809443e-02 1.265174009051049826e-02 1.860841260206712658e-02 7.881135553381355546e-03 1.205588561555028665e-02 1.635935361256923501e-02
2.755164222641020774e-02 3.975403895176354840e-02 9.431996049465074181e-03 9.099760813064806594e-03 1.040435766389778693e-02 1.230633910071383778e-02 1.790111887969641352e-02 7.674987350346908904e-03 1.099618509256872906e-02 1.583346546006562938e-02
2.679679111373269029e-02 3.792332378080220945e-02 9.029136683514994710e-03 9.183006290610022659e-03 9.787777889534127890e-03 1.214982052425466787e-02 1.737554356679598538e-02 7.604253462601009636e-03 1.025856213783790834e-02 1.537326662623874664e-02
2.612397538939058295e-02 3.601118068714021653e-02 8.410568463041417919e-03 8.851134822243715908e-03 9.360880942870641180e-03 1.176717388437682581e-02 1.684943764360177787e-02 7.410059497272489769e-03 9.458403043269053914e-03 1.506580443425604814e-02
2.572222933504042172e-02 3.374986949006698184e-02 8.213857831041844471e-03 8.631394075949015005e-03 8.944539924724645430e-03 1.162068581965546021e-02 1.641840951703351856e-02 7.273198418190263484e-03 8.810290841688698041e-03 1.460007701426435829e-02
2.495452124529248111e-02 3.167303479752090617e-02 7.864225998527797634e-03 8.735324052626251487e-03 8.549933858147016133e-03 1.129082223534231752e-02 1.598871598500730198e-02 7.145578247555305768e-03 8.386605985727683607e-03 1.431583873161483209e-02
2.427672999430216874e-02 3.005723462694070980e-02 7.503722854600874438e-03 8.488946144819960529e-03 8.225414565115090476e-03 1.103310447364755364e-02 1.557741607390342349e-02 7.362121614781599009e-03 8.112850611721957386e-03 1.409755512355885532e-02
2.360736732103545232e-02 2.856216786610741090e-02 7.155591441856529872e-03 8.284486919550320197e-03 7.870000564266102852e-03 1.080267846148563922e-02 1.538470863998172948e-02 6.926439700957633464e-03 7.965080768424099775e-03 1.383966666332457802e-02
2.324604998103333223e-02 2.685932889440757754e-02 6.920574455468124671e-03 8.063705849339113801e-03 7.593144584906136134e-03 1.047398257397660036e-02 1.502561736334282090e-02 6.782038843933487979e-03 7.388045026155993372e-03 1.365752705991217855e-02
2.250153786721844490e-02 2.538113247674288198e-02 6.676574617184801753e-03 7.980456863546463858e-03 7.367081724386597731e-03 1.022256952880614030e-02 1.455287538830020780e-02 6.844235846834874522e-03 7.238165960422922145e-03 1.348064873757386095e-02
2.199531303933318152e-02 2.385809048777811844e-02 6.536500598358081608e-03 7.973088124770372556e-03 7.092059236850246397e-03 9.928418952870997002e-03 1.433585095841929599e-02 6.649684853900524398e-03 7.044377528236753054e-03 1.330804431977652622e-02
2.157164007743947801e-02 2.230141766968469705e-02 6.273204426909137488e-03 7.762773376387747080e-03 6.867549890267377749e-03 9.573726166522461903e-03 1.396690636483474343e-02 6.509720492429263254e-03 6.846334351472468244e-03 1.320192662292843204e-02
2.119852352137380214e-02 2.074915617036392212e-02 6.099665207515312000e-03 7.671242191985764083e-03 6.790506145806117153e-03 9.277908831065113937e-03 1.374562177045207667e-02 6.451501056528226655e-03 6.537199370789639058e-03 1.309652224074905197e-02
2.057715316273455233e-02 1.927202780545188288e-02 5.968734072647416573e-03 7.573271618707841379e-03 6.630670540001210381e-03 8.985337284898902571e-03 1.357819054906754877e-02 6.360446700334483616e-03 6.471756345319846018e-03 1.311608580650755126e-02
2.011954942696947760e-02 1.784655666923661010e-02 5.829203206110683891e-03 7.458965677492176635e-03 6.464527302138266089e-03 8.898593710153010830e-03 1.333164927883665786e-02 6.230649744801652207e-03 6.380526738274355791e-03 1.278012901821631679e-02
2.061623809301097246e-02 1.602584978490500384e-02 5.711583435464591581e-03 7.387404238389530531e-03 6.395122589584462461e-03 8.514446617778783158e-03 1.340818886542881165e-02 6.156654602758368511e-03 6.411075976163006784e-03 1.272817997314079110e-02
1.939382320286692565e-02 1.421135224920974140e-02 5.555496087887247005e-03 7.396710257127225678e-03 6.276328907840527001e-03 8.321128619828879747e-03 1.303997177805205770e-02 6.084163552617509116e-03 6.129720009559925728e-03 1.274703986378219848e-02
1.898833206532336837e-02 1.243549084149627761e-02 5.473939009596621823e-03 7.402900287045905726e-03 6.124429476152887762e-03 8.114049994516843792e-03 1.284457814630106907e-02 6.039397628433796489e-03 6.013583493661389841e-03 1.254774521021315668e-02
1.874665692318943158e-02 1.087902321547890364e-02 5.380049566660207068e-03 7.233993070755093818e-03 6.073906913964431491e-03 7.922241711802243888e-03 1.279275330850811361e-02 5.966826294700919645e-03 6.083821041898496498e-03 1.233193366597932876e-02
1.842994837961901486e-02 1.034411662110181970e-02 5.246229306760281062e-03 7.058676921153211707e-03 6.041844026570554124e-03 8.320279244654915987e-03 1.244339782116967406e-02 5.873340374898062578e-03 5.945404401644260005e-03 1.221881507405543979e-02
1.774376163975645293e-02 9.998273674387152254e-03 5.145937087340145266e-03 7.120640780102492282e-03 5.725371520364772038e-03 7.593378945394054294e-03 1.248926774502502786e-02 5.827059717385615206e-03 5.803111647968105941e-03 1.215840404623672044e-02
1.748407120038987517e-02 9.506127564141805819e-03 5.066094857573840218e-03 7.287059292617991714e-03 5.545629073109240720e-03 7.562676798143383797e-03 1.216764434167271446e-02 5.792159294877975186e-03 5.977286029522888532e-03 1.208849971017134962e-02
1.720355782664143365e-02 9.325747347507164220e-03 4.979244542876980206e-03 7.037615787046185706e-03 5.518558301156808489e-03 7.265919685477068360e-03 1.208163389271186931e-02 5.782569681726393643e-03 6.070487837562281094e-03 1.194449283725462600e-02
1.682519310743584018e-02 8.906721135698091041e-03 4.900313958016049194e-03 6.943025381576115561e-03 5.515743203661703856e-03 7.118039598217159453e-03 1.184297909239913002e-02 5.649494653392103140e-03 5.585207131734001330e-03 1.186887292573789859e-02
1.642757763906291246e-02 8.740015189317501196e-03 4.844112998947797989e-03 6.812149627185840571e-03 5.366687556475551596e-03 6.959417211633965421e-03 1.171390127151551545e-02 5.607912864546787078e-03 5.714745901035731511e-03 1.184458074480100077e-02
1.632805513447818310e-02 8.379974605780392966e-03 4.774444287177210915e-03 6.741091457332735321e-03 5.360362251332558524e-03 6.822469117541738771e-03 1.170120103053029319e-02 5.528065534632749939e-03 5.569252755264117970e-03 1.166220153637383475e-02
1.596691136567408159e-02 8.193783077968169737e-03 4.733190576414238356e-03 6.715362845762172864e-03 5.186544685843613202e-03 6.667364748618728916e-03 1.151971573043694512e-02 5.480374389099366972e-03 5.629638469092697155e-03 1.172910552299864795e-02
1.566157725806224463e-02 7.906659383646952657e-03 4.675618972968358100e-03 6.427320377143213616e-03 5.179046151036262140e-03 6.513669783532390588e-03 1.137307329529212846e-02 5.426774396350730542e-03 5.560017776223150424e-03 1.149880694760889617e-02
1.520090561408169588e-02 7.642689114663421372e-03 4.590334321089504545e-03 6.510016289585624991e-03 5.085888537335554738e-03 6.385203815781104013e-03 1.160969195254387548e-02 5.359227609550651535e-03 5.595833911643798356e-03 1.144809693356693171e-02
1.516185075518790108e-02 7.383302416306344006e-03 4.544713054830215593e-03 6.412506846836358090e-03 5.166096650628789790e-03 6.230272305696889917e-03 1.111384310521999243e-02 5.316110701394279221e-03 5.426716647008974007e-03 1.132635396764465098e-02
1.550413655966983648e-02 7.195620147688010920e-03 4.542260964196952536e-03 6.269627783242573936e-03 4.900131860161365156e-03 6.099048272186882551e-03 1.101252812224472362e-02 5.285866635421848127e-03 5.396400180659951390e-03 1.124235062418041907e-02
1.453157937312682391e-02 6.976733080882198228e-03 4.487486918487029221e-03 6.275004806930118036e-03 4.930667641873615580e-03 6.005860871779579099e-03 1.102970814301823532e-02 5.203083603110181428e-03 5.400436982274262575e-03 1.116741427435979407e-02
1.425485305432759933e-02 6.792629448774976063e-03 4.396831903905885387e-03 6.134773520758418641e-03 4.947282932743672992e-03 5.823041459737261435e-03 1.090526687183365068e-02 5.165755151065466733e-03 5.406568127423705752e-03 1.117199229748297613e-02
1.401565396611613272e-02 6.604809836697997892e-03 4.354883241474049455e-03 6.277647170460851946e-03 4.764660224002515744e-03 5.862068241832612756e-03 1.084337679740229356e-02 5.113692030091949309e-03 5.286668757301367025e-03 1.098434807101685701e-02
1.388106818945398363e-02 6.463791805015419757e-03 4.320618892118351442e-03 5.987539017392779113e-03 4.797903125247441822e-03 5.597636575362688501e-03 1.069958732983359619e-02 5.152524016810518595e-03 5.467899603130950588e-03 1.092841440056890011e-02
1.361145258628715729e-02 6.300657359807450633e-03 4.276267174156900969e-03 5.982270558179840492e-03 4.678320177274724115e-03 5.552869009224156369e-03 1.057234232227038939e-02 5.089041314921303322e-03 5.331907810322754522e-03 1.081979199041492416e-02
1.342561472150719838e-02 6.387657941683848664e-03 4.250977173564353395e-03 5.852721573749179208e-03 4.718975931030880248e-03 5.409132193533356531e-03 1.073164628025396854e-02 4.979051128892704632e-03 5.295612096984967689e-03 1.075991858361121170e-02
1.333675727029687286e-02 6.148087604289778803e-03 4.202280269484950925e-03 5.825606547004649576e-03 4.629985196588927952e-03 5.295034748661719103e-03 1.042328804163728320e-02 4.977415366313059537e-03 5.189931781177743210e-03 1.067320480573238049e-02
1.309386833409567283e-02 5.883120214317651663e-03 4.169839217389135176e-03 5.867475181604666669e-03 4.589787424533513932e-03 5.220605610124165290e-03 1.037625148857441310e-02 4.905018582380862857e-03 5.263239433288595392e-03 1.063768869961176020e-02
1.285742406071699144e-02 5.794856574465310529e-03 4.141395107581252039e-03 5.682366607329614010e-03 4.625815839487841356e-03 5.170543146589243882e-03 1.028327919003922154e-02 4.931871990087082630e-03 5.165191527637325725e-03 1.053946848473243623e-02
1.259453433287938996e-02 5.676467786415576033e-03 4.145126895743468827e-03 5.585751588511995123e-03 4.465771466032016253e-03 5.245214948444607353e-03 1.021439773134226632e-02 4.910890769076464192e-03 5.245263348396547731e-03 1.043055364202243561e-02
1.274654980141898437e-02 5.564626612329796711e-03 4.088154244620970275e-03 5.637214772044720455e-03 4.444833321967038564e-03 5.134986895418070657e-03 1.023656063265255406e-02 4.789705976507827728e-03 5.170530587857474943e-03 1.039900786655679511e-02
1.218156220253248205e-02 5.487124472228191788e-03 4.048735081454302859e-03 5.562186086212233746e-03 4.448897037064379612e-03 4.922092706603669113e-03 1.007622427030176529e-02 4.748865354940458652e-03 5.315823415910437937e-03 1.028023205374653005e-02
1.202961094177588432e-02 5.376285889873699646e-03 4.065332968524334144e-03 5.443772596905470731e-03 4.450657302632900734e-03 4.801868854871160774e-03 1.005207399519720754e-02 4.751160976343638681e-03 5.222131143886148304e-03 1.024805045164589763e-02
1.173436636266360356e-02 5.322501991841981257e-03 4.108296378049615914e-03 5.441240943966719860e-03 4.648874900467487789e-03 4.778847618674104264e-03 1.015663996142438831e-02 4.804510444832152567e-03 5.080734519698040623e-03 1.019627505826400243e-02
1.162602863611950955e-02 5.235059115263378075e-03 3.976879904405982401e-03 5.307176401131388777e-03 4.275833512132031812e-03 4.685565518480490355e-03 9.920861444378752114e-03 4.664952106715859227e-03 5.321391215700759306e-03 1.034899299286596783e-02
1.137869520169475061e-02 5.171699674265651213e-03 4.007115832851528524e-03 5.359143499944755105e-03 4.286246383308886868e-03 4.630653103727354163e-03 9.837388642531419425e-03 5.100749027766947503e-03 5.141235000375176528e-03 9.994426150869447842e-03
1.133049393822647445e-02 5.085992861772757438e-03 3.925140256897098785e-03 5.290606743212870368e-03 4.241484342515906489e-03 4.549984398247015199e-03 9.792419372811684425e-03 4.877379234217596102e-03 5.075831274518658939e-03 9.992729635880215344e-03
1.106278884936718471e-02 4.995231907945790750e-03 3.989282679861676749e-03 5.168163963809142662e-03 4.186754544577640791e-03 4.567090608535341253e-03 9.718305236569885208e-03 4.736001222301988549e-03 5.118250127196349343e-03 9.875664151742831118e-03
1.088301750665971422e-02 5.022225036030883959e-03 3.899676979768923902e-03 5.104355411544552433e-03 4.215126145995884248e-03 4.429067986032882154e-03 9.688684609194269173e-03 4.643490101599207463e-03 5.018028084501285208e-03 9.772405450088554602e-03
1.062142897956387666e-02 4.871008011901808987e-03 3.861339839981428254e-03 5.662882839300207617e-03 4.129638409785029406e-03 4.444432810657220935e-03 9.605480299684946571e-03 4.476673418577693797e-03 4.932203065941032603e-03 9.741431870645933869e-03
1.060047108828488828e-02 4.833486575437993815e-03 3.842963549582219165e-03 5.038538434441695683e-03 4.142753797350703579e-03 4.330083808531093835e-03 9.565642668652564809e-03 4.545062114994116546e-03 5.017684920410422911e-03 9.659754933002133448e-03
1.018070280562580372e-02 4.746016832585655404e-03 3.827284402892041585e-03 4.925960895177880668e-03 4.149590654598574006e-03 4.266718481182790734e-03 9.483079328403894517e-03 4.464702867116183624e-03 4.860282802415580652e-03 9.596772321008362194e-03
1.012910781271136873e-02 4.719522537590811577e-03 3.806687464484698104e-03 4.961236518558658631e-03 4.150102727788538767e-03 4.220351358428508885e-03 9.507800235771090430e-03 4.445141899044885089e-03 4.871640958937947276e-03 9.599407125095424376e-03
1.047653189445901800e-02 4.644449553640291745e-03 3.811246935528727741e-03 4.861904610652499278e-03 4.126657956102815564e-03 4.168069943478967636e-03 9.556114605292681530e-03 4.488478753138134061e-03 4.837662941492974246e-03 9.457285478848971930e-03
9.865781293053809201e-03 4.608304446703649464e-03 3.775471683717193400e-03 4.830815684760356513e-03 4.028998859764519776e-03 4.117462832328167878e-03 9.480463360287778515e-03 4.322745784427611641e-03 4.811573618496159215e-03 9.358399192652678417e-03
9.459706930423318269e-03 4.613398831219518888e-03 3.764401500024120318e-03 4.900921636475995963e-03 3.971665423563737994e-03 4.199634390318889021e-03 9.257364972776320131e-03 4.302728023192555103e-03 4.791254225133207215e-03 9.317728679634117162e-03
9.274341746612574031e-03 4.519174264930969458e-03 3.737567781892348843e-03 4.686165564013466088e-03 4.020785787423104829e-03 4.045521343792512527e-03 9.265981654190921443e-03 4.268733425234191858e-03 4.877207110310716881e-03 9.396187732456541888e-03
9.082763937698839357e-03 4.514162052732392620e-03 3.727465653771361818e-03 4.646890681539877360e-03 3.944005669439874621e-03 4.015143502516558410e-03 9.214437862471143784e-03 4.238855661228019961e-03 4.743802416629176559e-03 9.201101012187918801e-03
8.928295856780552042e-03 4.457384016008254617e-03 3.804427878393773499e-03 4.605993411517718406e-03 3.906769425189618797e-03 3.978450727778303463e-03 9.124453104387598643e-03 4.207726130634526808e-03 4.758824898189429123e-03 9.094960325541624063e-03
8.770453923863313211e-03 4.415442045651353682e-03 3.702017508441501296e-03 4.542037730444098940e-03 3.904999158279039324e-03 3.948234071293303844e-03 9.224262439388210277e-03 4.174867452416573463e-03 4.768114990763634709e-03 9.068761557145870941e-03
8.530294866402773207e-03 4.423493861755828718e-03 3.717239954251487944e-03 4.967853840174271673e-03 3.913846941099374983e-03 3.900375739532294540e-03 9.010940385373448699e-03 4.183717095892755533e-03 4.832654636663476742e-03 9.315179667321012505e-03
8.385460750004096117e-03 4.388380315780225638e-03 3.672482825552652198e-03 4.576531086578763258e-03 3.970630147210938918e-03 4.075641920035182227e-03 8.940591989813605547e-03 4.151613018003172915e-03 4.667381764787801625e-03 8.947689138096293071e-03
8.168188389459296248e-03 4.301659626488938196e-03 3.663604617433349666e-03 4.654866178722850446e-03 3.908362945915827731e-03 3.834474245477010289e-03 8.904809263613689546e-03 4.086143806708634335e-03 4.916515021455062327e-03 8.969449769579588422e-03
7.990783706844962336e-03 4.297947113450985464e-03 3.641509561362307572e-03 4.442350936244094696e-03 3.923753507846643521e-03 3.849989395592480924e-03 8.839841720172103567e-03 4.081102428536964241e-03 4.932084647860681542e-03 8.816769068646510693e-03
7.813053086949985765e-03 4.276861400837187084e-03 3.641793328942875916e-03 4.464357112164020654e-03 3.852944654163854669e-03 3.842057762514335378e-03 8.779480215263443452e-03 4.084636625541771156e-03 4.777799939528263456e-03 8.762463964035984570e-03
7.644477837697510533e-03 4.209930390949063669e-03 3.614010743440368694e-03 4.338118304716314863e-03 3.819979262224967691e-03 4.045172867246627467e-03 8.876592446712851595e-03 4.103644451201993344e-03 4.711109657405313997e-03 8.707997543205444474e-03
7.541441683223038331e-03 4.196530986090766732e-03 3.623809072135661564e-03 4.311507156423255438e-03 3.793528018705157653e-03 4.043725041292146535e-03 8.692891917856751874e-03 3.987964882153445002e-03 4.564622637972267846e-03 8.658946599278389764e-03
7.522592632865238334e-03 4.150455024401994257e-03 3.600077911731327726e-03 4.780078041383826158e-03 3.862133777420875737e-03 3.764015355990261904e-03 8.607222061306221694e-03 4.060833589460581712e-03 4.753510629135726875e-03 8.590649277858119007e-03
7.197110419955795452e-03 4.189567828638747840e-03 3.581858877623572170e-03 4.202413349922463730e-03 3.730493802814655556e-03 3.699957022109353223e-03 8.555427068614141276e-03 3.967753032637980071e-03 4.599056701639810292e-03 8.536086235260151658e-03
7.054488700974909446e-03 4.097338729584815153e-03 3.592105359964929343e-03 4.181549737105531676e-03 3.739597692938157695e-03 3.628258097963776938e-03 8.533741972079024116e-03 3.929743872057290394e-03 4.503536466403047084e-03 8.713463300921965582e-03
7.081260321722901603e-03 4.073436876624137587e-03 3.563964676712796670e-03 4.138060770772682487e-03 3.750052821076345615e-03 4.011840721460912737e-03 8.519405635096311338e-03 3.913021621736837395e-03 4.746978596126621812e-03 8.496895368175711241e-03
6.813323846797623810e-03 4.169397167714079637e-03 3.549121793005905433e-03 4.136791326962359003e-03 3.685583987683153234e-03 3.594320037633653379e-03 8.461325147010175310e-03 3.946346376256422601e-03 4.570742575931180385e-03 8.396507992332208695e-03
6.613031143411887518e-03 4.036694266388897445e-03 3.542333089366662014e-03 4.367459648808615959e-03 3.884564898596807279e-03 3.616514264948675339e-03 8.413323378749794010e-03 3.936736077737197463e-03 4.667959653966842655e-03 8.329735271127470739e-03
6.473372462211480702e-03 3.994324165380868340e-03 3.531828844694004724e-03 4.476691158307663509e-03 3.759182505032483516e-03 3.795390570042469873e-03 8.301930418587106716e-03 3.938473302902981837e-03 4.447272293968959796e-03 8.331581225033893659e-03
6.363909696961943946e-03 3.942260383238437894e-03 3.521929125464145615e-03 4.148319538231638216e-03 3.662743522565728525e-03 3.824332872379954031e-03 8.216408026427394692e-03 3.846584804353682299e-03 4.497722290770602045e-03 8.356263834755916359e-03
6.253818104788757930e-03 4.009570469646473248e-03 3.514419442814810824e-03 4.350600491028066771e-03 3.808649027630955572e-03 3.559659567225841124e-03 8.156391105701607872e-03 3.861923077172953103e-03 4.454393991253050196e-03 8.157998181612771335e-03
6.175345675817394721e-03 3.935963520280262237e-03 3.510433609745464492e-03 3.980228415308530339e-03 3.726966401841235160e-03 4.087541605449880426e-03 8.103381482295241717e-03 3.779296615741443641e-03 4.510388470201217095e-03 8.183491847301306577e-03
6.088500979008982551e-03 3.888237077004024368e-03 3.501581975083802468e-03 3.950881321725047482e-03 3.647229960436411920e-03 4.060202174478364651e-03 8.031277907636562990e-03 3.767560720533567799e-03 4.404818179278396396e-03 8.051590221832599995e-03
6.012234943794505203e-03 3.855072696216326530e-03 3.608634895293887524e-03 3.840818368805418246e-03 3.664664416498305231e-03 3.582028568350455796e-03 7.999063433426881892e-03 3.753441473837737866e-03 4.348410562510583721e-03 8.054849364093051925e-03
5.854127517270282799e-03 3.862560847266858360e-03 3.574699018502516552e-03 4.131072630614616471e-03 3.687513743835773693e-03 3.823749972725897211e-03 7.907164183469008595e-03 3.936371155914737859e-03 4.608528475096801934e-03 8.062316069804613405e-03
5.934095934503509640e-03 3.841131714765323984e-03 3.476803342905067720e-03 3.795653945070048222e-03 3.662046602607607441e-03 3.570784344892172137e-03 7.866760158896922081e-03 3.809094331314181233e-03 4.358350050978812736e-03 7.917335829029413866e-03
5.719882120069162863e-03 3.857065605338044247e-03 3.548850043970178721e-03 3.787850193178289061e-03 3.978467012470498013e-03 3.632703812729408659e-03 7.810337348245259548e-03 3.692062656876267650e-03 4.360759558793613454e-03 7.903921577115615230e-03
5.609612994521485929e-03 3.774427161438356510e-03 3.499103644595594718e-03 3.775941209401738243e-03 3.636882216223352726e-03 3.407499148889518801e-03 7.742583071513534608e-03 3.665884389718762799e-03 4.418332494605377130e-03 7.860648893492222511e-03
5.516064246111078775e-03 3.798216911328452464e-03 3.457902413426314561e-03 3.806859322733956857e-03 3.579133674765702482e-03 3.397881585755182805e-03 7.671059708696015104e-03 3.647216119414270138e-03 4.315195715148335484e-03 7.750515512184082828e-03
5.440682292598579550e-03 3.787613605959523014e-03 3.454757884599233414e-03 3.831231133423379162e-03 3.639580332751884972e-03 3.349522987291725547e-03 7.640649142711768843e-03 3.637383984568047859e-03 4.315010299379159683e-03 7.739069883101637286e-03
5.354482130176674813e-03 3.764493761708636102e-03 3.446152914232217344e-03 3.700321956494386205e-03 3.602905319851254853e-03 4.092169236350414602e-03 7.550096555979018964e-03 3.625892590340188109e-03 4.380133228518046963e-03 7.695394508546607101e-03
5.275082311870914892e-03 3.738205616882878200e-03 3.475740825006486470e-03 3.746241236500494950e-03 3.654865058347171909e-03 3.449873475900422804e-03 7.534304790093543022e-03 3.615196140685481702e-03 4.216598490026039932e-03 7.648624256485177415e-03
5.210464409298740454e-03 3.720574296863183705e-03 3.419535629305320984e-03 3.870662084764907741e-03 3.644631660819902877e-03 3.665596620833368353e-03 7.403503885072991973e-03 3.630497495137005506e-03 4.436326927103739250e-03 7.580408386452102375e-03
5.159235212555655231e-03 3.695594162194628784e-03 3.439785507600272036e-03 3.731436241242356254e-03 3.556822415557282010e-03 3.466903938102211709e-03 7.387472915982818203e-03 3.607373708210728433e-03 4.228170161996029283e-03 7.529566753298954154e-03
5.136582250185680112e-03 3.653540306369217582e-03 3.414498296952319257e-03 3.657039536301432466e-03 3.532504761996559280e-03 3.380265139402448705e-03 7.274844420591729775e-03 3.598101751567213662e-03 4.262112442307274332e-03 7.474474494391112299e-03
5.022036170414803484e-03 3.680424693142744005e-03 3.405351577582119756e-03 3.546526278647562421e-03 3.507060900947001243e-03 3.313719283948796460e-03 7.222733494259006397e-03 3.531526125030697710e-03 4.230886339635002089e-03 7.497040564677016038e-03
4.945747581538325645e-03 3.661701876118254612e-03 3.461198211697782533e-03 3.577224524089169140e-03 3.634834641552089646e-03 3.433927310737430825e-03 7.160199004851666715e-03 3.523408462615227384e-03 4.194677675329026162e-03 7.436999022778546103e-03
4.903987170007203904e-03 3.639704934774451103e-03 3.396380082337528347e-03 3.515683759932364781e-03 3.557579244042298906e-03 3.302996050122274704e-03 7.100863611005528951e-03 3.511997372671947764e-03 4.583274764423215727e-03 7.454947769972279474e-03
4.852732870938036326e-03 3.652471509455296108e-03 3.416938468864666716e-03 4.236060526473824431e-03 3.569410869083597913e-03 3.330937525945816373e-03 7.037867971169850002e-03 3.489878214460416950e-03 4.488941708240797371e-03 7.473425919627602054e-03
4.782819019251840359e-03 3.772168095219670478e-03 3.385353724215438721e-03 3.549246313909459015e-03 3.499888050419916116e-03 4.519942054046125098e-03 6.978318585197536110e-03 3.515367515950176391e-03 4.126765192201018242e-03 7.326710443119278417e-03
4.757077221894322541e-03 3.563316017169210030e-03 3.389417646596279594e-03 3.740797913342463425e-03 3.532507863259089047e-03 3.669057790181067587e-03 6.922895514771653346e-03 3.453779634579369658e-03 4.199258008353916501e-03 7.281056569755524170e-03
4.690598233398716836e-03 3.545230863332527339e-03 3.402256185225100652e-03 3.652856367558962331e-03 3.501967185821703004e-03 3.282293948560215981e-03 6.859643577786514283e-03 3.488863398203841462e-03 4.306557520920498497e-03 7.222211370413786531e-03
4.742567451307329665e-03 3.533738188674849859e-03 3.384030492301896842e-03 3.431319239858190550e-03 3.512909383136344956e-03 4.123809431309682395e-03 6.805299475330746882e-03 3.446441824181330563e-03 4.387334677428787223e-03 7.296181626944913193e-03
4.579577606828170652e-03 3.508496186048344970e-03 3.427703816908515052e-03 3.540467239491446906e-03 3.585337013122822346e-03 3.888864723331215793e-03 6.751243856066226241e-03 3.413483039873229860e-03 4.114744145730364448e-03 7.162950789493327877e-03
4.579513620810855314e-03 3.536809533275340253e-03 3.371614317617527105e-03 3.501394191244600138e-03 3.480878666087528633e-03 3.284243259186673050e-03 6.687971162814038313e-03 3.453207326864604632e-03 4.112379490442581720e-03 7.131148772779653984e-03
4.522545207666016538e-03 3.513672876411298805e-03 3.399167682513319546e-03 3.476860922980073466e-03 3.778417725547185326e-03 3.402609126524582927e-03 6.669057124541249645e-03 3.392254614305165693e-03 4.005934951960678746e-03 7.061300164809262980e-03
4.482482058337710837e-03 3.513742149727879654e-03 3.402976277540788793e-03 3.409427008123030924e-03 3.461515008676352249e-03 3.343107052482155450e-03 6.617919574713507572e-03 3.380581171603595173e-03 4.088113605763671853e-03 6.994770368074186562e-03
4.479175116215369963e-03 3.494336717636200261e-03 3.435878268229552134e-03 3.668907936021406548e-03 3.493757389998561336e-03 4.546196332429112627e-03 6.572792061331368847e-03 3.378702559238023432e-03 4.273101699376864217e-03 6.966626488741725978e-03
4.397407863942858972e-03 3.487393090167344601e-03 3.403964899877116174e-03 3.371616762430555778e-03 3.438768671505834477e-03 3.291506063983283114e-03 6.469785596424113688e-03 3.349169886240346665e-03 4.007428478222902629e-03 6.990709557279243917e-03
4.370731372713541549e-03 3.464332446941742385e-03 3.456548857051262684e-03 3.321329847245116547e-03 3.508928927756138974e-03 3.393649696939618314e-03 6.425298969039057624e-03 3.348146534161090121e-03 3.978461014500311518e-03 6.891128976705187918e-03
4.362768325755907867e-03 3.588679816023381246e-03 3.344684578229940603e-03 3.355400675629777955e-03 3.459206514633929048e-03 3.252116746048498361e-03 6.342574826702770605e-03 3.334274652227930437e-03 3.946329858293143311e-03 6.841918233600708006e-03
4.297292252406432859e-03 3.448476897854229999e-03 3.400440039701345743e-03 3.292296532290711186e-03 3.432303065818220061e-03 3.799291333617693580e-03 6.295800659678916361e-03 3.426373442034469710e-03 3.992982004423105066e-03 6.828131572018981965e-03
4.319465719864979021e-03 3.432613120810853666e-03 3.334090689732943993e-03 3.247887147909333302e-03 3.424245840524727316e-03 3.342918287531458990e-03 6.322340431018505687e-03 3.339004918373255932e-03 3.938964757956607728e-03 6.862689733456417938e-03
4.257585238657842983e-03 3.400332435772542884e-03 3.325932639411781095e-03 3.419483048836766299e-03 3.420074196814958806e-03 3.755930840034820556e-03 6.183625772986698840e-03 3.341272118134326705e-03 3.941592126445181421e-03 6.797322835319621372e-03
4.214186146271524380e-03 3.442814203585445147e-03 3.340119583742845195e-03 3.242466728276366568e-03 3.406956664664564319e-03 3.177743792708069559e-03 6.124188594884619023e-03 3.284114643071590640e-03 3.897989443068573725e-03 6.678053718202191930e-03
4.178871537722715114e-03 3.392717125761089431e-03 3.327783688440057088e-03 3.445365131022593095e-03 3.511516418802152362e-03 3.250677127803111837e-03 6.070535026166062539e-03 3.314537693274758993e-03 3.919655356265965701e-03 6.655752237632462341e-03
4.199655562973305181e-03 3.353112932991195259e-03 3.399628158610341032e-03 3.387430209123077664e-03 3.421324832055120876e-03 3.404167620895214626e-03 6.024967735540484419e-03 3.362672981514613652e-03 3.926824668375539576e-03 6.613213794816965446e-03
4.159544526515939616e-03 3.425290693161789791e-03 3.422999522586554245e-03 3.304800463905555995e-03 3.520737878026522060e-03 3.230126419321329660e-03 5.971874713692253145e-03 3.252365534187005511e-03 4.067662762947058495e-03 6.566254337147803266e-03
4.117411049413646426e-03 3.333366286538822984e-03 3.316180302389757934e-03 4.032682885341579669e-03 3.414045180292008420e-03 3.268743360291120024e-03 5.951262735408301661e-03 3.242026130211644701e-03 3.992985784687879021e-03 6.527759441246700801e-03
4.093191341870631994e-03 3.372023562319719035e-03 3.337034842156408852e-03 3.164941444710610459e-03 3.410221730283445433e-03 3.307326779457167402e-03 5.978660132443591908e-03 3.260188876125680486e-03 3.991054077796857454e-03 6.501921258569440080e-03
4.086695057099225085e-03 3.308291205233705994e-03 3.393834436041872401e-03 3.592035668790338147e-03 3.430463600845707305e-03 3.120373547278727181e-03 5.845956369044172200e-03 3.213233953438077422e-03 3.825982449729936792e-03 6.446605815368676440e-03
4.097906517736173496e-03 3.308113641635073311e-03 3.352026054222557571e-03 3.269903771079755387e-03 3.376754044543614931e-03 3.163694534221662882e-03 5.817587673798620129e-03 3.233037096383825637e-03 3.963844450275005871e-03 6.402352365818428544e-03
4.032081336073212521e-03 3.393955581286038550e-03 3.352598047621818851e-03 3.785472959969772306e-03 3.456856477305644999e-03 3.290670458509810728e-03 5.741244060024812759e-03 3.190339241762733900e-03 3.807183183700997998e-03 6.404690255822797183e-03
4.046001146161445385e-03 3.428630931860824401e-03 3.379870010297041528e-03 3.075083096617523600e-03 3.554800481338229578e-03 3.321893470133719956e-03 5.703164002926312988e-03 3.193778499343118051e-03 3.819820684595087897e-03 6.516304217703422670e-03
4.071171476095385502e-03 3.286250579945426860e-03 3.314220321858402877e-03 3.392279019446684495e-03 3.379412389874509020e-03 3.323389695021722410e-03 5.657596638701526542e-03 3.187767751890661048e-03 3.902323335142949927e-03 6.513989827106719463e-03
3.961159542073686840e-03 3.344717666822675291e-03 3.282183017372682001e-03 3.288851864779336869e-03 3.439240520317131920e-03 3.224247442600749851e-03 5.618076742217828490e-03 3.182407006026913721e-03 4.121813099425436847e-03 6.283907996223542930e-03
3.965334988730247895e-03 3.237015578508101437e-03 3.319284444702724334e-03 3.129539816477739343e-03 3.376582421330948363e-03 3.113653444557087837e-03 5.699618002029029767e-03 3.158139390791600814e-03 3.866976240537412738e-03 6.343523792943917342e-03
3.944611338644902696e-03 3.220935181365478482e-03 3.278202863990243091e-03 3.094650221385677590e-03 3.419639062254200418e-03 6.435406321058918452e-03 5.563571513333940254e-03 3.162599293538384017e-03 3.929173282123046493e-03 6.385134740129645714e-03
4.012910740169577280e-03 3.277597628620469196e-03 3.317374204607345060e-03 3.343785036222567640e-03 3.386004685413293580e-03 3.181191465242148072e-03 5.498020325900505531e-03 3.186410081540208376e-03 3.774933947498083312e-03 6.237339232133178729e-03
3.935989758976207384e-03 3.187766165882773527e-03 3.267451641608461448e-03 3.209424327593845064e-03 3.349767366580081417e-03 3.073305551361491320e-03 5.474653729081909760e-03 3.187750999807492051e-03 3.745274142846494007e-03 6.124470334625770583e-03
3.921269248874657658e-03 3.192886026756971887e-03 3.330377087341333201e-03 3.058863520548017224e-03 3.425586660950335691e-03 4.588695731421232882e-03 5.453367138472105941e-03 3.128810646295613045e-03 3.713375947650433048e-03 6.084764820280880865e-03
3.866012316463322829e-03 3.199260831205300113e-03 3.268256817269899958e-03 3.016587929933051398e-03 3.357303701335897193e-03 3.160508430929089962e-03 5.424114188146326489e-03 3.113274158889566944e-03 3.789247591614618767e-03 6.181069665650846048e-03
3.896241393796653213e-03 3.201186940630858756e-03 3.279578119168200055e-03 3.089990808458649343e-03 3.347118962942629335e-03 3.122897870234635567e-03 5.370219947728643688e-03 3.115719509752395977e-03 3.698264179534838537e-03 6.035886203656629610e-03
3.832982522400045933e-03 3.474803239560971153e-03 3.264894997555508639e-03 3.051004608741379309e-03 3.346284014361311336e-03 3.081920406748969721e-03 5.354311288121422173e-03 3.155502979470984921e-03 3.851267488895814689e-03 5.990057582604055297e-03
3.817021875145871438e-03 3.151440714116192105e-03 3.262093991207036785e-03 3.216889202839385165e-03 3.334667341155436726e-03 3.070343662126916780e-03 5.298258188382769587e-03 3.136487789300618223e-03 3.678701289565584984e-03 6.036038531389347969e-03
3.810670620299233795e-03 3.141234664234566782e-03 3.255866182843610533e-03 3.010277972664449856e-03 3.340659365605143111e-03 3.828398353829573497e-03 5.267359037640092535e-03 3.084602131066167992e-03 3.769797095304915514e-03 5.957766778067570199e-03
3.783546199398802202e-03 3.153061715167185860e-03 3.253006527531860335e-03 3.058401560674808319e-03 3.312727413860786039e-03 4.528383992865248758e-03 5.325950975274141262e-03 3.079209441418742123e-03 3.642020133028392274e-03 5.959367880741165899e-03
3.772724361919147732e-03 3.294572999096336864e-03 3.283636264492441770e-03 2.913571974574365436e-03 3.364648996900323173e-03 3.517892167184250712e-03 5.201274106700552562e-03 3.133467616338813343e-03 3.652283066408069673e-03 5.896989454678395678e-03
3.776858006088530412e-03 3.138423988594335728e-03 3.254263397684269490e-03 2.995937670244462094e-03 3.313155113129214249e-03 3.259113551910158748e-03 5.173182127065230861e-03 3.084262843539511620e-03 3.786928094035787139e-03 5.863711787521887729e-03
3.840150808202525811e-03 3.149004490713733055e-03 3.280148655719621487e-03 3.464792516543203568e-03 3.375063949484635641e-03 3.120766426113716872e-03 5.163947682444001812e-03 3.097324091188746048e-03 3.614291201026129281e-03 5.830681575543452191e-03
3.743864243187787141e-03 3.124445515644344064e-03 3.295624083658671172e-03 2.956126212486013052e-03 3.340965530916307439e-03 3.279310178239301914e-03 5.111402488084254570e-03 3.062645215917452011e-03 3.622900486533850613e-03 5.816196000681448861e-03
3.738705932115752358e-03 3.172935073616450167e-03 3.403958931936740782e-03 3.246994743418834314e-03 3.302991656698913477e-03 3.519561846657684977e-03 5.098755676998712252e-03 3.041627418278571374e-03 3.721151931043672947e-03 5.768120937227881086e-03
3.775827095872207138e-03 3.120967168427820401e-03 3.239808898449654789e-03 3.057204443488044897e-03 3.445855212550596319e-03 3.357402305345621833e-03 5.107407373781311030e-03 3.055028285986778960e-03 3.629012858748579227e-03 5.744142911248341365e-03
3.702419588918209100e-03 3.173414331323029178e-03 3.256711803772741748e-03 3.148186145945460444e-03 3.330664187409281343e-03 3.074090761098974452e-03 5.022380889896180950e-03 3.025739425523852645e-03 3.625623017154320626e-03 5.832968223556545678e-03
3.746648827605687099e-03 3.130959262772095748e-03 3.250558267019250207e-03 3.891026524560397843e-03 3.437899521576645492e-03 3.317820733821358250e-03 5.001916342288419311e-03 3.018219624930650567e-03 3.655042537541384508e-03 5.749391331493988906e-03
3.692277978842600610e-03 3.168691400696214012e-03 3.248534436367141176e-03 2.938528494238240758e-03 3.315051694945547137e-03 3.136398137870775437e-03 4.975612843669764175e-03 3.101910262201786148e-03 3.758542709886189895e-03 5.822334840258889567e-03
3.683701997109595574e-03 3.160286545861688747e-03 3.246161342511726892e-03 2.887847594932696233e-03 3.320764948287036489e-03 3.265191093217976060e-03 4.952911574858666691e-03 3.053324934167239713e-03 3.672349252654987309e-03 5.637770446638849450e-03
3.664614326170442284e-03 3.083374223555190689e-03 3.257743370501602499e-03 3.385215279615551211e-03 3.304979384414521472e-03 3.189839644668601790e-03 4.940073217775240236e-03 3.012095278997098651e-03 3.535440585770677994e-03 5.633205470416531753e-03
3.657748865810560995e-03 3.132086159013578418e-03 3.251887126022958742e-03 2.891623742808357208e-03 3.289463340917426950e-03 3.079787019558520231e-03 4.907902315331135780e-03 3.001281699772171373e-03 3.548473618366784765e-03 5.574742316931713230e-03
3.755470318493555650e-03 3.072171646750527108e-03 3.246510906824577863e-03 2.948966040209082505e-03 3.289647672474358894e-03 3.042015697918730964e-03 4.932931651081077715e-03 3.007672131256544992e-03 3.564309192842794998e-03 5.601453154677861826e-03
3.701877231075987890e-03 3.095900091685322483e-03 3.228894086422724827e-03 2.946569503427933900e-03 3.292518035922202199e-03 3.815087271079612308e-03 4.856319783628237387e-03 3.010751335781560421e-03 3.718028122651941946e-03 5.467763872365226548e-03
3.625867644127364359e-03 3.108587857480711765e-03 3.223190487749179496e-03 2.903284591116577027e-03 3.285762656937265234e-03 3.407255296423144370e-03 4.908115396632144883e-03 2.974514621239378234e-03 3.495544989639569246e-03 5.497611826820322616e-03
3.631139333530111323e-03 3.081011113010821440e-03 3.212074395565628522e-03 2.845311811056626481e-03 3.394754619100767007e-03 3.141449834033777522e-03 4.809098572682627380e-03 3.034837825875623830e-03 3.512827477461743803e-03 5.495181773386656823e-03
3.641956532025489648e-03 3.209006298196071926e-03 3.285609781921977786e-03 2.931694224005184073e-03 3.255872357500664855e-03 3.031561051771539204e-03 4.800640887680624434e-03 3.003966867951461846e-03 3.622733718931082144e-03 5.422086465607453207e-03
3.616747940119573353e-03 3.049575974663827193e-03 3.237134893676905933e-03 2.963548668963495152e-03 3.310631705085683493e-03 3.115314241861565168e-03 4.775939220845377454e-03 2.966834607658187881e-03 3.452456063505978702e-03 5.411834378815310632e-03
3.638074537728792739e-03 3.043450302214499581e-03 3.238905541130725121e-03 2.865436146596513859e-03 3.276508175814654526e-03 2.980202779517836503e-03 4.773332719756715088e-03 3.092073699483429382e-03 3.611356599135185936e-03 5.393957505017425887e-03
3.614332960562780406e-03 3.039385181736953961e-03 3.238508039409505792e-03 2.822156387093204856e-03 3.258458977645059193e-03 3.369619631896819071e-03 4.810428334711123674e-03 2.961082385431501249e-03 3.477472706305703709e-03 5.353152183420564238e-03
3.578524252815132572e-03 3.058042662404690526e-03 3.270787221764504156e-03 2.850502411897415031e-03 3.362349632033259650e-03 3.030364161204556449e-03 4.697527247036746047e-03 2.981041390480646761e-03 3.501484147960632915e-03 5.349752162326867379e-03
3.597898735202031181e-03 3.073026387196929003e-03 3.249310438271172871e-03 2.871955368461551888e-03 3.405201426313844097e-03 2.980853008278435117e-03 4.680354173971550992e-03 2.952262748761756359e-03 3.442899002903052497e-03 5.296208964591418190e-03
3.590858130326940369e-03 3.023603195650582682e-03 3.254388394952664743e-03 2.909911485024082797e-03 3.284707998601785455e-03 3.046295948849194173e-03 4.726633062903108119e-03 2.930038078629826001e-03 3.414177591145837153e-03 5.280273612160262843e-03
3.566935409264291972e-03 3.224344219452702186e-03 3.205749243733409682e-03 3.100010638371491784e-03 3.276112560331975558e-03 4.408916413553808089e-03 4.653495367762856307e-03 2.947829308533162027e-03 3.470024998231987026e-03 5.255741602580671530e-03
3.569386450535393628e-03 3.043777278183987679e-03 3.255262143614929930e-03 2.823000875003636809e-03 3.245985084217218545e-03 3.112656012362601931e-03 4.627085248981934427e-03 3.005920639142766956e-03 3.399042394774505742e-03 5.242841766605057900e-03
3.542716831946333012e-03 3.074678734498449435e-03 3.261857876108862492e-03 2.790733519072647814e-03 3.238268688459909183e-03 3.088139066821922723e-03 4.627745997704686177e-03 2.909904386271072469e-03 3.405094999643273109e-03 5.196930939792831876e-03
3.641156430540025933e-03 3.011944886229977331e-03 3.246966244100302906e-03 2.777582397129885628e-03 3.248153442521181308e-03 3.595650970753801710e-03 4.603865738247018592e-03 2.902200441323190844e-03 3.638176055430864669e-03 5.307961865535365531e-03
3.543359523783956577e-03 2.986206146496988081e-03 3.195146108592924854e-03 2.983080789922222618e-03 3.293870992153692927e-03 3.175085151455917919e-03 4.600032313446326612e-03 2.894613729406662981e-03 3.375114882689009797e-03 5.157679114410500254e-03
3.535515752023609109e-03 2.989174025556450443e-03 3.196435664826424456e-03 2.801907817822788839e-03 3.335585756179283972e-03 3.359936660517272820e-03 4.590224994044411408e-03 2.884123195918374127e-03 3.350621831784677835e-03 5.147358132649472451e-03
3.556723887070653827e-03 3.005689253526583164e-03 3.198239000895973256e-03 3.288130327389161139e-03 3.238005191476331281e-03 2.993395728628325467e-03 4.535617852629794493e-03 2.917425961388562042e-03 3.372963769227801771e-03 5.133427382661391591e-03
3.614060112006863522e-03 3.028415493282996494e-03 3.226612257806269184e-03 2.954011956827204150e-03 3.261350258485337401e-03 3.208060514657273387e-03 4.536678273774934732e-03 2.886116537457883088e-03 3.428753468475226589e-03 5.092582906590836268e-03
3.520102096965591152e-03 3.023081431692891449e-03 3.225324018646663973e-03 3.090686098844919270e-03 3.242227264008722739e-03 2.938709011894878164e-03 4.505499092191822368e-03 2.871935534363444058e-03 3.402985537188594686e-03 5.083912451706634229e-03
3.522048444148798748e-03 3.042886457265359113e-03 3.188998340737321784e-03 2.799306724692944646e-03 3.258935256555217305e-03 3.393860777578885241e-03 4.491153919433986744e-03 2.864705757555717318e-03 3.336485269175103793e-03 5.036252044623519032e-03
3.503812029642515685e-03 2.974481277566123037e-03 3.200510922568137497e-03 3.071492746510785798e-03 3.221064755867268994e-03 3.629085964650645597e-03 4.480155696283426303e-03 2.889945133241848645e-03 3.536208024036348752e-03 4.997075868023333027e-03
3.547696028860377986e-03 2.992379152379160377e-03 3.215463434686207170e-03 3.152564980807200275e-03 3.252735826286444736e-03 3.092873317100864553e-03 4.472090604625760663e-03 2.860477754146514059e-03 3.332838988768596807e-03 4.966902080161785665e-03
3.509877693761988184e-03 2.991027008249872408e-03 3.184140544316221236e-03 2.785756284775499532e-03 3.475111853847648747e-03 4.772112433106928155e-03 4.446100837718892224e-03 2.852263412130356165e-03 3.279780666177374918e-03 4.954011767568684312e-03
3.502548313647818514e-03 2.976080656317529709e-03 3.220948157861440887e-03 2.736171275081498294e-03 3.429344753273257541e-03 3.017041687962974603e-03 4.442138759662474408e-03 2.867229458603628815e-03 3.577369251066836106e-03 4.952402360080993514e-03
3.546408078421547493e-03 2.951266574577838565e-03 3.205709449013359642e-03 2.863939783155707193e-03 3.243482496194735696e-03 3.165353332482335157e-03 4.405262457063211130e-03 2.860500781531645151e-03 3.264689532704452904e-03 4.907658566093538004e-03
3.492289368707236601e-03 2.989120839815118547e-03 3.191292436953861202e-03 2.823219363854778414e-03 3.233128798808073984e-03 2.921322594090705084e-03 4.430520521859919285e-03 2.954102462950494463e-03 3.268613297817852051e-03 4.904471438798248262e-03
3.609501529041012156e-03 2.949011433314428256e-03 3.207373726263278591e-03 3.842278090212753686e-03 3.203836163435624246e-03 3.090515382940393647e-03 4.370373066459194364e-03 2.853792628948886856e-03 3.228651833683117249e-03 4.933469813697835896e-03
3.469162175054552044e-03 2.971502616406033418e-03 3.189216731282603409e-03 3.303421985846894532e-03 3.314155979640246580e-03 2.951602504668861173e-03 4.381936524104795491e-03 2.858384686152723453e-03 3.234999497223966115e-03 4.870902158248937262e-03
3.488563030287976201e-03 2.928966160100957960e-03 3.200861450339144171e-03 2.717242788757773860e-03 3.385776757434542233e-03 3.507991913463658681e-03 4.426064110397362646e-03 2.830462915864005898e-03 3.226096338545075999e-03 4.839303370884460824e-03
3.477094955052849323e-03 2.943537103903042830e-03 3.199431703849475641e-03 2.774777748670434214e-03 3.211831015372995039e-03 2.990003564544280873e-03 4.325030719320249739e-03 2.832447990031310495e-03 3.259156613201484413e-03 4.850696056778872230e-03
3.473781090560132748e-03 3.187853362888018287e-03 3.188734437478959668e-03 2.697026826483522183e-03 3.282408783534476564e-03 3.320986518408758793e-03 4.325565187680245442e-03 2.875194810852735837e-03 3.287688521807618364e-03 4.755131092289505146e-03
3.659425591572361847e-03 3.000514179545182673e-03 3.207710057333468603e-03 2.685178586694362234e-03 3.306366115741967912e-03 2.869478333058753279e-03 4.311447324130778143e-03 2.826436405747496244e-03 3.414085759825988015e-03 4.810823712494698319e-03
3.489140400853902538e-03 2.988143772940275548e-03 3.169956443343292449e-03 2.747672515901334288e-03 3.222283514619170026e-03 3.068187487589127058e-03 4.293408746674381472e-03 2.995918827484474797e-03 3.201615230457692529e-03 4.726475474729640094e-03
3.472120881973574016e-03 2.971798005772669556e-03 3.164927966963386637e-03 2.689931148530687322e-03 3.212575101046475073e-03 3.019826240343563822e-03 4.271124847515689847e-03 2.811327571349254983e-03 3.219770063533495576e-03 4.697205813219054900e-03
3.581278892282123427e-03 2.936981564146151635e-03 3.164285719284288569e-03 2.790486823464270738e-03 3.200431655444824827e-03 2.945160973792923520e-03 4.274007169756750130e-03 2.804900751175393950e-03 3.179254208133667700e-03 4.754139552171346948e-03
3.452550538287065072e-03 2.992250525286102494e-03 3.217055270120187851e-03 2.834328565628206707e-03 3.201347918682336154e-03 2.909245339582455445e-03 4.243787995574263387e-03 2.805096119616328106e-03 3.154342078088882666e-03 4.701001723376676059e-03
3.451952665731387437e-03 2.939244145196544603e-03 3.212501620471282411e-03 2.678096685882751671e-03 3.280435532369645711e-03 3.753413714290648046e-03 4.236971769916962616e-03 2.880977312328047383e-03 3.202394745914506711e-03 4.683788452788753900e-03
3.450281062322580611e-03 2.956892038159613083e-03 3.166752084111940178e-03 2.749032197386142799e-03 3.229873533240727908e-03 2.859711167402857659e-03 4.214567007924240050e-03 2.791604268291628978e-03 3.181831306401178283e-03 4.678796479683743070e-03
3.450048824490687793e-03 3.000711469527678546e-03 3.155555383543275257e-03 2.668673552995138708e-03 3.208774975642093765e-03 4.189730313306988009e-03 4.200561473798213562e-03 2.826941687338204064e-03 3.130048786606662910e-03 4.781754067268884946e-03
3.581889760212775969e-03 2.922972139842685418e-03 3.156672097274105127e-03 2.955229611686442139e-03 3.317168395473060662e-03 2.963343809687562884e-03 4.198286406277760424e-03 2.788164153590479838e-03 3.172195421138683438e-03 4.609870769109843808e-03
3.427496917039289052e-03 2.896660511116545909e-03 3.151268795234586553e-03 2.616189921386627686e-03 3.179820032339434385e-03 2.957936978748200961e-03 4.172124387744523266e-03 2.786040735421950378e-03 3.105147251895093267e-03 4.640967699455554422e-03
3.417321241067913969e-03 2.957316961669105657e-03 3.267792152698054120e-03 2.925463892130696682e-03 3.443665802085796486e-03 3.086568307070442895e-03 4.163256757118565486e-03 2.871679543291421211e-03 3.197311518516425966e-03 4.557126977281154324e-03
3.483333304322229658e-03 2.905215577759443207e-03 3.147109011672553913e-03 3.200179522432781108e-03 3.177249666423519713e-03 4.194057832681714545e-03 4.265780439992014443e-03 2.790524743802175623e-03 3.081507369062674341e-03 4.699075511194362488e-03
3.415061807497584475e-03 2.908182878954167737e-03 3.187890257083666502e-03 2.976158115794175912e-03 3.173760693669597319e-03 2.957628561659134472e-03 4.131974821659422856e-03 2.783696817826391244e-03 3.185985307761238054e-03 4.547497603823617146e-03
3.423825134671275999e-03 2.894311271195883998e-03 3.183767248057819618e-03 2.672477973279202817e-03 3.213982494633744330e-03 2.909724827816642309e-03 4.116567153519413991e-03 2.776157350006606614e-03 3.078634564511960846e-03 4.686706580882092112e-03
3.474281752701124156e-03 2.937155709411675125e-03 3.237517698309668856e-03 2.674171628288331444e-03 3.200075148100908849e-03 2.874525319021947918e-03 4.142183688848276833e-03 2.782640554409824326e-03 3.335171397412581198e-03 4.484138645200760366e-03
3.403197031870515074e-03 3.013655759107009956e-03 3.210357629247609802e-03 3.226538611878352822e-03 3.382057389339696279e-03 2.976528159946258047e-03 4.096540604614730754e-03 2.775064337297621954e-03 3.044759822332016464e-03 4.470291078998355969e-03
3.490710809554001693e-03 2.926393993148724507e-03 3.141502843406739857e-03 2.649557294665545737e-03 3.186198187046587315e-03 2.877055071817545290e-03 4.086713341603518540e-03 2.778317637570585068e-03 3.109816621613322504e-03 4.469181033017420417e-03
3.495162219727979743e-03 2.991546778519613668e-03 3.215705433579113710e-03 3.144111727777897190e-03 3.194177269779265201e-03 3.039253506984275315e-03 4.081700794780634273e-03 2.767425274888012099e-03 3.198606300696279180e-03 4.429433827222098094e-03
3.437824573997837457e-03 2.940053952455825344e-03 3.196458143072122837e-03 2.591057095917442300e-03 3.228515008419573576e-03 2.850223578142298177e-03 4.056494874475877893e-03 2.800533732294976409e-03 3.084701581802430041e-03 4.399127673184983524e-03
3.417771161362584756e-03 2.901574289409031976e-03 3.157432920029112737e-03 3.165328647024053497e-03 3.181070245071456436e-03 2.871513091512583118e-03 4.052033660425984757e-03 2.761627522499054011e-03 3.034120518548510080e-03 4.674720680916986254e-03
3.540036321575100627e-03 2.855201086037064979e-03 3.135796797821424967e-03 3.492748791733151642e-03 3.165914872709623892e-03 3.223496178638232419e-03 4.081236926427935473e-03 2.783587878359176319e-03 3.030937998738862053e-03 4.476461667488355542e-03
3.393411702119313901e-03 2.917506621525678846e-03 3.236098881408787722e-03 2.656013258665842255e-03 3.199218331716789220e-03 2.852670307278197970e-03 4.082322365856855435e-03 2.748938650562604471e-03 2.991542340654986670e-03 4.363307851247085270e-03
3.419910335406385789e-03 2.896550109470404869e-03 3.150448443069618458e-03 2.552756895460809878e-03 3.159881133869955287e-03 2.862991949078502046e-03 4.012653361666462110e-03 2.746479747491474988e-03 2.984396688320744857e-03 4.398548474612945687e-03
3.415159869969213498e-03 2.890097653466479170e-03 3.235650569288667060e-03 2.555153092248802025e-03 3.194151756120245517e-03 2.934252531005922867e-03 4.004853050678980168e-03 2.778596873367797718e-03 3.147754451814696770e-03 4.391239482736892900e-03
3.394735372653012034e-03 2.906435696145964840e-03 3.147860814156888763e-03 2.815361028269684936e-03 3.219295699980030592e-03 2.822234159683383991e-03 3.996320329926317423e-03 2.742331933427463123e-03 3.089659185974708098e-03 4.356842405518261858e-03
3.451351221738918097e-03 2.902997125023399662e-03 3.148619412303849119e-03 3.274006741580304854e-03 3.198855673107739699e-03 2.896086557641903547e-03 4.048270665521597547e-03 2.739514682279926752e-03 2.977529094558783139e-03 4.349124549912945260e-03
3.393090351275539988e-03 2.886002090873337426e-03 3.165392114601468885e-03 2.632815535674091177e-03 3.155564811474369496e-03 2.995196748867024698e-03 3.981248985844868145e-03 2.741191595817215904e-03 2.971561909083788016e-03 4.284170367795875692e-03
3.377766072270028865e-03 2.944145728379483472e-03 3.173904698039307741e-03 2.563064255428268694e-03 3.190047114394322682e-03 3.067618897119895986e-03 3.993450506409847167e-03 2.736910257213415448e-03 3.162745260264961718e-03 4.250457620837417086e-03
3.401207893422790885e-03 2.898201197389147117e-03 3.131452327456115889e-03 2.610964966902913544e-03 3.219007732987646565e-03 3.574175018126647934e-03 3.972156591247672473e-03 2.733235669896296512e-03 2.961828053870434272e-03 4.227571870858298081e-03
3.368052811120835714e-03 2.849844820045321827e-03 3.121970162324769465e-03 2.549777698330906589e-03 3.255723900059644734e-03 2.908567062400313138e-03 3.960231659671261013e-03 2.728741097415109205e-03 2.965216286254309004e-03 4.426170706032059310e-03
3.374724990138629459e-03 2.875007234398486034e-03 3.154745308031040810e-03 2.911384439086441185e-03 3.181226989409117242e-03 2.888172085315036334e-03 3.938142291101238111e-03 2.782791457579338306e-03 2.981475093873250243e-03 4.277362386599879544e-03
3.390343786809819644e-03 2.868956395216430092e-03 3.263932139131837332e-03 2.657436289480842508e-03 3.212480088787849665e-03 3.113682935189945444e-03 3.945701772983849047e-03 2.770988379213796052e-03 2.932390957116153257e-03 4.213040903199317781e-03
3.440113023087364771e-03 2.944675711042884191e-03 3.127604111244317552e-03 2.690423567916885774e-03 3.164469931995393236e-03 2.845895584740011815e-03 3.924448716035762452e-03 2.718463816033223155e-03 3.217026720379742837e-03 4.204783475753180039e-03
3.365233811956267872e-03 2.844566342891828841e-03 3.189177615750274190e-03 2.685816113075693064e-03 3.193683643804694564e-03 2.860707692789290438e-03 3.921973414003203720e-03 2.720171539657544740e-03 2.937489257234289584e-03 4.183755959902752709e-03
3.426958987782732693e-03 2.861633658343085054e-03 3.147945244103394699e-03 2.755404797870176104e-03 3.266689209933033335e-03 2.936657398955925223e-03 3.907105443952985611e-03 2.755739462094240148e-03 2.909366160771992109e-03 4.227587445723137750e-03
3.474582297470843462e-03 2.845190957421765612e-03 3.165965859601072366e-03 2.538198600611646545e-03 3.158202626509421743e-03 2.850358117771917537e-03 3.918076979606168256e-03 2.756658578184419985e-03 3.051230582099232792e-03 4.119490903140041009e-03
3.404003654512200144e-03 2.848992656406911309e-03 3.146497263124598768e-03 2.783006039209673897e-03 3.208904490893328861e-03 2.939180165003723363e-03 3.878631321638625461e-03 2.715949482062218322e-03 2.993474658496227906e-03 4.358975182341224761e-03
3.374959501483411946e-03 2.984100487074994000e-03 3.129094304313084513e-03 2.588129204894517362e-03 3.150116555414281087e-03 2.934801353821017960e-03 3.916019937036620789e-03 2.720224334053469167e-03 2.942966459703156602e-03 4.130635898458558108e-03
3.371134458382435330e-03 2.961080353440024692e-03 3.149457866012389442e-03 3.374802694747069867e-03 3.236507375121811230e-03 2.950462534610425857e-03 3.861464568957605203e-03 2.802020304803789531e-03 2.941442194531074684e-03 4.107013975569439104e-03
3.365906229374175575e-03 2.846076345492476543e-03 3.115437177554601644e-03 2.573775858757277029e-03 3.211215987926578121e-03 2.796232627978958388e-03 3.862807308996933295e-03 2.713666172772789993e-03 3.031342105592656818e-03 4.059810284702250124e-03
3.357208398220947951e-03 2.875507214771348945e-03 3.156254336672251106e-03 2.535755093014795299e-03 3.196000123676362610e-03 2.778669461298591443e-03 3.876204765757379662e-03 2.739873557334926782e-03 3.485341805489981879e-03 4.151416911073567938e-03
3.411505901554386273e-03 2.830000841185259953e-03 3.208566758139208899e-03 2.525250698138138163e-03 3.167763089876112284e-03 3.027887170358202745e-03 3.834748960377290950e-03 2.697153513301138450e-03 3.007402097079247150e-03 4.043859631594334467e-03
3.351347946202796416e-03 2.845788346729263927e-03 3.140895021356679764e-03 2.622594259035832941e-03 3.149391547094300067e-03 3.243165922348346681e-03 3.852273185438885843e-03 2.729614079063071193e-03 2.876421589817282787e-03 4.220194858526736710e-03
3.372048321908774262e-03 2.827552405911155919e-03 3.127875244003377412e-03 2.513516319966930482e-03 3.185904180567424547e-03 2.803551453285520710e-03 3.842735117356917054e-03 2.702329748437448144e-03 2.968416043736927471e-03 4.028304978024422646e-03
3.356697338028324148e-03 2.891354608448892024e-03 3.114975470823317695e-03 2.631083737910841578e-03 3.141560223377970473e-03 2.810271176044661090e-03 3.931404485833813606e-03 2.709121258181288079e-03 2.877204524192216069e-03 4.038337670490708443e-03
3.465121835061563994e-03 2.819664084171357322e-03 3.173083083148825652e-03 3.053048781470067523e-03 3.177547518069485065e-03 2.860867551252634696e-03 3.864227567753275843e-03 2.699807102922042665e-03 2.862716059007228316e-03 4.114979031837861720e-03
3.340701881704423622e-03 2.824978523000903994e-03 3.167741628748837242e-03 2.523489041535581252e-03 3.284797672048834442e-03 2.799566877545982355e-03 3.795582803478313432e-03 2.716317727153571074e-03 2.916315601491336826e-03 4.000301101567887291e-03
3.350613300834583488e-03 2.814001646468526716e-03 3.106439313969425447e-03 2.714270899299309463e-03 3.184562951911028891e-03 2.932828577547851728e-03 3.806670932643453631e-03 2.694951726986507569e-03 2.874147198023156973e-03 4.018222667361194197e-03
3.341538589694085896e-03 2.873550843388063269e-03 3.136860844362057699e-03 2.842445561445724848e-03 3.263307622694893492e-03 3.089823947986352400e-03 3.794409191028752602e-03 2.689761650538687737e-03 3.074673265313397977e-03 4.020741459977540851e-03
3.338609195705441630e-03 2.820593961841318977e-03 3.117837159484735353e-03 2.487958460830729662e-03 3.204882814525385551e-03 2.818098047087125649e-03 3.764313191770928598e-03 2.745463353013757185e-03 3.353022233289474751e-03 4.002204041003654990e-03
3.335797497136331821e-03 3.147984358214007874e-03 3.113725830497840984e-03 2.518925867856085590e-03 3.154272900538177948e-03 2.832949012525414270e-03 3.783481750113414088e-03 2.682075864232388689e-03 2.861932142556635091e-03 3.939781765738869720e-03
3.358432093588295270e-03 2.811296124764920638e-03 3.108139396474790712e-03 2.501661215981799361e-03 3.167256767223692367e-03 2.864524806181686749e-03 3.753162448202423517e-03 2.679120951006216597e-03 2.914144275099875194e-03 3.963792566735984367e-03
3.342684915222404220e-03 2.823908610409842437e-03 3.181671470236266657e-03 2.553169997159719477e-03 3.145942166499548619e-03 2.874728003808549835e-03 3.746959349591683953e-03 2.764775403974783878e-03 3.048298250866076243e-03 3.991090824803169429e-03
3.413086951017086767e-03 2.937337971048219632e-03 3.180780269239234445e-03 2.665056876861752761e-03 3.268281972490863930e-03 2.899972379640126420e-03 3.740540221318607202e-03 2.699803306931826928e-03 3.011380025685145984e-03 4.128450720210326795e-03
3.360524420028926287e-03 2.876072545811883020e-03 3.101515415537888821e-03 2.771891396218827998e-03 3.294743592697262514e-03 2.801801132834849054e-03 3.731104789433814170e-03 2.698488724131314995e-03 3.140764980703376463e-03 3.924011623231373445e-03
3.337460317994242909e-03 2.841183770566997092e-03 3.092839878167653184e-03 2.977246710509709460e-03 3.142640345081305474e-03 3.558374887851377486e-03 3.716793466457623749e-03 2.671013110308994437e-03 2.874305419219566355e-03 3.912549417645051764e-03
3.328213191329502160e-03 2.930165090037416958e-03 3.085760837229105814e-03 2.548236379265370576e-03 3.112025438033475411e-03 2.795680848623726886e-03 3.714637461997051960e-03 2.677008903222800190e-03 3.291350846148123101e-03 3.920664597269475117e-03
3.368910360551021464e-03 2.794032002508190816e-03 3.127868531229669857e-03 2.613878419707549999e-03 3.131706809823994481e-03 2.765822456537248789e-03 3.798836793393469725e-03 2.676146580863440587e-03 2.843527980572783768e-03 3.948192519452247383e-03
3.347504204701538116e-03 2.860704445608474103e-03 3.097807136822644525e-03 2.494214998654609335e-03 3.175826173168454485e-03 2.936701283461473806e-03 3.708959526306572930e-03 2.693714206817885565e-03 3.215202643237230311e-03 3.852838987292866741e-03
3.319608544730194479e-03 2.804558517582288624e-03 3.175945591419184356e-03 2.484523439635327475e-03 3.132240637266543032e-03 2.766726423231054104e-03 3.708457937537927573e-03 2.695606296298950783e-03 2.861779852551400629e-03 3.935104566004092586e-03
3.316120004510954202e-03 2.806895727605803522e-03 3.137368895584651332e-03 3.067926042866233032e-03 3.148267560842187528e-03 3.207014154427742948e-03 3.695868709704724399e-03 2.671133846373143893e-03 2.850705407227795574e-03 3.879568405899882187e-03
3.334612899817682424e-03 2.905146026195987163e-03 3.156702904531093635e-03 2.549054053762770961e-03 3.121980531809947969e-03 2.749124270094431555e-03 3.733525681847175200e-03 2.682717188654348047e-03 2.810713773170422491e-03 3.819678211034205264e-03
3.338835347469584422e-03 2.816865791423142727e-03 3.089725772763581620e-03 2.567606723825510435e-03 3.144107847119332732e-03 2.796294144969206294e-03 3.671913689355942294e-03 2.668635944689542235e-03 3.001205220946902112e-03 3.837775839230862188e-03
3.400976734435936545e-03 2.812933036137872309e-03 3.154962227262074481e-03 2.599905599036359156e-03 3.193532128674749036e-03 2.945250106463125159e-03 3.705579891166159608e-03 2.689241794383353135e-03 2.903337743737284624e-03 3.972500079303387978e-03
3.330409181694611066e-03 2.787578800316556273e-03 3.111431162448860793e-03 2.601266700334559957e-03 3.138289257071621638e-03 2.768359221421221386e-03 3.652065085125450437e-03 2.710231505849319909e-03 3.124178413123264355e-03 3.780420186549680699e-03
3.356010708550000339e-03 2.774743966978498663e-03 3.079185068210290623e-03 2.646259630762697046e-03 3.099092022423346506e-03 2.876871750475676424e-03 3.677564289813056286e-03 2.680827775347182935e-03 2.854616232031279965e-03 3.922677062344845714e-03
3.302260437923616211e-03 2.810015186030972219e-03 3.144803573368249849e-03 2.526389782699404399e-03 3.119827517360622589e-03 2.906651131097810672e-03 3.641719776821018828e-03 2.655170403757343197e-03 2.838042993301270918e-03 3.857227410047878863e-03
3.384402998579919605e-03 2.739559602543776076e-03 3.170773032346860861e-03 2.924499596123524350e-03 3.132352828997465432e-03 3.090095754424846981e-03 3.635115605424572849e-03 2.672355056439093372e-03 2.849143066142621489e-03 3.790658374519003618e-03
3.307907077635483667e-03 2.833436112865100453e-03 3.092963954597858448e-03 2.719860090281557563e-03 3.138558026790151754e-03 2.796720172476481817e-03 3.624051740212868959e-03 2.656080782466721524e-03 3.182085473976294706e-03 3.770532929143784531e-03
3.384673418939949073e-03 2.842083308377936490e-03 3.107385829576727026e-03 2.471008644339335158e-03 3.313187901760646613e-03 2.728636796780399467e-03 3.618565837191544191e-03 2.666684126377902395e-03 2.796875852345684799e-03 3.753545117908783924e-03
3.295382496204258150e-03 2.762191480695509217e-03 3.095179681199719014e-03 2.486311222682595617e-03 3.109790772152884897e-03 2.856455843638496667e-03 3.682712528759463609e-03 2.661903916882425638e-03 2.836286433149529194e-03 3.765777072696447920e-03
3.310918011122608844e-03 2.931158780495761451e-03 3.074327560915910036e-03 2.553031803802888276e-03 3.161261275375229843e-03 2.723034449505998007e-03 3.619301075080932906e-03 2.666671329641293661e-03 2.976737952122303441e-03 3.755425584986939701e-03
3.292331783145779033e-03 2.850231707766568822e-03 3.148275884013492041e-03 2.617356517306776344e-03 3.263775371105802348e-03 2.955276792840705585e-03 3.754275541689284200e-03 2.670786458019949305e-03 3.240902642838118172e-03 3.734675317206156107e-03
3.301835996977605867e-03 2.773973856475401342e-03 3.152355369310587234e-03 2.466400556376762906e-03 3.180991350351150201e-03 3.043612238148140758e-03 3.597271487761927612e-03 2.678878989014279316e-03 2.813896217836886742e-03 3.771462585396351784e-03
3.350886559487684449e-03 2.756596127312308745e-03 3.163941323248790991e-03 2.446165677167586906e-03 3.106984523397853405e-03 2.843115440399553422e-03 3.592026897185837675e-03 2.646445276417472552e-03 3.180242935204611026e-03 3.752496765898880472e-03
3.299901445396974560e-03 2.790153189146560905e-03 3.071217065383968856e-03 2.437201733255033899e-03 3.190338474233618549e-03 2.811829174776946886e-03 3.647364377125746591e-03 2.659594176354721992e-03 2.829203540276202002e-03 3.763727796936088433e-03
3.294156301664076438e-03 2.775710979447344219e-03 3.067472275007837590e-03 3.049528347735274304e-03 3.115961700680571714e-03 2.741743789248250133e-03 3.566652615843818666e-03 2.642878816050210893e-03 2.824940635519323107e-03 3.704601866757657909e-03
3.335267733605817419e-03 2.806318391407403370e-03 3.071555151879538145e-03 2.397574539767170602e-03 3.114691171459331269e-03 2.960877361292246334e-03 3.584188681626652561e-03 2.686961753879443544e-03 2.939687609793117332e-03 3.720535173303311446e-03
3.346388938830703770e-03 2.776132486426987830e-03 3.067278322497783358e-03 2.473547833929615452e-03 3.103045310077946848e-03 2.963876111824573310e-03 3.570383726078469808e-03 2.719137144928911263e-03 2.784233839589028182e-03 3.939376925474256767e-03
3.325420199430266944e-03 2.764295685105500923e-03 3.097621370131197448e-03 2.421639500560694193e-03 3.138755211441488467e-03 2.718682462211130958e-03 3.580435129015180351e-03 2.658371614215159721e-03 2.898910546769753373e-03 3.734020245663912611e-03
3.298266682144097937e-03 2.780348690240239725e-03 3.227178851429231190e-03 2.423797633535914806e-03 3.115878155118502121e-03 3.356808340517631207e-03 3.579149266595442556e-03 2.653438045976258108e-03 3.020409181185274190e-03 3.662080013819817102e-03
3.323514537988998038e-03 2.736523296821391071e-03 3.218764593593796772e-03 2.465515455454810739e-03 3.145499260491676791e-03 2.761500952182037710e-03 3.591339848501451208e-03 2.689285364548755358e-03 2.835044752327345059e-03 3.903955251511105531e-03
3.319370331457187524e-03 2.808672064878363437e-03 3.103246270140622588e-03 2.400515655296718998e-03 3.123575007869524005e-03 2.728339109602984872e-03 3.532243024045108801e-03 2.679060358510051108e-03 2.818113240769894168e-03 3.814941008000764192e-03
3.268943044241452798e-03 2.738285866037777107e-03 3.080129964657534001e-03 2.611084710063597825e-03 3.102568341539858020e-03 2.867882386614130450e-03 3.541231479520528906e-03 2.665260115834997869e-03 2.795662150744415621e-03 3.629871692119259700e-03
3.289932324468420634e-03 2.764832194680901228e-03 3.148312370308590114e-03 2.467463953678222799e-03 3.094453132573633542e-03 2.721333968688327727e-03 3.517165310732815395e-03 2.674508783581593628e-03 3.240523702564783188e-03 3.671974001914686449e-03
3.432513574534139331e-03 2.770197888908919413e-03 3.053451138593534214e-03 2.471684254794007107e-03 3.112440187489951687e-03 2.752296736665718006e-03 3.527536593712858777e-03 2.627900841904751931e-03 3.035444945442744048e-03 3.778537745472657344e-03
3.284465697136703267e-03 2.732806987992134670e-03 3.103721708330212017e-03 2.379147820992836507e-03 3.091860053354188349e-03 2.716848981427277127e-03 3.512043086806587808e-03 2.626878811969205439e-03 2.872501950871427564e-03 3.720520181858163241e-03
3.320222957829497851e-03 2.738519799379977599e-03 3.085539339008115407e-03 2.409127267811121426e-03 3.131056232752001383e-03 2.880004700975698738e-03 3.541764658140751296e-03 2.635338002437157337e-03 2.845602366250761083e-03 3.609491860628921255e-03
3.372842263703766316e-03 2.744863870236849759e-03 3.049657961423700523e-03 2.592770348760258838e-03 3.101334247883256318e-03 2.690824372040442804e-03 3.537342389324932713e-03 2.637715051689638792e-03 2.740861584269726169e-03 3.605601853480958161e-03
3.265188976566895090e-03 2.731047122737626821e-03 3.073919853587358392e-03 2.436500370072970396e-03 3.119750692545082606e-03 2.776618712311377645e-03 3.493211312395120595e-03 2.619388859427319513e-03 2.763909800640248268e-03 3.629732228823838447e-03
3.273289619001905262e-03 2.725490001173224396e-03 3.153136912171152374e-03 2.406919749386680733e-03 3.217567967890300196e-03 2.955608576936222514e-03 3.482795677046195918e-03 2.626394212189517036e-03 3.020927713281989536e-03 3.596653206883211953e-03
3.291583674497848035e-03 2.741117888580936642e-03 3.091375224642102168e-03 2.376161466069706598e-03 3.098987824597625087e-03 2.898759819919424774e-03 3.476325792116132397e-03 2.626767443301983133e-03 2.882403366451373114e-03 3.594628208641657656e-03
3.273746024320192682e-03 2.726731514293855366e-03 3.139190282255677634e-03 2.570190290056585062e-03 3.103642487186118477e-03 2.789922510903940049e-03 3.524357535730544659e-03 2.626713690254737187e-03 2.766499973575089425e-03 3.579588578798391461e-03
3.335997781947785002e-03 2.741288335173514955e-03 3.218460712240501197e-03 2.483639302737511868e-03 3.098477722381581291e-03 2.707808750240482936e-03 3.467337833075025220e-03 2.619653322848062085e-03 3.179279769998867751e-03 3.582591578346898571e-03
3.357370324345004126e-03 2.748175838830159683e-03 3.059019356537153161e-03 2.632493934100275067e-03 3.080721273408258947e-03 2.687757878658499078e-03 3.478191738999745781e-03 2.638222997317604332e-03 5.192873429455007774e-03 3.644811346735732545e-03
3.283517661231154152e-03 2.792727381310756898e-03 3.046818583024975269e-03 2.600910203106929393e-03 3.101513393395460057e-03 2.807356727578330918e-03 3.483713876133773431e-03 2.677065388830611545e-03 2.792299703919450763e-03 3.599087778364771888e-03
3.342863350541234232e-03 2.713825929968429092e-03 3.191121864097842212e-03 2.349397723228285016e-03 3.174102204611165077e-03 2.701182546238036029e-03 3.445435873164805381e-03 2.675399726646528285e-03 2.933826055532937245e-03 3.631888073809981781e-03
3.259219235597409035e-03 2.760352958573346772e-03 3.117498302979161955e-03 2.565747957638027203e-03 3.120161596779831483e-03 2.746491074957318774e-03 3.507328947246093724e-03 2.622276380484572875e-03 2.721913040187347223e-03 3.728918306443356704e-03
3.271180158890170820e-03 2.728319843415070740e-03 3.090735943934437395e-03 2.360144797894456452e-03 3.351466608074731186e-03 2.697003406444822143e-03 3.444194619662075373e-03 2.673133664060341284e-03 2.778347210803260286e-03 3.613841805111108439e-03
3.288734921699133004e-03 2.713295660963547899e-03 3.114088517966097196e-03 2.399277590571111986e-03 3.096046992641944204e-03 3.181515907361656941e-03 3.510504430943024116e-03 2.652492741403835244e-03 3.297074002957443850e-03 3.533326376203955836e-03
3.314500900747677573e-03 2.700591115375248000e-03 3.131791031173591575e-03 2.363762002487851226e-03 3.138228487182201983e-03 2.854355059894031835e-03 3.481190612257348011e-03 2.662649520358630322e-03 2.949546449305312078e-03 3.704631280714418187e-03
3.274479808124733642e-03 2.693119419843675779e-03 3.091917312819454818e-03 2.452388984844367306e-03 3.214633161075901909e-03 2.666307406711962858e-03 3.559837760012466313e-03 2.616730912905119825e-03 2.774859484498958494e-03 3.522853644711291567e-03
3.295658886185568424e-03 2.852134713720424434e-03 3.147897017892504947e-03 3.130119595019015179e-03 3.106239043023340755e-03 2.689365451440130055e-03 3.451801555595461132e-03 2.691745078827802087e-03 2.989819676550650035e-03 3.516480881554017498e-03
3.270070269333619131e-03 2.774589390129948794e-03 3.117582989317654527e-03 2.346496307444946670e-03 3.093201287095851716e-03 2.711005818257776912e-03 3.406301894446065424e-03 2.678039183364597925e-03 2.806906302429649103e-03 3.498131422223696788e-03
3.310751123721078319e-03 2.698440928170522078e-03 3.156518449082570260e-03 2.410723586034668308e-03 3.134369701204904168e-03 2.693573369739167122e-03 3.405255167317745423e-03 2.602462079417740878e-03 3.040789019973636799e-03 3.529704660704838324e-03
3.370357877203362072e-03 2.767977818775527003e-03 3.067079760550898634e-03 2.520393008181123860e-03 3.096440530820397403e-03 2.863915611862639845e-03 3.400683052879651877e-03 2.604226193796217639e-03 2.714568811699240910e-03 3.478925782802773890e-03
3.295706884911287719e-03 2.695063923375615698e-03 3.076755468270363052e-03 2.324090213675008253e-03 3.103866501559070581e-03 2.662929262395033296e-03 3.400392183794960065e-03 2.615196094963694214e-03 3.177408692840193258e-03 3.510768096135335418e-03
