6.512224772550921637e-02 5.888872175031020090e-02 5.726688681176118206e-02 5.337090411241319360e-02 2.781602374484874046e-02 4.768436025043487625e-02 7.147836548156656644e-02 5.373447496404790830e-02 5.347815944118378129e-02 7.242562830796896167e-02
3.821653572603135596e-02 3.101636018484850779e-02 4.493601742816265981e-02 3.297782788655392178e-02 1.494507834510655497e-02 2.151659071922043531e-02 6.441922980282127620e-02 3.700428442251452177e-02 3.817515065441308419e-02 5.465025995625714256e-02
2.376661658445891265e-02 1.825418155676237011e-02 3.813338185452558315e-02 2.678614043866440336e-02 1.047806082377532484e-02 1.580883086749133165e-02 5.136073867878612753e-02 3.139791922246581990e-02 2.960474206734896654e-02 4.400329321446408426e-02
1.952383970663342308e-02 1.615984034367872607e-02 3.364446960841007556e-02 2.442152936023879103e-02 8.520752300130662871e-03 1.274099531664941651e-02 3.696807393805436048e-02 2.815801971216290098e-02 2.432071150052190350e-02 3.758015615991007474e-02
1.647680409237428992e-02 1.432337802494821830e-02 2.953059603200665004e-02 2.312687097421269738e-02 8.802711612367754984e-03 1.078217563596378832e-02 2.869335920942633553e-02 2.555580913986692584e-02 2.028861716789681982e-02 3.206873803031585340e-02
1.435918483231098802e-02 1.316532488928476990e-02 2.603078742933347123e-02 2.154798420945556667e-02 7.657438516500273025e-03 9.491766700087523115e-03 2.513170191399313746e-02 2.292832205027123954e-02 1.701500602431137502e-02 2.768034856068175842e-02
1.232822581320841028e-02 1.237574178114449718e-02 2.266396528903585894e-02 2.065181921616073696e-02 1.296008598496418106e-02 8.542236821392009891e-03 2.274781397576091865e-02 2.122573670970738860e-02 1.452000898481518518e-02 2.560300245406183298e-02
1.051739257859001658e-02 1.165258837972250189e-02 1.979194387092146276e-02 1.953291174100247121e-02 7.115638199560491914e-03 7.884656673650472514e-03 2.114196173575324730e-02 1.914163346082872752e-02 1.275280933526060957e-02 2.401159222606958493e-02
9.452087254221695420e-03 1.095229450834242675e-02 1.702487169188164617e-02 1.875503575456634320e-02 6.946974109242881959e-03 7.364520395950185233e-03 1.945507508900763682e-02 1.811828817748396825e-02 1.204286987239136866e-02 2.281939975891624298e-02
8.702507946030361638e-03 1.054264765328425009e-02 1.505042670314255676e-02 1.793999644199251522e-02 6.476624670676299489e-03 6.870838440915632769e-03 1.816676181507577079e-02 1.687888399094282163e-02 1.048312127697033011e-02 2.189878703479563801e-02
7.817244024427688273e-03 9.915121448872157156e-03 1.339483099803130510e-02 1.705657162527360673e-02 7.423187301244049165e-03 6.551134753701458140e-03 1.683826637781132493e-02 1.581786099666728992e-02 9.874604576236820780e-03 2.106620059335741202e-02
7.224189612270399963e-03 9.540240711332560741e-03 1.213819976793650314e-02 1.644336637622764025e-02 6.920919296361703610e-03 6.262816289304968045e-03 1.571970096648372256e-02 1.440123539071557976e-02 9.043165536190788528e-03 2.010818232713281611e-02
6.736144655658829646e-03 9.273595016956990428e-03 1.102482471200338411e-02 1.574622842182129764e-02 6.338601468076401554e-03 5.907595743473548211e-03 1.516849829097323236e-02 1.290479485453568421e-02 8.253611615375387039e-03 1.931979656209267121e-02
6.783177293681899589e-03 8.727610942046317918e-03 1.017436813062006645e-02 1.513149102810348520e-02 7.111497558853351227e-03 5.766970646550648692e-03 1.323201452893192631e-02 1.163631629163214276e-02 8.592915683938188651e-03 1.876163016277742832e-02
6.118126672085715846e-03 8.344569626006487564e-03 9.348550480038785374e-03 1.455569564257329709e-02 6.226141768318579038e-03 5.627379276508047423e-03 1.210594217232312426e-02 1.093509083415977919e-02 7.760530433658499594e-03 1.785913858945859661e-02
5.994327699421834500e-03 7.991544690274526505e-03 9.024318504246980899e-03 1.414494317178483125e-02 6.408874061368460828e-03 5.424150512211074748e-03 1.116767037621706551e-02 1.015910954956237081e-02 7.176949227324746876e-03 1.726205372292926102e-02
5.842858718432864668e-03 7.843741432980817427e-03 8.246393240606005037e-03 1.339039466604959733e-02 6.134740493536948794e-03 5.260262841197859557e-03 1.027827774930298657e-02 9.484838902270977326e-03 7.163642569854500840e-03 1.645235682411321648e-02
5.418172647475343918e-03 7.682618025175868767e-03 8.054108920228704796e-03 1.306976047576736619e-02 5.536772067868280141e-03 5.084193508599514806e-03 9.245289305750236178e-03 8.312091438421377945e-03 6.556777952048922081e-03 1.579433385676874343e-02
5.251622250486451954e-03 7.363313409028876544e-03 7.583212095102246156e-03 1.245702701088058362e-02 5.729826717301125978e-03 5.054134876804889168e-03 8.496360992533775330e-03 7.859722591274077852e-03 6.234727281787894905e-03 1.494052405627358145e-02
5.079862466441625868e-03 7.105372037523280046e-03 7.174007434469276134e-03 1.238041897012064768e-02 5.667915131387333237e-03 4.955640040046664641e-03 8.144633939877550868e-03 7.428256511309135925e-03 6.211775735342644524e-03 1.400660314318410808e-02
4.965098712248270166e-03 6.810400090315470688e-03 7.068342457639489700e-03 1.191281988220071683e-02 6.044954291920013288e-03 4.817212344140059735e-03 7.843630526838290748e-03 6.786002301390918479e-03 6.062888279335622993e-03 1.328985408962568560e-02
4.885611461947482644e-03 6.773318526391435175e-03 6.713401894524486518e-03 1.116788865716995989e-02 5.694925343882870084e-03 4.877042474027460349e-03 7.068109351114372323e-03 6.484896081920447398e-03 5.929287746065841150e-03 1.229081773216804049e-02
4.839161581913830300e-03 6.421322053539271248e-03 6.510479338635056200e-03 1.065596945379368270e-02 5.909514759702879858e-03 4.857368334670018190e-03 6.563753315672443342e-03 6.189378118925457743e-03 5.821876347776558554e-03 1.113912704239286566e-02
4.759974863845261098e-03 6.426503841617275947e-03 6.389058217082110511e-03 1.022850366511720427e-02 5.841294525380693291e-03 4.680698550087136062e-03 6.459187434137891350e-03 5.832539226825325315e-03 5.729198018846250531e-03 1.016838800433031258e-02
4.573435007307233638e-03 6.085036426656856810e-03 6.004163605941577157e-03 9.770077311328886557e-03 5.311487626792768015e-03 4.456823439714683449e-03 6.008493497709831849e-03 5.553150277312099252e-03 5.664495307524017829e-03 9.343079508752745455e-03
4.862085470066584980e-03 5.887786831778582530e-03 5.917132620694337368e-03 9.720581903864973158e-03 5.570098338925019016e-03 4.505058262802525554e-03 5.767645617280867977e-03 5.313405706953506363e-03 5.525234563266681088e-03 8.806207631546948342e-03
4.526149843702063219e-03 5.778701268521805288e-03 5.924190323912702401e-03 8.924358124625320771e-03 5.296049997752714372e-03 4.593946072658174409e-03 5.854011146675076709e-03 5.183028874141170153e-03 5.297656770886742007e-03 8.227216319777626991e-03
4.382638926205871879e-03 5.814473907695201678e-03 5.592734748946134524e-03 8.684410755924999725e-03 5.230311913103449263e-03 4.261944187870150141e-03 5.438494576721499864e-03 4.980011715724656091e-03 5.167854220975483942e-03 7.550938624200662606e-03
4.591405831953804251e-03 5.501619804348812509e-03 5.470891552468225109e-03 8.235553533005448429e-03 4.859234757871133507e-03 4.432193281152680200e-03 5.366766668996022019e-03 5.025093377287940047e-03 5.369790970659691666e-03 7.104215371388501211e-03
4.448726724987132029e-03 5.368966320697571987e-03 5.555026831175024875e-03 7.848416368772552845e-03 5.446514646090071590e-03 4.440148670438882894e-03 5.205977684441268939e-03 4.961372587083461190e-03 5.165197188762752668e-03 6.884658609045152082e-03
4.322078452133474788e-03 5.321766191359018384e-03 5.394862883839070776e-03 7.657521305539047654e-03 5.326230229869509218e-03 4.342678842717851220e-03 5.449683968182375722e-03 4.734176178563188203e-03 5.069485231318074381e-03 6.438346729263469230e-03
4.215620437303952382e-03 4.995695294565189598e-03 5.571835686618646297e-03 7.788681393847967684e-03 5.401235902907849940e-03 4.353798631402835267e-03 5.263665982250895041e-03 4.412678556864741558e-03 5.074874703817090597e-03 6.223690672972967755e-03
4.187852855037092065e-03 5.143970593016206766e-03 5.106798959149180285e-03 7.082453152262284217e-03 4.496812267826610053e-03 4.121690220323045301e-03 5.188260457155259922e-03 4.418303548497355335e-03 4.881897107056805754e-03 6.091260636000550219e-03
4.271465733073115563e-03 4.909698674913456386e-03 5.299938418756107612e-03 6.747090741365691785e-03 4.903504512646292106e-03 4.190881064239798844e-03 5.209128906726943897e-03 4.441555412937676917e-03 4.743762261610157474e-03 5.853130905131420994e-03
4.189153389223801774e-03 4.795929392004617126e-03 5.115321454885111280e-03 6.845349596024018907e-03 4.516525423651870930e-03 4.238203557059441393e-03 4.989477150095026660e-03 4.367035613524994711e-03 5.159944380261898000e-03 5.629803090425228133e-03
4.045272557991193112e-03 4.765192607944199014e-03 4.840228870013154640e-03 6.317061297219679974e-03 4.239366941528808531e-03 4.062455683391860001e-03 5.198546388605432625e-03 4.121197613804123035e-03 4.783825558598909546e-03 5.523267844362533992e-03
4.126731211190491112e-03 4.706259592836421410e-03 4.822164640970695235e-03 6.045174516414058598e-03 4.450815649602412986e-03 4.167377996411227720e-03 5.050040832511345015e-03 3.994819018241278427e-03 5.082703667001872185e-03 5.334693379281660493e-03
4.114264943340133728e-03 4.474769506442008958e-03 4.720149116161092770e-03 6.028472105025595856e-03 4.332087804358268450e-03 4.179139642172767337e-03 4.897510154694426424e-03 4.117016901386888993e-03 4.758949408124178715e-03 5.203025594694091725e-03
4.027996660830433610e-03 4.465649415803771109e-03 4.700391734409822830e-03 5.754287226322534789e-03 4.373487868281494134e-03 3.983405480664030038e-03 4.995470278573620887e-03 3.969711413895359725e-03 4.712240129591828940e-03 5.174976778822284844e-03
3.938255174215368574e-03 4.360939303755077823e-03 4.626171784013134898e-03 5.549895364475154920e-03 4.339943793971002411e-03 3.833822014528933796e-03 4.747093989134580638e-03 3.854476142580187149e-03 4.551813835500162150e-03 5.081436213340367013e-03
4.032852109713808315e-03 4.274366674214980649e-03 4.551762815475262833e-03 5.514679399984440296e-03 3.823216876231229876e-03 3.944725627574475514e-03 4.679042875074807331e-03 3.926125338697098940e-03 4.585934663483520572e-03 5.074858006421281709e-03
4.041906355215398386e-03 4.337534597620085891e-03 4.609285518110385615e-03 5.388832263364951025e-03 4.005366191899046788e-03 4.000334809508029540e-03 4.601134615098583826e-03 4.066591248755050889e-03 4.475701487826617107e-03 5.011113912054794735e-03
4.071655977109072018e-03 4.167998879839669019e-03 4.443382303475086267e-03 5.254617844195874285e-03 3.714481397927676433e-03 4.032598304425260259e-03 4.569995462978990522e-03 3.849477110563462052e-03 4.522082131542939053e-03 4.845576263464892140e-03
3.863221453358715168e-03 4.120670006337505929e-03 4.445543505872893639e-03 5.089798176456716838e-03 4.049592022602544264e-03 3.776197391230222931e-03 4.848753892191266963e-03 3.746448984069738336e-03 4.524410472387573046e-03 4.925701477958808160e-03
3.808565978157821535e-03 4.021798305573726952e-03 4.313420176044225306e-03 5.380602232048197452e-03 3.660425777968956320e-03 3.802781198719124359e-03 4.689770367374605786e-03 3.730522131025095726e-03 4.442871745840154540e-03 4.816889060451601604e-03
3.817106188099478065e-03 4.138555706504019709e-03 4.310098448857416567e-03 5.078268224279335920e-03 3.477461908216664468e-03 3.870380322780981285e-03 4.654258627291857006e-03 3.728494825329553997e-03 4.767080909743234667e-03 4.864906520815277628e-03
3.814639378467868033e-03 4.200305176743886551e-03 4.295601949198508442e-03 4.829497598706819668e-03 3.814719464538529874e-03 3.755084060866768336e-03 4.893552238465278571e-03 3.823120660498721853e-03 4.349757138317617011e-03 4.893414790815542835e-03
3.751510338849942897e-03 4.048894370404215910e-03 4.331257103608239858e-03 4.643521299588445478e-03 3.639859230583219682e-03 3.862931725592815869e-03 4.480619756629768309e-03 3.745469888566389707e-03 4.404652384802250180e-03 5.087758260431928144e-03
3.742033366410241636e-03 3.899529537801461887e-03 4.315426455244390606e-03 4.620835697259848170e-03 3.643495048261329462e-03 3.570342789691928389e-03 4.587098932669344056e-03 3.623693437937824339e-03 4.565151618591976185e-03 4.878968309706618010e-03
3.845450513762017995e-03 3.837276070831884336e-03 4.262963891565784563e-03 4.630834692839291486e-03 3.445449502312922761e-03 3.641840575772172916e-03 4.887732272868625799e-03 3.827565967783890140e-03 4.355416712628536018e-03 5.032023008434035639e-03
3.776091378216006773e-03 3.779182005846612544e-03 4.268393209751008763e-03 4.631338955694756440e-03 3.449385244107425804e-03 3.754528435356697773e-03 4.805661077383580580e-03 3.565512606595732260e-03 4.295560453255755327e-03 4.743913382297693278e-03
3.635623766543515448e-03 3.725405066207971606e-03 4.131851529239934616e-03 4.499030266587052129e-03 3.492424448035975123e-03 3.742804703961611409e-03 4.576094277751977836e-03 3.542375623246936649e-03 4.286016954562689441e-03 4.747246738967109830e-03
3.739340701501538133e-03 3.866111329964945324e-03 4.122387946790463664e-03 4.544716730609466016e-03 3.279540107561800238e-03 3.640070633371641183e-03 4.847803035975316831e-03 3.861458620942214218e-03 4.307878068400058415e-03 4.836660674289210843e-03
3.867635597198122461e-03 3.678494703223719308e-03 4.161410938814608454e-03 4.414518750535422094e-03 3.423026688847372392e-03 4.122579537668780505e-03 4.572056823193107987e-03 3.527913936066328759e-03 4.299074724310012960e-03 4.757891192417574265e-03
3.746243229166849355e-03 3.606970055627568231e-03 4.090454950531217417e-03 4.196276134705683759e-03 3.399747980796416144e-03 3.723648829920498619e-03 5.225089574783687262e-03 3.538771087828977181e-03 4.315092726392652164e-03 4.689015019140956551e-03
3.583732721923540976e-03 3.596578664677931633e-03 4.036510866761303454e-03 4.354778434894723653e-03 3.438457097091339541e-03 3.637827514578700992e-03 4.882285360090221626e-03 3.501544517725637632e-03 4.067837970659288552e-03 5.081920723967820776e-03
3.684937110715024496e-03 3.625904125763642228e-03 4.089032502311928420e-03 4.356202551580258021e-03 3.279686409858628780e-03 3.538849313962399643e-03 4.409210067200198743e-03 3.743948809811244085e-03 4.211048560098826048e-03 4.785972069902784398e-03
3.766899527821841124e-03 3.663278782845274563e-03 4.022015071267137469e-03 4.139985200202810599e-03 3.224263065831415188e-03 3.560519806803083380e-03 4.528579085569273480e-03 3.496547270220422450e-03 4.142634811918427529e-03 4.681077919058876380e-03
3.733813356029713846e-03 3.481749472844100808e-03 3.996448497494711760e-03 4.134188807468405953e-03 3.895063729611040245e-03 3.420934118097904326e-03 4.324962173337720817e-03 3.499404544672909002e-03 4.175394019099422371e-03 4.722463810055682783e-03
3.616381206574384010e-03 3.446591611737648102e-03 4.070488012761572759e-03 4.059930894116997244e-03 3.187672338027574583e-03 3.551352750571318447e-03 4.530675492400508889e-03 3.547710144555263952e-03 4.082396742760270245e-03 4.831914409380924647e-03
3.729749891401018189e-03 3.484322761261958185e-03 4.002042334440342533e-03 4.119866559420803757e-03 3.134970485532262343e-03 3.443386455213373609e-03 4.842012012151114889e-03 3.436733535781946562e-03 4.183595392735564578e-03 4.806576716132728543e-03
3.577126229614887784e-03 3.656649435308533674e-03 4.001178241402848432e-03 4.227812418797885323e-03 3.238983667589425113e-03 3.576488779327338836e-03 4.576345000151016244e-03 3.504569568661720057e-03 4.116963930523987250e-03 4.568512444745221820e-03
3.678123592451295210e-03 3.463094576409102201e-03 4.002448991655613991e-03 4.029681793295314222e-03 3.346550075780624182e-03 3.688624237229616749e-03 4.816947446524524196e-03 3.511112235371761404e-03 4.048117173088950672e-03 4.679433496589991553e-03
3.540418294901103140e-03 3.410959398809239405e-03 3.956308897306237519e-03 4.156944902244590762e-03 3.242189536042680651e-03 3.392858244080351315e-03 4.570959340083789561e-03 3.732994867116523879e-03 3.926040319974286215e-03 4.561496703046157702e-03
3.451977679744112730e-03 3.458423663170161980e-03 3.960273766974786898e-03 3.902685760721358223e-03 3.161470866136095129e-03 3.372252329668071116e-03 4.320851075252690916e-03 3.540521581821731451e-03 3.911492761777045878e-03 4.743835143441343070e-03
3.877740256187370976e-03 3.327357911381559168e-03 3.962703351821522148e-03 4.026526929694652750e-03 3.202994531614676565e-03 3.438601539789089626e-03 4.617834503340850251e-03 3.669982866003440418e-03 3.964018589879625756e-03 4.589474553544136380e-03
