3.376355200883081331e-02 3.531510169944854921e-02 6.374751160276490025e-02 7.770004332819197002e-02 4.849901013087419555e-02 6.140061156143982596e-02 3.794273483226245913e-02 4.325673609176350354e-02 5.129545049376584009e-02 5.802984312379431964e-02
1.700102302819450975e-02 2.009682448176544275e-02 4.831707440687764421e-02 6.909312961706937095e-02 3.536058535454624646e-02 4.802413986837017479e-02 2.490039343301941877e-02 2.993928120827100969e-02 2.807642361138083104e-02 3.991585988166401755e-02
1.294515417318843446e-02 1.595386528190215203e-02 3.006871591691443607e-02 5.800827273550539925e-02 2.476871390738522374e-02 3.783970808720592965e-02 1.847691452038700138e-02 2.525263790106416217e-02 1.715867511833080519e-02 3.286868731366672514e-02
1.123983433008757249e-02 1.434419103984343503e-02 1.938404700819263901e-02 4.284446613069387705e-02 1.726740141998325123e-02 2.958642072874289458e-02 1.385664724611462666e-02 2.128738817745362555e-02 1.447465925731992314e-02 2.951827216112867108e-02
1.020267267753778920e-02 1.311602579164361689e-02 1.627445225908740953e-02 3.345898396968240152e-02 1.237111631998692382e-02 2.111112217528953935e-02 1.121332969171423208e-02 1.902246483479543004e-02 1.271225643630150177e-02 2.664557745319794113e-02
9.366376998472595444e-03 1.215022403153658524e-02 1.420287498011900927e-02 2.739691822897780474e-02 1.005400946024189758e-02 1.469475851016367914e-02 9.252030977633701053e-03 1.507519533538332658e-02 1.147705673291326070e-02 2.369140250486671123e-02
8.411222509325104110e-03 1.091109841764659714e-02 1.254687937189052395e-02 2.207388977663275742e-02 8.502481154355803414e-03 1.143298496939633251e-02 8.016297623046656287e-03 1.220155422736830288e-02 1.060805401370385793e-02 2.118540619138496728e-02
7.936383662067246492e-03 9.917014378880120024e-03 1.147359377067883220e-02 1.699069711360464210e-02 7.755808797832986629e-03 9.167490114801210566e-03 7.250495225620041777e-03 1.014931987432576323e-02 9.929291212893168184e-03 1.907215070261748455e-02
7.587193818753952546e-03 8.966188747389268465e-03 1.052793064403501240e-02 1.369866737660756922e-02 7.145105161313146554e-03 8.385300494433010204e-03 6.688549883250348091e-03 8.583539148981071676e-03 8.985367634857717792e-03 1.782141045422099002e-02
7.110872599325701766e-03 8.234606564425664410e-03 9.797767453083063016e-03 1.200847720622476821e-02 6.807266689437041496e-03 9.253467032535076658e-03 5.950223497189923924e-03 7.513879590968589386e-03 8.389191704425849952e-03 1.643656629003653266e-02
6.792856501797558261e-03 7.601620699308794804e-03 9.143810634558052416e-03 1.110863703231913455e-02 6.496725769077671409e-03 6.538356760504871260e-03 5.619341684543608349e-03 6.619901755058012725e-03 7.984883123498020749e-03 1.538607214993981120e-02
6.422363407165758084e-03 7.166100156988842833e-03 8.458686893361886186e-03 1.021057283925149405e-02 6.191473849360213527e-03 6.023486445924030111e-03 5.341910293117624851e-03 6.077183460722763650e-03 7.590946814250369712e-03 1.454692409031445831e-02
6.041177018214572217e-03 6.997007727196120561e-03 8.045989227151379222e-03 9.652330474081647835e-03 5.996904413135989778e-03 6.001160641135881539e-03 5.168846780930685947e-03 5.967094150011026214e-03 7.151155405410591567e-03 1.372488480491997932e-02
5.808075830536382073e-03 6.318773663522289814e-03 7.647949928076316559e-03 8.764879847159838533e-03 5.843103529231319024e-03 6.061067297819901396e-03 4.999395341820441971e-03 5.550546266057525789e-03 6.818938789554781013e-03 1.279836020511264903e-02
5.502872992056896499e-03 6.000022010481721214e-03 7.431473541933654274e-03 8.117102945387923499e-03 5.764022073347762481e-03 5.603493323970181600e-03 4.812586632048889562e-03 5.686198983650869038e-03 6.521324652177153645e-03 1.205530284541808314e-02
5.302326498911891402e-03 5.797412845587163709e-03 7.053612016235845036e-03 7.814337930832304657e-03 6.088872654864261290e-03 5.511389335361435021e-03 4.628357677904493435e-03 5.147084997780623436e-03 6.260517553748097888e-03 1.155741020977323064e-02
5.037670851217654691e-03 5.591808768968223493e-03 6.785024027010393664e-03 7.289729903043789920e-03 5.483763635785047878e-03 5.272402442946448435e-03 4.533134106453222401e-03 5.014946429645524180e-03 6.010864319591520226e-03 1.070027804807283794e-02
5.205659090159843634e-03 5.260620776241864763e-03 6.626760797784643671e-03 6.600260691378740871e-03 5.377084751289055997e-03 7.410558477561026564e-03 4.523677175009656326e-03 4.951733424139349339e-03 5.711192014542731087e-03 1.002691837358814925e-02
4.945160266397818395e-03 5.104565334940423631e-03 6.288425754393648509e-03 6.343530950731259346e-03 5.381168050297738606e-03 7.072518431645117946e-03 4.444211501302242767e-03 4.927515500845403712e-03 5.544576698049361214e-03 9.518015954169895335e-03
4.648936663796872718e-03 4.975182115968751831e-03 6.214780441336238866e-03 5.956028644717326764e-03 5.447179503084836720e-03 5.040930764768202649e-03 4.450098720016782729e-03 4.833737380212267329e-03 5.408483922612168475e-03 8.889466640211649701e-03
4.554585620161581694e-03 4.962612704762633595e-03 6.322669152624888801e-03 5.826273093196985588e-03 5.330913677462621215e-03 5.102938847510787683e-03 4.357788203423682005e-03 4.845791995331760922e-03 5.258017952141689523e-03 8.377421055516379167e-03
4.366578690121777732e-03 4.754166931045639664e-03 6.049611997079570695e-03 5.497395817545233307e-03 5.264397960828172754e-03 6.902120329405455473e-03 4.277429767495863865e-03 4.816830899050918158e-03 5.134750190214862516e-03 8.022869819146509485e-03
4.294721509194624441e-03 4.708083245715284984e-03 5.888904613090244732e-03 5.526055089756271195e-03 5.005318859191730703e-03 4.802488354543958150e-03 4.342302788759338367e-03 4.722166521553885880e-03 5.023128303806176365e-03 7.788593755815060617e-03
4.285808321751380205e-03 4.622926177086862827e-03 5.726971101558941783e-03 5.174632945324936575e-03 5.005079795512256714e-03 5.230561884759291763e-03 4.241321083558746881e-03 4.826928410895691031e-03 4.907854038593078075e-03 7.360581744288826472e-03
4.124694868814456940e-03 4.742291413245823019e-03 5.974936794117488917e-03 4.819526084252834068e-03 4.979655430412825538e-03 7.063359491311450682e-03 4.202092771354156049e-03 4.667738741939708724e-03 4.826855100442846436e-03 7.021563583004043242e-03
4.325211460472199246e-03 4.556154727357601859e-03 5.605516206827681341e-03 5.068316603645217806e-03 5.034632505247734965e-03 5.236217697652267161e-03 4.133042244379275462e-03 4.573298036548528907e-03 4.735874715600383797e-03 6.592095804596346219e-03
4.075783889014980045e-03 4.478354067825946611e-03 5.495505256255694970e-03 5.878877044967319165e-03 4.926620792726285267e-03 4.852861483495687044e-03 4.154741013943604074e-03 4.475048888611122752e-03 4.719344102160349073e-03 6.561474335499820065e-03
4.035595633473569067e-03 4.483328328042011056e-03 5.234039997943433845e-03 4.814865401413706732e-03 4.934907826231673018e-03 4.383645330587027621e-03 4.125058294850802651e-03 4.944976993339136005e-03 4.629194995044986181e-03 6.381588200454721069e-03
3.996736717234353371e-03 4.370905786824290200e-03 5.314553257523345169e-03 4.628782292897975527e-03 5.010623671368626998e-03 5.558375510663887860e-03 4.074831832773056356e-03 4.542116172291421269e-03 4.550746148236383716e-03 6.017632163951136710e-03
4.012924065945773326e-03 4.365876785264719007e-03 5.378684311154350445e-03 5.446134781135855696e-03 5.085682316971818807e-03 5.916715890866089574e-03 4.085324308733746454e-03 4.514882216218076873e-03 4.461605222179805368e-03 5.944720183169803669e-03
3.884478806417577482e-03 4.359276303672820867e-03 5.524250859273663154e-03 4.502777341528674607e-03 4.765095373025569209e-03 5.478622133004958442e-03 4.279623819367472069e-03 4.498880502099132477e-03 4.438543183656356271e-03 5.933772585023966255e-03
3.799248344965889916e-03 4.293367245339046144e-03 5.407184046812703662e-03 8.371205255222951766e-03 4.823797658867457448e-03 4.528995084838092350e-03 4.168798629961523519e-03 4.561930650468358495e-03 4.410408025607149424e-03 5.615970887776374626e-03
3.736489089677987215e-03 4.276634143324803926e-03 5.248289030529064252e-03 6.285388049801075849e-03 4.938896448126409155e-03 5.902807380452842340e-03 4.169559783346531504e-03 4.911595036647495305e-03 4.460979688333211075e-03 5.484165459326811008e-03
3.761648273532639062e-03 4.247512688770703829e-03 5.542561363872345118e-03 4.158117089569124923e-03 4.805247803481398072e-03 5.421704189100096105e-03 3.990836258038327027e-03 4.339706772390782008e-03 4.322550560591848640e-03 5.431943706480770427e-03
3.666312688083078059e-03 4.136888640635699027e-03 5.173918689685263333e-03 4.360192450812415757e-03 4.724090649091051107e-03 4.465762364236146309e-03 4.062153408905513387e-03 4.417319195677090263e-03 4.313446208621640222e-03 5.365102749338238226e-03
3.600611545477035158e-03 4.268594007487878060e-03 5.627127006349702878e-03 4.546091832374711192e-03 4.622947308252724208e-03 3.955649878115151223e-03 4.061216111234998080e-03 4.330952866244503971e-03 4.286756214249267706e-03 5.287076070468236209e-03
3.588241956090123565e-03 4.205403185437224522e-03 5.021165266188649424e-03 4.717298948066621714e-03 4.721659511835712281e-03 5.840216715910302898e-03 3.904814677185629562e-03 4.314559701501348259e-03 4.226479423239666404e-03 5.054651821734952068e-03
3.567334928750677623e-03 4.162966852068476255e-03 4.978987608602044451e-03 4.032498249910545195e-03 4.836935562874187904e-03 6.200888122425476760e-03 3.993166195783587509e-03 4.399540388684182457e-03 4.230482235750732990e-03 5.119243125535866308e-03
3.827574820156333293e-03 4.177219966422122260e-03 5.125163731689040374e-03 4.243477196744319460e-03 4.606197669111100970e-03 5.023113199311131025e-03 4.118647519758223026e-03 4.524987228169786296e-03 4.180557679732752399e-03 4.944681870478975609e-03
3.522313843176333448e-03 4.064765086786814412e-03 5.213256443614391195e-03 4.213905115275901232e-03 4.561391197620694692e-03 4.779698063823330928e-03 3.853766113064027981e-03 4.473384589079447068e-03 4.155397517807595323e-03 4.906601918988789598e-03
3.597137478629181245e-03 4.081251283545582129e-03 4.974131937738425664e-03 4.137523657844621380e-03 4.589437382377689438e-03 3.934394501310146085e-03 4.000170314709115479e-03 4.207617806111296072e-03 4.144642882262659228e-03 4.851320754737374272e-03
3.515629248201054911e-03 4.059145019427685269e-03 5.252999704063458959e-03 5.518425292951866304e-03 4.710180298762230676e-03 4.577425112579030717e-03 3.921490306917196217e-03 4.706202344079581275e-03 4.195686368594959796e-03 4.736863938558506099e-03
3.586371104346419616e-03 4.011605065629689736e-03 4.985682240236069714e-03 4.202879735854469015e-03 4.615358619706300125e-03 4.074600166040981582e-03 3.956489685872702916e-03 4.300446475159255127e-03 4.214199586797346027e-03 4.722615072427741208e-03
3.541894203478587137e-03 4.043211506620419775e-03 5.106786468931727094e-03 4.387078170327932299e-03 4.538905578785981144e-03 4.000144050039427211e-03 3.877264674470013751e-03 4.356544334491526879e-03 4.118547246341430941e-03 4.601573591650473700e-03
3.469752803194116678e-03 4.059713901746993432e-03 4.959926585833756424e-03 4.029137973321088133e-03 4.597336497069236076e-03 3.811322469077640680e-03 3.931894738633719306e-03 4.269944139953924661e-03 4.080388983396976595e-03 4.631064054103448124e-03
3.450490664240764456e-03 4.129619770778625992e-03 5.463760490297445670e-03 3.913079230056220464e-03 4.463902667112595694e-03 5.493854044635505633e-03 4.014883679883837070e-03 4.070860214300240677e-03 4.071386226356209573e-03 4.614923354654145403e-03
3.589125262451042971e-03 4.051599303552038019e-03 5.239502390257332574e-03 9.518821459208876012e-03 4.472038665333479511e-03 3.981848730815176242e-03 3.889665668417898771e-03 4.076534028574073376e-03 4.030523242123984322e-03 4.506070179649134151e-03
3.556231533902238801e-03 4.054013078138298323e-03 4.623079925633116587e-03 5.103785638222029485e-03 4.609731240927577960e-03 4.307797960927636435e-03 3.886664890945495943e-03 4.115521724379456181e-03 4.065427098855481022e-03 4.401672564884662187e-03
3.330982522852015716e-03 4.117599250259643302e-03 4.926274565589358785e-03 4.411042258331445212e-03 4.502528778118471131e-03 4.796891219128971220e-03 3.881635072914603642e-03 4.163939241502006075e-03 4.034018265946292224e-03 4.596546374883363900e-03
3.437672366387663821e-03 4.043686365089949053e-03 4.833685422866255792e-03 3.745810046365397224e-03 4.486943661550995589e-03 3.783721539754848328e-03 3.843460323003482400e-03 4.054936444668554886e-03 4.007961140880541596e-03 4.353621493899544753e-03
