1.722847595847358873e-02 3.742337189016558402e-02 2.164005425697211604e-02 1.348078344708660350e-02 1.822783927700175749e-02 1.469933656879171199e-02 1.804825115189029675e-02 4.237717548612904978e-02 3.591751041909443942e-02 4.218761616977965978e-02
1.015236075913918817e-02 2.553995616912205918e-02 1.270324962040652976e-02 8.134477841316635482e-03 1.226333341436402005e-02 8.358709175966731394e-03 1.173911261684315935e-02 3.102037479303581743e-02 2.010163247598483957e-02 2.856445557855291292e-02
8.099794174478206626e-03 1.902274864319878842e-02 8.686962562705473692e-03 6.358212496533817773e-03 9.174162382993771708e-03 6.148380889175842495e-03 9.358040368073101273e-03 2.344426147006881123e-02 1.615309387410621828e-02 1.959521591190434286e-02
6.436647749824738959e-03 1.490019842107896675e-02 7.468377173295186362e-03 6.032603709594974023e-03 7.051161865763109875e-03 5.203514773258473107e-03 7.624728950716548777e-03 1.869753182439870542e-02 1.390696770728544300e-02 1.453231722413909389e-02
8.387853674939237114e-03 1.202019757060924197e-02 7.287342255800690130e-03 5.484477125761518142e-03 5.708754908765910525e-03 4.449043975647701266e-03 6.481724576540194398e-03 1.603148229193972207e-02 1.223373961892924161e-02 1.051040495538993307e-02
4.681096685702679575e-03 1.027079669450222527e-02 6.205874036704973375e-03 5.143842353946151934e-03 4.791621476951347589e-03 4.052920855335134104e-03 5.612316314373927070e-03 1.418034592698094905e-02 1.108647816060932476e-02 6.957045803607395280e-03
4.615658649183944362e-03 8.672358064232235653e-03 5.834106793490603446e-03 4.689783247164888702e-03 4.289205838780363669e-03 3.821500513266371489e-03 5.121616991030824087e-03 1.201331417897083358e-02 9.980797175955923028e-03 5.910575521648805258e-03
3.876150071013623882e-03 7.628217197471975908e-03 5.725331627381518435e-03 4.538238326833215000e-03 3.997801806076082230e-03 3.581478273812486925e-03 4.613708767981354944e-03 1.129606939386271561e-02 8.921380338523970596e-03 8.892083156442579656e-03
3.961762193775639380e-03 6.736858513094115021e-03 5.258782081568077853e-03 4.399929776913935435e-03 3.795983978640162133e-03 3.445214941195646856e-03 4.242721180285987173e-03 9.844969186501158556e-03 8.350840595635627625e-03 5.602012358497513757e-03
3.489835402909327155e-03 5.907825513493682699e-03 5.005572803605379956e-03 4.060255251046496552e-03 3.611674293084679403e-03 3.343693145693083912e-03 4.105039648637692599e-03 8.563877429461496868e-03 7.464173512595483582e-03 5.912346030002686714e-03
3.410802602668553622e-03 5.444937623639661134e-03 4.737465156850069123e-03 6.504760316523476756e-03 3.472743933652911417e-03 3.196425152652685332e-03 3.890461149448284049e-03 7.715847193147783861e-03 6.931069308091003869e-03 5.500383773771128082e-03
3.392173604117699071e-03 4.840374505726210627e-03 4.459707186158887171e-03 5.150970861416507077e-03 3.371658475231366879e-03 3.113721970839506727e-03 3.736941647652036735e-03 7.277763577447184280e-03 6.387218797154482243e-03 5.371591315066207711e-03
3.386272583171744035e-03 4.473607784188007169e-03 4.181941312662196264e-03 3.667989762431012393e-03 3.302622006614310077e-03 3.045845194789288581e-03 3.813190450014577841e-03 6.829258030887969642e-03 5.873599814024913629e-03 4.187177427578995907e-03
3.325528866817710396e-03 4.198328523417054793e-03 3.932945485549027391e-03 4.130510784422731195e-03 3.234895419872338938e-03 2.998531206857718914e-03 3.508358434100296557e-03 6.145662788791721697e-03 5.352221561216272995e-03 5.916239142513247951e-03
3.309537630086549324e-03 4.002094182999043313e-03 3.743500531185207231e-03 4.412745506997052883e-03 3.198130452740728571e-03 2.962411439197148999e-03 3.444603674014385612e-03 6.072068394795526909e-03 5.033303739737648129e-03 5.022465287992431381e-03
3.225922552920848854e-03 3.861144782472933183e-03 3.619296893841677468e-03 5.442941964573216190e-03 3.118616124499069744e-03 2.900986661689732016e-03 3.397929266006322925e-03 5.871633076575484035e-03 4.629662385568220247e-03 3.960249275011930650e-03
3.711251323479449870e-03 3.869459426462655127e-03 3.509039311123793217e-03 4.018728399415041029e-03 3.098543779106460814e-03 2.870793113854775824e-03 3.387268853422384547e-03 5.209994844652779920e-03 4.338657057066698693e-03 5.238700406957339135e-03
3.063616052043487484e-03 3.583944829549209638e-03 3.366853494855193661e-03 4.614805935557683009e-03 3.071150054607510709e-03 2.850291164299760885e-03 3.287075226779026960e-03 4.835819728801871165e-03 4.137665305830732707e-03 4.322111896838357059e-03
2.979848960446821252e-03 3.512465631247659384e-03 3.492996777231509569e-03 4.042014807831680046e-03 3.062641293626352894e-03 2.819039014941284067e-03 3.371801127530561423e-03 4.760952036638682258e-03 3.954549845720436302e-03 4.410185301790704900e-03
3.010233052138146410e-03 3.509646481336131923e-03 3.208473232992735229e-03 3.815234107066124876e-03 3.004943867679302910e-03 2.795460368574009900e-03 3.270931415137093897e-03 4.303167577427519097e-03 3.854775703249257394e-03 3.897065071731044186e-03
3.067619703322616020e-03 3.388523102343475764e-03 3.361267903534329200e-03 3.397363498159367955e-03 2.961031104300235802e-03 2.781241453808095104e-03 3.215106158563944654e-03 4.342982233744566677e-03 3.674585747008061488e-03 4.028768070504992749e-03
2.942358055040545425e-03 3.392812328974685859e-03 3.117829752824187884e-03 4.094704800576908811e-03 2.950994186119121603e-03 2.776250560849524446e-03 3.205899540505425041e-03 3.945720283580886854e-03 3.513521676189358765e-03 3.691995018966773030e-03
3.133548959181158000e-03 3.289341165576606992e-03 3.060196793049603688e-03 3.455542019063592967e-03 2.893804328037341469e-03 2.797999404479757646e-03 3.219030690859863569e-03 3.714806009175983508e-03 3.439901204888481164e-03 3.738587049378313317e-03
2.907395241434584682e-03 3.226009974375628961e-03 3.117234635554478814e-03 3.632469209366951876e-03 2.926725820074280431e-03 2.747461946415602659e-03 3.140357272133311416e-03 3.997739181344552375e-03 3.466868311800815755e-03 4.190586845507055479e-03
3.335268280105165364e-03 3.357754937565134157e-03 3.008609513940056074e-03 3.493338999004387806e-03 2.926203150671866527e-03 2.745189373335438394e-03 3.138309171189460761e-03 4.922330282923340940e-03 3.281077398191567258e-03 4.001001152811343130e-03
3.394866802259710343e-03 3.175697425686557947e-03 2.994704624552860760e-03 3.321097120493376412e-03 2.859063030202337388e-03 2.712779924679623034e-03 3.211441265323064943e-03 4.409181028812436676e-03 3.255056515827707466e-03 1.005309533146624135e-02
2.869423642620648387e-03 3.167223850149584671e-03 3.080570103434055514e-03 3.310675707853391256e-03 2.857204163982255633e-03 2.761138702090380412e-03 3.163785386861694277e-03 4.063541567178198879e-03 3.202825315835375938e-03 3.504641871060923224e-03
3.180826858628222654e-03 3.121985993367569490e-03 2.944331818297614683e-03 3.344103329570970520e-03 2.821821271479796507e-03 2.696921046049194533e-03 3.077648421171491882e-03 4.313561345504895138e-03 3.168107891783089949e-03 3.784312469905093314e-03
2.858133597833135975e-03 3.110555517196294129e-03 2.937498990573597299e-03 3.477705090944843008e-03 2.817830802241323186e-03 2.718065765433872946e-03 3.256085386979167169e-03 3.611911230849149893e-03 3.103411053867433447e-03 3.855696848005330923e-03
2.856447914417986882e-03 3.070308011667353607e-03 2.893976582331351903e-03 3.876988171457384797e-03 2.801237298994521674e-03 2.655112394209326043e-03 3.178140163291911981e-03 3.403111330671905552e-03 3.038172862723790852e-03 3.655065147748911072e-03
3.438740765552935740e-03 3.064726448063455951e-03 2.966224668777506842e-03 3.293432288220923907e-03 2.788951676196777408e-03 2.650352915577014728e-03 3.129670718811637144e-03 3.190627241558891946e-03 3.180061144629232287e-03 5.619514224341305882e-03
3.380644462768035621e-03 3.049855306236248786e-03 3.319034512834162943e-03 3.219528003383284251e-03 2.764983343500059931e-03 2.638754154040925080e-03 3.084227946075574801e-03 4.722051384977771563e-03 3.000152993459553191e-03 3.864587494184949529e-03
2.981260693689751374e-03 3.045588687865404074e-03 3.008901339827136073e-03 3.414371932882326755e-03 2.788121954054842248e-03 2.651376303305791500e-03 3.051941370250144635e-03 3.142748900846975037e-03 2.947722013807667959e-03 5.484845906835952162e-03
2.772949068978118603e-03 3.189160206549352620e-03 2.911159056915399446e-03 3.298008319327345225e-03 2.833816998463683113e-03 2.652294701847175782e-03 3.070881246166884751e-03 3.134805811499385107e-03 2.946156279832320632e-03 4.039182869360671661e-03
2.793262900445560044e-03 3.067504467540849329e-03 2.852505575180786217e-03 3.489507433192521983e-03 2.755912484943464844e-03 2.611697979588925231e-03 3.074326411201068910e-03 3.084759916371395284e-03 2.999573693245251305e-03 3.432668093200562116e-03
2.804280613597604725e-03 3.047191599605694398e-03 2.851545818242439984e-03 3.627463355718673309e-03 2.781608271228406572e-03 2.604540570124174673e-03 3.017937214962759015e-03 3.162219610125291402e-03 2.898763843843228747e-03 5.560862440294259135e-03
2.745640614837443257e-03 3.042901395362257021e-03 2.840346460288147544e-03 3.377466998635288153e-03 2.802962887733844322e-03 2.588427309066589511e-03 3.126487611207724032e-03 3.072471080247564032e-03 2.916348601734136507e-03 4.333009933410536876e-03
3.299259039763100497e-03 3.010940050934220961e-03 2.862502999526039468e-03 3.363513016013384028e-03 2.734136411436324538e-03 2.608718956988349998e-03 3.186417337624656513e-03 3.690134943698364541e-03 2.887453564504384538e-03 3.183895020572423493e-03
2.712326707926043020e-03 2.993177298765441717e-03 2.818606768941496390e-03 3.385105900322917145e-03 2.792448177785649809e-03 2.571021488173075905e-03 3.074469970943436142e-03 3.093631916823484217e-03 2.877127472333775113e-03 3.349249921962736513e-03
