8.914319886471609722e-02 9.203529877089121347e-02 7.751982284438023452e-02 6.542133571102802525e-02 8.020858539817014854e-02 6.958187477525459852e-02 7.903021291608647303e-02 5.774778982547742329e-02 4.387388715263523808e-02 8.548606552718916729e-02
6.910480929988667420e-02 7.723958391174576277e-02 7.188668616167492864e-02 4.950914800373511226e-02 6.683593627745863797e-02 6.091722810075268779e-02 7.390500078175973875e-02 4.264366368953328990e-02 2.427605221824474108e-02 6.185941261992152634e-02
5.314278145793047137e-02 7.026356473958939031e-02 6.682749584176418678e-02 3.782776118067882054e-02 5.584489634117251189e-02 5.515414462949579100e-02 6.853068542467848079e-02 3.340697323884753850e-02 1.789897140662545863e-02 5.013633949486454716e-02
4.190025601027721341e-02 6.489031280522689071e-02 6.242155093832645052e-02 3.267991622809080648e-02 4.413150722341309395e-02 5.053300764695661806e-02 5.984306560775318889e-02 2.834880448234626885e-02 1.564887161848168076e-02 4.333926901188544373e-02
3.261806127894904123e-02 6.081584678169956598e-02 5.818373565951987653e-02 2.866377952440156071e-02 3.452415470342573567e-02 4.692472792646082413e-02 5.040247620558904740e-02 2.514971666805201553e-02 1.470357373503163902e-02 3.941533162775691379e-02
2.653455234482970937e-02 5.634633709627193815e-02 5.382877958292013598e-02 2.620251201949905934e-02 3.001712113769473139e-02 4.407535365605316086e-02 4.255330588345563464e-02 2.283487604740755059e-02 1.392665327180289334e-02 3.736076263874828912e-02
2.250775483214452824e-02 5.159321588804052783e-02 4.926579113502975449e-02 2.469593528661339840e-02 2.731650078725456759e-02 4.180238664768824025e-02 3.635668449363686078e-02 2.150684634019330022e-02 1.359520917717299028e-02 3.520333401814038088e-02
1.995401853335367764e-02 4.724755539844593261e-02 4.476153599756809570e-02 2.268887923045792218e-02 2.561513810705050992e-02 3.986443551493271814e-02 3.178403591213360690e-02 2.032868032821384674e-02 1.301724779633573088e-02 3.384307161722979740e-02
1.794913748277136151e-02 4.426066206951886212e-02 4.150737472561157743e-02 2.125368838500359819e-02 2.423765870758678304e-02 3.810881962575517895e-02 2.919431131304361243e-02 1.936337256272508550e-02 1.235240717141129589e-02 3.266254375439980179e-02
1.617539077998769032e-02 4.180841807821009809e-02 3.702214471112120348e-02 2.014417608240837154e-02 2.263080064313299430e-02 3.672746181991783099e-02 2.541683653234417389e-02 1.861638404004161904e-02 1.183193657121729865e-02 3.093913593974690832e-02
1.490937938415183572e-02 3.976415939918856446e-02 3.344324925154418954e-02 1.891859284246739589e-02 2.152857333980093268e-02 3.514516754353060740e-02 2.310712892695027804e-02 1.809238324323714925e-02 1.146057617294719139e-02 3.043648132552081997e-02
1.400152971330911357e-02 3.830952451484206239e-02 3.109218830477962145e-02 1.800901900769327074e-02 2.008374554725542507e-02 3.425949524854354777e-02 2.138325831611971248e-02 1.749161033367829798e-02 1.103945417993143323e-02 2.892785528524136757e-02
1.333132131248970786e-02 3.670017632012023689e-02 2.772964845715250246e-02 1.732011455115447379e-02 1.902256814490184411e-02 3.238372813814486412e-02 1.996025065668118742e-02 1.694264362196298834e-02 1.068254152395920961e-02 2.814984936167382046e-02
1.240661320072730840e-02 3.514071222659669036e-02 2.520064213118837840e-02 1.648959519075072697e-02 1.796641910322181040e-02 3.079853130442093689e-02 1.916146161886663271e-02 1.659132036401392979e-02 1.026140984773099736e-02 2.659801510173975467e-02
1.189402599435073621e-02 3.371247002921926722e-02 2.298483065518986540e-02 1.578297023244979586e-02 1.679697316140472615e-02 2.935684958432056152e-02 1.786232718664333696e-02 1.608595431792158095e-02 1.029459845535846650e-02 2.588450252012140795e-02
1.134933542677802644e-02 3.282408675728080982e-02 2.068600135886978358e-02 1.529257044695909833e-02 1.589788522088678158e-02 2.813466534616524198e-02 1.708735179942389923e-02 1.557340800278877307e-02 9.673205002143994008e-03 2.474187758242270274e-02
1.071532192874711034e-02 3.155505804128135722e-02 1.869805784491230735e-02 1.480898853422100807e-02 1.491821224863679185e-02 2.695357793680077177e-02 1.649980713675779781e-02 1.515811995738126916e-02 9.442705203961562072e-03 2.464498672845825272e-02
1.029467799676728017e-02 2.983701989353151549e-02 1.672389906829562650e-02 1.416003565114194382e-02 1.428642238157212287e-02 2.598778423256569228e-02 1.588430239384932413e-02 1.472661560671431613e-02 9.044893696644599676e-03 2.311865138772490127e-02
1.038654367549420726e-02 2.884503458038452720e-02 1.507881624925166107e-02 1.339496181599534805e-02 1.361603038648214609e-02 2.434589872472443101e-02 1.527497896637320350e-02 1.431121426131423159e-02 8.933918976970729037e-03 2.259425918921371956e-02
9.418812596537517665e-03 2.768429777868783304e-02 1.365392788185557267e-02 1.283781043940953638e-02 1.288235927433375658e-02 2.358495684981739421e-02 1.473051279479500875e-02 1.394593068062543670e-02 8.516434079519047406e-03 2.171027040196839980e-02
9.287424661611375781e-03 2.688128877165227651e-02 1.231865019686841957e-02 1.265950632405211419e-02 1.217348315979509613e-02 2.197666703474896593e-02 1.430325267467998269e-02 1.351157868091198803e-02 8.272951592392630352e-03 2.135772128956486826e-02
8.944122684813850255e-03 2.598160329633130913e-02 1.124110699451289115e-02 1.191146885052189741e-02 1.155337273085915717e-02 2.102496945749773860e-02 1.377509306989812762e-02 1.324704368190362039e-02 8.096882518498662099e-03 2.139609404314141844e-02
8.636516303252399218e-03 2.471379509845135838e-02 1.045256464521023519e-02 1.155594103523424794e-02 1.106311062406367847e-02 1.943946233220044534e-02 1.335381945861432648e-02 1.293031313469131249e-02 7.873074363238152101e-03 2.006594236253802718e-02
8.394319207566116117e-03 2.352116359309373850e-02 9.882661352253310771e-03 1.115882467855406658e-02 1.062528660515994414e-02 1.847165436740320563e-02 1.306850717687913117e-02 1.238853445926817176e-02 7.976400724995509617e-03 1.977257119885479988e-02
8.375581348292599621e-03 2.242466726098806332e-02 9.106576085208810400e-03 1.065749022495777326e-02 1.019120676808179041e-02 1.749126544671667643e-02 1.262537858895888647e-02 1.217840718722632519e-02 7.488246539141852308e-03 1.910512908034871574e-02
8.056947494758022812e-03 2.133347788104806089e-02 8.636840729411669748e-03 1.046510782789602037e-02 9.742776750939262029e-03 1.648175971374944010e-02 1.226169616026679711e-02 1.177317786197604882e-02 7.377517201241454159e-03 1.906358909810301761e-02
8.031029662132144545e-03 2.021435247853983763e-02 7.909209140802552288e-03 1.024321846393957958e-02 9.503768497017407377e-03 1.551140573438964526e-02 1.186385106472264035e-02 1.137079188913003337e-02 7.405433774106577778e-03 1.818838759362094784e-02
8.348234358142019029e-03 1.919130843506369755e-02 7.644907237386155269e-03 9.531551022320349648e-03 9.170801698899661361e-03 1.467433800123162102e-02 1.149745440037569857e-02 1.102169146348335078e-02 6.930200358424236547e-03 1.842549770887293506e-02
7.546435920459592002e-03 1.837057515253362125e-02 7.199088276844174510e-03 9.218352888766807515e-03 8.809372845502814672e-03 1.391895070930291439e-02 1.116031019611478728e-02 1.073893776754974647e-02 6.974612049909112259e-03 1.734445227329309627e-02
7.650145362448249053e-03 1.740398769081209079e-02 6.875316209393840181e-03 8.937663994263869358e-03 8.629626568837362247e-03 1.314511570414788645e-02 1.112380833427822034e-02 1.052119328257123537e-02 6.743335378999548366e-03 1.684150418522047804e-02
7.847144377293323661e-03 1.620789041537221836e-02 6.680685257884756527e-03 8.698881710334083542e-03 8.323371944850773557e-03 1.254289085656259788e-02 1.059599594088080944e-02 1.017752750097233004e-02 6.532946076253816174e-03 1.651968752881290484e-02
7.254744332433896853e-03 1.544890852267875869e-02 6.444490662356845354e-03 8.421186806153484888e-03 8.130981284832007605e-03 1.216669007674135369e-02 1.034953620063937263e-02 9.877734609422386680e-03 6.578928694667541752e-03 1.643581796848532506e-02
7.070212003171935135e-03 1.430198050592877690e-02 6.341462064503284625e-03 8.188408826789683043e-03 7.944286099444364257e-03 1.139635556929999467e-02 1.010588696369155159e-02 9.571614423009399200e-03 6.511730872898863730e-03 1.561424416512903479e-02
7.232199023133682389e-03 1.355592054433296147e-02 6.074053858683997435e-03 7.976899749538439097e-03 7.903106184687152744e-03 1.097533613623236266e-02 9.871271942795706994e-03 9.257124705491021760e-03 6.149230637840682502e-03 1.510480045821883423e-02
6.874075524322020153e-03 1.266413440533185018e-02 5.972770014176022844e-03 7.870270487165769921e-03 7.550016231636682597e-03 1.042033604780319249e-02 9.716816224281814990e-03 9.190851860350532018e-03 6.118014511286111283e-03 1.464227644553961309e-02
6.869892118077995137e-03 1.178665302532319777e-02 5.789494316917751654e-03 7.543945756470373139e-03 7.309771505179082224e-03 1.007187679714609610e-02 9.389664564498467758e-03 8.797422750560621521e-03 5.811947075330044753e-03 1.435115126113383106e-02
6.807588537778885493e-03 1.100608088641446755e-02 5.695816222127190152e-03 7.552913108032984976e-03 7.241873064214429147e-03 9.776585395518176333e-03 9.215373787362748578e-03 8.582402303583619441e-03 5.693291847495922028e-03 1.371679442354179802e-02
6.882176402906909490e-03 1.014886725934708613e-02 5.544480551361664726e-03 7.263184002518532044e-03 7.029787708123208523e-03 9.243421157740530636e-03 9.007199117981158284e-03 8.362947629135142336e-03 5.934100647097290994e-03 1.332188202934701110e-02
6.693312548834309469e-03 9.761281655209008701e-03 5.467451338741759377e-03 7.198888574813119487e-03 6.924616989571491348e-03 8.972902192721577894e-03 8.819127106340819353e-03 8.166993977933748733e-03 5.529584669380169064e-03 1.271952768343474933e-02
6.589277550707682736e-03 8.988701290600056154e-03 5.347435340600331134e-03 6.973059367520986936e-03 7.018306765735954876e-03 8.725218455991914229e-03 8.839617050282150973e-03 7.952515681134478959e-03 5.546212156597995005e-03 1.211313659995761315e-02
6.437832531330065118e-03 8.584356284158468908e-03 5.278521645058696123e-03 6.785580864435920671e-03 6.662360499376490663e-03 8.386087830992854791e-03 8.474042522941019687e-03 7.723147659802878651e-03 5.368720926482151851e-03 1.171730642860579520e-02
6.423351651106194889e-03 8.610118678784074026e-03 5.240912458677320432e-03 6.829370080654940597e-03 6.513775455371627852e-03 8.216787677777764171e-03 8.345071550902078208e-03 7.578279543326535937e-03 5.321286243038730358e-03 1.113688691823004791e-02
6.469683471032206673e-03 7.764330293744877223e-03 5.153415775025101120e-03 6.522239879464350291e-03 6.394314021621559478e-03 8.120019730938472097e-03 8.127115653043590418e-03 7.447313829489841074e-03 5.352572466613124760e-03 1.074573943011358605e-02
6.351428109820469667e-03 7.260538627418700736e-03 5.095063664675841646e-03 6.497811288433034439e-03 6.381283981074091505e-03 7.872919568445130301e-03 8.006637352909434791e-03 7.223704893275539538e-03 5.244714495667930458e-03 1.030457418802215031e-02
6.289434460570257276e-03 6.940139677075345993e-03 5.055060126255827950e-03 6.365898465249582826e-03 6.180545190348322136e-03 7.773511427594624948e-03 7.855800700882067250e-03 7.070217143478742076e-03 5.141205574134933426e-03 9.875371177721269100e-03
6.269061244846264175e-03 6.604623252365699089e-03 4.950471374823762864e-03 6.165869105498383504e-03 6.110717065699938430e-03 7.606929212765066103e-03 7.751419950210072796e-03 7.138859163253014409e-03 5.115294420223993888e-03 9.483545890819240765e-03
6.233275390785980759e-03 6.455287922508041835e-03 5.130595912470545250e-03 6.076268114599173154e-03 6.002608008422912964e-03 7.520861335928319229e-03 7.629027268479804391e-03 6.792301269836060335e-03 5.026856073165028409e-03 9.174309082557804626e-03
6.139099300577985537e-03 7.105808287651563943e-03 4.859214640557567647e-03 5.978346157020543970e-03 5.986131168661132373e-03 7.492970548447890240e-03 7.488324299428995683e-03 6.683920030784351075e-03 4.849667248506740573e-03 8.867486370914853464e-03
6.841314281105709272e-03 6.259335602937616053e-03 4.818663321723219185e-03 5.911068741356510260e-03 5.859111508462925590e-03 7.345218632292186203e-03 7.394887799398123379e-03 6.664046045670830691e-03 5.140582401122107195e-03 8.553675266947528485e-03
6.202662166823581270e-03 5.973387622097192477e-03 4.858037223675976124e-03 5.879902856254455579e-03 5.762137622944673784e-03 7.250609150543134256e-03 7.218193501863343770e-03 6.498747824292133712e-03 4.748114535091997081e-03 8.295670992076847536e-03
6.111345384400601426e-03 5.820233191014500401e-03 4.734450061179347469e-03 5.819005489505925735e-03 5.751024472962048412e-03 7.134481050421180061e-03 7.205058809068662189e-03 6.314667045048601504e-03 4.805637482687129605e-03 8.071137283547987970e-03
6.164875825913818455e-03 6.563378174602004650e-03 4.705041454963646702e-03 5.737873418707017080e-03 5.696355699094993001e-03 7.041051427013240299e-03 7.071602814846797425e-03 6.310699475966438481e-03 4.684378224423767223e-03 7.869240685537220309e-03
6.058878467729661606e-03 5.362757087127148492e-03 4.742507886171077464e-03 5.655982138385268025e-03 5.599321132713235352e-03 6.972351722376050366e-03 6.917682040021288885e-03 6.087765161248696009e-03 4.649203155178889026e-03 7.731479022755825305e-03
5.929815893161674567e-03 6.126544888647760673e-03 4.643510922343620749e-03 5.597691887433507013e-03 5.550957336357300112e-03 7.162843348176401240e-03 6.745167795315315171e-03 5.940260162938779814e-03 4.543761622370986672e-03 7.541518278607030334e-03
5.903276830028571752e-03 5.502931782333939786e-03 4.644785776607259636e-03 5.553997800337271903e-03 5.614936667602580915e-03 7.243436728866423611e-03 6.660838911316560064e-03 5.937629914540143959e-03 4.773964479940179077e-03 7.350522239103866005e-03
6.119773563230774746e-03 7.092212097249741762e-03 4.633258150629605485e-03 5.489085552352074120e-03 5.425913435569423501e-03 6.835889156208879540e-03 6.696397033826667795e-03 5.797383816782540611e-03 4.757139232546714162e-03 7.205690107883337518e-03
5.958519618371378203e-03 4.991550689675438267e-03 4.568480042056827402e-03 5.389153287958400006e-03 5.363363359030530464e-03 6.790501475636516286e-03 6.526775508469544532e-03 5.772108908821685196e-03 4.413807585504979196e-03 7.142329123913101346e-03
5.927354719159132548e-03 1.019727077724763738e-02 4.495076904582193632e-03 5.323043179663522299e-03 5.289340364457465957e-03 6.897097358427839962e-03 6.468879776668255178e-03 5.887915723403566726e-03 4.394468585479642531e-03 6.940500127961125691e-03
5.809375233084290019e-03 6.170630433866313401e-03 4.491792989595371453e-03 5.297410195675373266e-03 5.218482615209111067e-03 7.133449450148870476e-03 6.343189735249702213e-03 5.709158879104656893e-03 4.454019703474921578e-03 6.859944798731141755e-03
5.847526245889637236e-03 5.158098207943649129e-03 4.477817043194253985e-03 5.337720874471914810e-03 5.182748424554665771e-03 6.693191974472822992e-03 6.239087645094902775e-03 5.584193402060799033e-03 4.951029759307950737e-03 6.749001875834526563e-03
5.765374312174293553e-03 5.219945218421797282e-03 4.600652334849506843e-03 5.255658762169883487e-03 5.164858327400059790e-03 6.667835448394159037e-03 6.192029260964383719e-03 5.528091941912159114e-03 4.322427810189705469e-03 6.571862413279376362e-03
5.856911516184754030e-03 5.000189254525098416e-03 4.508688889259607202e-03 5.191408627458555386e-03 5.110522879248293251e-03 6.569970316468581872e-03 6.148001960526170047e-03 5.510600328712844317e-03 4.222019329465335688e-03 6.490310602463045600e-03
5.731910755955916571e-03 5.000381980497041121e-03 4.425117478973757471e-03 5.159572677433878381e-03 5.067476514335784478e-03 6.610705263924831349e-03 6.092313818985631291e-03 5.405662025806269762e-03 4.288746124005289075e-03 6.375308941958317439e-03
5.726132211361902903e-03 4.944792809328061971e-03 4.378256773300492725e-03 5.126470263326649707e-03 5.031217659334323404e-03 6.541538125650543309e-03 6.077871742967593145e-03 5.275951002242648853e-03 4.342966856854958702e-03 6.288861118882075815e-03
5.699093762701556119e-03 5.041341018191249253e-03 4.359299981342127858e-03 5.108497128282760320e-03 4.943579271463096822e-03 6.489551419055107108e-03 5.898555725843844869e-03 5.200424681863272808e-03 4.168462206000985749e-03 6.276853102669203641e-03
5.691565320613095093e-03 4.815801927111202675e-03 4.435791982075994871e-03 5.082538546367976195e-03 4.950132596163978743e-03 6.505895414824836194e-03 5.849654371569181811e-03 5.203325822914705093e-03 4.153604282645471241e-03 6.126398092866752396e-03
5.604812080410147106e-03 6.438927737614117894e-03 4.305357065956080982e-03 5.082886470811150484e-03 4.982138498304154554e-03 6.468533540552583866e-03 5.777665782058486951e-03 5.202080500036838744e-03 4.172593795589723056e-03 6.102468543372974868e-03
5.836182070762400802e-03 1.017014660461973072e-02 4.304149480832754858e-03 5.121419070177101428e-03 4.876033458879989665e-03 6.569689834373908591e-03 5.716735870510728304e-03 5.189275605289108036e-03 4.179333021206756323e-03 6.011577007561235211e-03
5.645179018914052785e-03 5.588874113252560727e-03 4.323121356550622442e-03 4.993534096515456211e-03 4.825170507954825057e-03 6.511359454099164938e-03 5.676628443821776608e-03 5.065857791954161103e-03 4.010286653398593970e-03 5.954553072638361054e-03
5.579970097910199982e-03 4.777874714262288734e-03 4.354378094875772064e-03 5.000215537909327886e-03 4.758132339294598480e-03 6.472640174987334509e-03 5.609899140338832357e-03 5.093376400845153230e-03 4.004507973572261903e-03 5.866536022198847247e-03
5.706648716341823462e-03 5.911469663521783449e-03 4.261045512690480978e-03 4.985777193784652651e-03 4.732630293790418899e-03 6.639377618558032178e-03 5.577454244939277980e-03 4.996177370141961435e-03 3.981523319236676857e-03 5.812725756309482412e-03
5.594752878864630956e-03 5.991624470126163775e-03 4.290443297010350897e-03 4.938511277390286551e-03 4.705942486378444749e-03 6.501902493114966770e-03 5.825143461060359670e-03 4.978736314857131785e-03 3.974957702399888569e-03 5.788597472034486512e-03
5.488864620808179585e-03 4.868318733127096308e-03 4.260028497286110633e-03 4.947912363798261104e-03 4.652056155340996910e-03 6.336241927926998529e-03 5.442160070277209105e-03 5.249858108895129501e-03 4.343050724685306764e-03 5.730114118527076736e-03
5.597221963061308099e-03 4.574943462001954640e-03 4.235968570189851609e-03 4.926634807593114826e-03 4.608435647914709866e-03 6.685597884434252985e-03 5.412319972846084577e-03 4.949664237407914828e-03 4.016680310300853492e-03 5.725209926214580060e-03
5.489031271159021570e-03 6.523929526542998798e-03 4.219497275746986881e-03 4.893490521890316892e-03 4.660418974996904766e-03 6.397528261268774392e-03 5.419957952168607401e-03 4.858934559908869785e-03 4.052728327300684184e-03 5.611709313790504312e-03
5.502915193952339148e-03 5.370003213629613928e-03 4.207808293329114852e-03 4.926478741158413915e-03 4.587874064713698408e-03 6.545066174787385511e-03 5.277228961218439172e-03 4.823606470238508970e-03 4.086742741036925378e-03 5.534698783111683361e-03
5.468531640048159871e-03 5.351452452938767687e-03 4.216318351892455428e-03 4.882274005424774160e-03 4.544562882065206720e-03 6.502192340281352963e-03 5.314452837187732225e-03 5.102544947419272899e-03 3.857448784013140734e-03 5.669252345676635378e-03
5.518504397363139385e-03 5.695077441743618026e-03 4.176853731572471341e-03 4.845909958362311191e-03 4.517011665305120487e-03 6.549062536360990804e-03 5.260275474078231553e-03 4.759890455629104886e-03 3.857838565670531402e-03 5.474487120587646742e-03
5.502879974902319914e-03 1.257554625925808196e-02 4.217196419166332165e-03 4.913892331028436866e-03 4.476845715886899370e-03 6.422837184719095739e-03 5.193418452680074841e-03 4.789691393704030749e-03 3.989863736435757605e-03 5.439321381171626814e-03
5.458952738363128006e-03 4.379583094770902324e-03 4.164903183203409222e-03 4.820531315043638174e-03 4.443191900913802742e-03 6.603210646724419659e-03 5.175023117465992611e-03 4.820311452267092567e-03 3.889232471392715072e-03 5.417706094169449579e-03
5.410331990723621191e-03 5.381158263007107881e-03 4.135420387448716234e-03 4.830854717295997650e-03 4.478058219544379243e-03 6.372659325338183613e-03 5.081013904823145771e-03 4.685476756797569108e-03 4.094997820829089988e-03 5.394380410268913295e-03
5.441942125500580374e-03 6.772434260484016220e-03 4.150075657736560994e-03 4.765408946894426206e-03 4.426254104234207329e-03 6.396332518539750434e-03 5.090919485390752071e-03 4.688140107368611760e-03 4.096149147363606878e-03 5.351236454503816194e-03
5.387093006051667764e-03 5.106354234619148343e-03 4.149783444419742097e-03 4.769594615463570129e-03 4.423962167801579089e-03 6.839585205811274729e-03 5.086152353247989921e-03 4.871625472293493464e-03 3.696086469779063643e-03 5.381701262426734009e-03
5.366360133762597059e-03 4.312844319084371478e-03 4.302028524788541891e-03 4.743708035947549750e-03 4.435947258409053684e-03 6.197482244931683260e-03 5.001319653824461316e-03 4.580746443327231819e-03 3.874903194288810155e-03 5.277666962444546236e-03
5.503085507559328342e-03 8.291469583759649223e-03 4.189529418225120330e-03 4.728133810327155018e-03 4.415985846214351071e-03 6.179556492443956384e-03 4.949952187728231048e-03 4.914562265984395023e-03 3.746898973227335335e-03 5.229637334341126487e-03
5.403640308499612493e-03 7.042478644578720713e-03 4.151385735248243856e-03 4.735637497343112012e-03 4.344991885670382824e-03 6.255260602300500607e-03 4.902833168735596346e-03 4.843408495792449198e-03 4.327469739473810764e-03 5.265976296233401861e-03
5.418433600499162825e-03 4.449096246796732830e-03 4.112099749691358608e-03 4.757842620535598574e-03 4.440433320540708266e-03 6.403208252432753163e-03 4.882831136199678942e-03 4.596491506335412258e-03 3.790523156334973248e-03 5.161454293880408072e-03
5.437119120108848021e-03 4.485041185786060522e-03 4.089717401254544873e-03 4.716415392839739748e-03 4.283260379410007423e-03 6.141152869151860275e-03 4.955977690092224115e-03 4.597209377053954570e-03 3.851841710518985606e-03 5.150678151045203802e-03
5.579386623314185403e-03 4.276777857988727644e-03 4.085283612691064867e-03 4.695904084069503839e-03 4.266710784942653358e-03 6.499992138904180268e-03 4.840346117394452377e-03 4.709333935442140857e-03 4.094548231200502257e-03 5.123963355647932587e-03
5.357792600382999502e-03 4.829596220933783657e-03 4.179735324291127332e-03 4.700744292642381437e-03 4.241004426488996504e-03 6.230976675345874759e-03 4.805400876674152146e-03 4.623219984759291065e-03 3.655175938496752191e-03 5.133352412189979945e-03
5.452819624186082403e-03 4.482225793530323320e-03 4.096172645801375405e-03 4.687115687319094379e-03 4.217464584530284180e-03 6.365813239129870967e-03 4.730079174635648705e-03 4.546624042467074106e-03 3.661994341556371307e-03 5.098972587354529823e-03
5.267496424280122304e-03 7.528230609978790039e-03 4.105554801372612340e-03 4.668539473543988939e-03 4.227937751031087335e-03 6.471345709955329643e-03 4.824887698705114525e-03 4.688264995504238218e-03 3.841873671561425382e-03 5.096912910787510832e-03
6.017162498986350881e-03 6.801065046086404026e-03 4.169028831809702684e-03 4.683566080077623470e-03 4.169787374154258243e-03 6.495839968820836703e-03 4.789181839492229198e-03 4.576201691115888703e-03 3.857081572357090159e-03 5.049861767780205839e-03
6.381053911433019581e-03 5.051835864391887240e-03 4.085525944674887368e-03 4.628742076468695017e-03 4.171245641655206907e-03 6.736128771538080900e-03 4.719522719274171774e-03 4.598746248259107626e-03 3.744490749214548966e-03 4.993526303415791491e-03
5.373203310646987307e-03 7.051691708892688162e-03 4.115771521509457853e-03 4.642938792746229872e-03 4.168949571224798284e-03 6.190673243371918807e-03 4.716443740359113276e-03 4.522883518609872172e-03 3.559290795221561020e-03 4.996469027094462001e-03
5.232353771203168517e-03 5.597080258839005722e-03 4.030673733602932116e-03 4.617616983986422459e-03 4.099936815202219302e-03 6.367378713696111685e-03 4.710867427515750758e-03 4.599928117939922241e-03 3.711668663249442345e-03 4.951479888736330139e-03
5.234735409935414516e-03 4.524617609949587241e-03 4.064403300151523714e-03 4.613673950604839195e-03 4.142441974329029962e-03 6.369730776936367335e-03 4.501823400064153095e-03 4.426401183411511620e-03 3.658771740795915394e-03 4.940886436433114710e-03
5.295985640712071521e-03 5.367555186390060920e-03 4.242737731194758284e-03 4.648113783179028298e-03 4.108361575099006222e-03 6.561545978944796111e-03 4.568425519026139865e-03 4.467338737767902711e-03 3.580185018111519280e-03 5.002137470905417341e-03
5.206279098850911252e-03 7.215137854189132560e-03 4.064850056003142288e-03 4.606947754486564496e-03 4.139292980958819528e-03 6.225122529806737144e-03 4.646835868539620634e-03 4.567096987829490605e-03 3.611395809710752757e-03 4.916455294481243340e-03
5.566525843346140437e-03 4.080774131980717707e-03 4.024642782026527886e-03 4.601453564554796281e-03 4.077969965365937227e-03 6.149594781948829018e-03 4.465532664746209822e-03 4.590566664067696583e-03 3.534787380860562878e-03 4.874287086887451811e-03
5.234586806075912889e-03 7.555784694496664455e-03 4.061452760266938064e-03 4.574602107894922692e-03 4.120498327221339650e-03 6.031270793244758108e-03 4.482868603251487921e-03 4.505238165229735227e-03 3.650697780254913687e-03 4.869486806944869559e-03
5.275403104935481001e-03 4.322685692512438609e-03 4.038522136945553974e-03 4.637056210964471230e-03 4.023363872828509408e-03 6.134001987875808103e-03 4.406204177088875185e-03 4.560916620992085807e-03 3.750054023176824670e-03 4.844061369704728837e-03
5.247037481858885660e-03 4.704725637287815281e-03 4.018432355236349618e-03 4.565728745559263432e-03 4.064183943258714918e-03 6.296261235189468640e-03 4.458256258672944894e-03 4.564401648271480816e-03 3.758261081703493517e-03 4.940906940309915986e-03
5.244533746797935998e-03 4.505150703685922332e-03 3.997349523862739513e-03 4.567694605878081827e-03 4.020905533790323540e-03 6.166470208900839620e-03 4.385778576673778073e-03 4.592336331920745911e-03 3.559368480322333810e-03 4.888003280827186298e-03
5.491640639810132715e-03 5.974119109350637009e-03 3.987467325961777283e-03 4.533749198116267427e-03 3.984022792838433184e-03 6.423535873660617124e-03 4.350253094397346816e-03 4.567443785678513592e-03 3.381363379953376998e-03 4.822947779718539905e-03
5.357422366766737346e-03 4.620864411569747601e-03 3.990483587989200262e-03 4.544991005494103398e-03 4.038252431329128651e-03 5.963291218105590784e-03 4.352266694909913934e-03 4.421610527186184761e-03 3.700314450225109918e-03 4.742158224985359126e-03
5.171003865740626294e-03 5.890683785688562678e-03 3.996578831483810386e-03 4.560621478032812065e-03 3.999729242284572224e-03 6.210940423301013029e-03 4.486918267520236328e-03 4.828610781678711016e-03 3.443806631808149846e-03 4.761120677497615063e-03
5.171267357889088381e-03 4.776647452183918098e-03 4.010261945228554489e-03 4.536652473318573964e-03 3.984451350614809720e-03 6.386552557597085893e-03 4.296355913450559082e-03 4.727472960831196648e-03 3.484304818922198416e-03 4.758720375241538500e-03
5.135097120428825691e-03 5.507336211759868150e-03 3.972670814373550560e-03 4.560010560683672859e-03 3.948807055557483452e-03 6.150802785416552461e-03 4.220796972749374723e-03 4.448293293960598783e-03 3.541197011975861977e-03 4.718542774244764704e-03
5.139798158886028576e-03 4.460813448214799581e-03 4.063309392054175774e-03 4.537160238843112106e-03 3.936112207083295247e-03 6.569799352926793991e-03 4.254326926009966738e-03 4.561535702274087216e-03 3.821897570418899930e-03 4.703408454583164582e-03
6.265170635618735190e-03 5.176111114157934574e-03 3.987092460244552779e-03 4.498537710411455726e-03 3.935811483383423563e-03 6.014275668380842342e-03 4.247407526806888829e-03 4.548957798432403700e-03 3.637834475301344236e-03 4.729098809187566067e-03
5.198938124441826805e-03 5.112147716045002850e-03 4.014170013654953968e-03 4.498002322394735117e-03 3.917224051517434816e-03 6.323027376238083384e-03 4.427670008352318706e-03 4.563724605411377186e-03 3.374310054971836701e-03 4.724825169044002092e-03
5.145261540648475573e-03 5.032594935970505570e-03 3.961455559336381042e-03 4.536757488068076175e-03 4.155943719923339309e-03 6.212772025455536203e-03 4.269839268663944490e-03 4.620589762728804194e-03 3.485829256717452168e-03 4.671633282348303280e-03
5.208368979045034826e-03 4.472530131918774250e-03 4.133194456796576016e-03 4.477973168203994679e-03 3.904182343887045974e-03 5.956693994365683427e-03 4.199011802637827619e-03 4.520192205833059931e-03 3.390121133361301883e-03 4.674598658896128058e-03
5.184198647405481759e-03 6.752954823348952633e-03 3.922882329493220833e-03 4.475934395881591386e-03 3.908141696162252370e-03 5.999601109343084306e-03 4.207312781150487555e-03 4.410796346959970984e-03 3.816556452294321382e-03 4.625247438126625990e-03
5.104820085900681030e-03 1.072324262573470452e-02 3.993454620489135347e-03 4.476970824206693601e-03 3.872038422462727517e-03 6.363278197717736270e-03 4.157228907719339589e-03 4.602681954473004933e-03 3.343681980663059262e-03 4.664880253900442059e-03
5.156406288479173372e-03 4.434722542371567246e-03 3.928249385690106565e-03 4.571494331840186137e-03 3.952533237272386028e-03 6.201725713306776439e-03 4.123197598356754222e-03 4.525119014163874256e-03 3.414245454304577678e-03 4.660745276263592723e-03
5.111669981572063322e-03 4.203527418676762835e-03 3.947018284445517541e-03 4.453961760685303146e-03 3.867275362492889317e-03 6.485554259457028056e-03 4.121337438472394768e-03 4.716271796419183385e-03 3.551426357582060638e-03 4.669424289520895249e-03
5.122648963106017292e-03 4.574586529582590731e-03 4.015037076036879864e-03 4.475357320759794713e-03 3.879092742066034272e-03 6.203838056905006462e-03 4.089299045336591484e-03 4.610188280180465940e-03 3.313498900414276350e-03 4.573165609857644115e-03
5.335967845118199000e-03 6.622627779660756817e-03 3.937488491113031591e-03 4.455088013709342966e-03 3.825885762118773261e-03 6.110413961718573136e-03 4.216778419329310010e-03 4.599050857500559635e-03 3.253624914983826652e-03 4.599233875137594650e-03
5.105345845627823689e-03 4.278670001306056001e-03 3.923816499187278428e-03 4.461170305197729481e-03 3.822611323727146283e-03 6.030456541796597181e-03 4.044361238906150728e-03 4.405780184871706251e-03 3.364168246376720520e-03 4.563841549784484336e-03
5.065205259705343743e-03 4.552474531266874173e-03 3.904331291171023524e-03 4.435361948088110268e-03 3.884660323294500828e-03 6.419875447213724620e-03 4.075840597100646549e-03 4.531755057741102856e-03 4.058044584687094981e-03 4.533300231082366440e-03
5.090979416242799593e-03 5.582427903996016114e-03 3.878255483560261868e-03 4.484423574923078297e-03 3.867045543687299552e-03 6.147028388398745151e-03 4.068590636067654677e-03 4.476554076707856857e-03 3.273311817842150875e-03 4.542247422467801318e-03
5.086917732718585286e-03 5.420334776611508351e-03 3.924208142017057178e-03 4.419953012834379295e-03 3.859780886658703645e-03 6.041796087776416663e-03 4.009920627297669689e-03 4.604703976106150690e-03 3.502400618370377170e-03 4.554040036099882283e-03
5.065926581267574114e-03 4.578284090150886061e-03 4.141290761310848292e-03 4.418476133740932565e-03 3.973685597593863521e-03 6.077904243489039120e-03 3.982080369584539876e-03 4.323432032103305574e-03 3.473894275079144299e-03 4.504864804878328834e-03
5.333091187086603895e-03 3.649981488904901431e-03 3.984139400907854914e-03 4.408479255316856069e-03 3.809800045577669582e-03 6.016290369779537378e-03 3.982948983161997171e-03 4.529169064280519699e-03 3.276311642649750323e-03 4.537853599378302745e-03
5.235112253892096681e-03 3.726840215989169619e-03 3.917589197375809240e-03 4.386373554584729537e-03 3.826996425277551499e-03 6.374533014400965598e-03 4.003218966191108251e-03 4.420446386222457412e-03 3.218045422140759088e-03 4.511761521059132890e-03
5.198611908352047777e-03 4.453512311995944453e-03 3.998198032588223469e-03 4.400072002287255118e-03 3.794337200649917311e-03 6.132748659469028363e-03 3.962864207923765848e-03 4.354502505931690318e-03 3.357960592665631093e-03 4.730516379414638310e-03
5.087798016889082293e-03 4.031613594142404410e-03 4.038878592034120599e-03 4.375396847616636747e-03 3.792374224682500301e-03 6.301433955285005127e-03 4.152472248633377709e-03 4.497797376068902141e-03 3.506451951608393052e-03 4.475322930356067687e-03
5.153464916442184254e-03 3.868598162974403506e-03 3.910242851739674855e-03 4.401399212432232678e-03 3.772216800408979224e-03 5.947631114096400828e-03 4.041340539035140345e-03 4.193461770480903794e-03 3.363235236133908877e-03 4.491621769780828818e-03
5.013020450220992408e-03 8.653878838287146560e-03 3.876324069899333286e-03 4.429672510813748888e-03 3.759454916975529977e-03 5.856447068390949022e-03 3.992210549727371639e-03 4.847904724206329556e-03 3.203210058962827848e-03 4.467595327117376142e-03
5.028736871879498950e-03 5.108172982734649967e-03 3.922538226010903288e-03 4.367636865820327154e-03 3.779842441172027567e-03 5.964751168064263802e-03 3.921465823764513046e-03 4.269257044044643193e-03 3.104230660235090047e-03 4.553969275556869582e-03
5.017464287773540366e-03 6.688261222591316939e-03 3.861195459311666384e-03 4.434222349800654404e-03 3.771332589008205127e-03 6.064400642211263508e-03 3.892239402866002305e-03 4.239124928754388864e-03 3.260055086536072996e-03 4.398210447409033920e-03
5.026604206601224464e-03 6.647362832369974571e-03 3.848600611158790440e-03 4.379595841608362010e-03 3.781499327796954742e-03 5.895646187721740976e-03 3.934487440696629763e-03 4.443529723613100745e-03 3.546874717935372383e-03 4.398930985986416325e-03
5.138247044748516824e-03 4.044262449325760483e-03 3.886185961221419634e-03 4.396109678005595718e-03 3.763602060576478735e-03 6.021103117774768976e-03 3.928565901711415786e-03 4.346250857022815849e-03 3.379764836859091518e-03 4.409368232660095498e-03
5.013905088817712657e-03 4.212988215850249976e-03 3.825119752123840727e-03 4.359672554697636114e-03 3.796120910642759600e-03 6.066685929344566193e-03 3.875269057123276791e-03 4.415280893329573235e-03 4.239998531090873567e-03 4.450959004641140762e-03
5.042474704486443055e-03 3.579822387920970385e-03 3.826292622625045072e-03 4.356414649097020350e-03 3.738126226838426984e-03 5.956228485701595306e-03 3.866773434918584218e-03 4.550129128059071139e-03 3.420232737984553722e-03 4.392828323989330687e-03
5.107767312947145665e-03 4.370474339353331954e-03 3.873269914124972263e-03 4.321839552163651670e-03 3.730861095829978314e-03 6.001084433402774018e-03 3.868461226950388292e-03 4.504345304530844862e-03 3.164962974332562445e-03 4.429821804870446786e-03
5.680384371273302160e-03 3.823285231416867058e-03 3.897762423663232029e-03 4.371919723214809372e-03 3.734090398724043604e-03 6.066283489632721959e-03 3.830301572874578869e-03 4.555511977272573565e-03 3.494806249983123652e-03 4.365711580466580602e-03
5.347456360141877689e-03 5.938939074358489702e-03 3.814572601499165595e-03 4.322658491445681948e-03 3.753173170804563041e-03 6.305974904952858090e-03 3.810089894609375305e-03 4.250735252968408651e-03 3.277183346470400032e-03 4.328910516353940557e-03
4.984048855549659367e-03 4.051401591448980551e-03 3.824519885831706781e-03 4.333755342954604718e-03 3.772421188326800096e-03 6.089572837610047855e-03 3.824654391959887538e-03 4.336518158750069657e-03 3.321135617334907385e-03 4.358835053599190330e-03
5.070167420162982087e-03 5.556970175758844596e-03 3.823005223206805882e-03 4.365248309433843524e-03 3.817967705098936938e-03 6.220392741189732788e-03 3.888392847333669005e-03 4.310335828453739845e-03 3.204169021658319436e-03 4.353579569540301855e-03
5.019883171925284063e-03 4.044330354688771903e-03 3.929892884671197344e-03 4.339191490222980320e-03 3.798421999108302777e-03 5.955744603421695219e-03 3.887186620608722772e-03 4.260567773404778415e-03 3.280407005379372670e-03 4.378835387277658052e-03
5.082419744941445681e-03 4.154243099263481287e-03 3.901374854733495341e-03 4.301495020569229277e-03 3.717566556391772772e-03 6.386928808070090058e-03 3.804081831994377862e-03 4.441483184012951120e-03 3.237163103434582880e-03 4.387839638893238810e-03
5.012027641470612367e-03 3.641379355038089349e-03 3.820034611707115446e-03 4.320524810558824987e-03 3.722228429040366337e-03 5.961355388488589167e-03 3.828091082457160937e-03 4.447704508132469502e-03 3.213537455409049698e-03 4.357022535518782422e-03
4.968051209728470939e-03 4.926368695229875819e-03 3.767074853886473278e-03 4.368252868857029278e-03 3.880383352794284941e-03 6.029846076528361937e-03 3.778764490811094886e-03 4.422052573523580291e-03 3.519924552325885345e-03 4.351065634780838451e-03
5.129788576606029993e-03 4.079441008859963601e-03 3.818335814773784424e-03 4.305114604544844382e-03 3.678160343112876415e-03 5.942449506818818505e-03 3.759553015430069662e-03 4.289336245674910467e-03 3.246844805123308766e-03 4.305475036140362852e-03
5.571829617824244386e-03 4.607386921094973505e-03 3.868131359103622619e-03 4.308559983014151849e-03 3.740984188157687497e-03 6.022205247265393149e-03 3.800072107229111266e-03 4.712721376789996350e-03 3.169932464254409960e-03 4.303611201764529284e-03
5.052421787652862720e-03 3.938675164520598522e-03 3.821267078214342708e-03 4.313882663911967723e-03 3.705150824489920284e-03 6.138018706753862325e-03 3.783019393843890105e-03 4.314220320420269865e-03 3.494925222540743934e-03 4.302137531386188672e-03
4.981358582720011967e-03 5.506766102901185581e-03 4.035674381250326827e-03 4.408194535212978798e-03 3.700279711190639260e-03 5.880984429040363691e-03 3.874748000754356554e-03 4.239736392577870411e-03 3.030734786604086326e-03 4.267895329848731510e-03
5.125748903074235467e-03 6.123486029271784682e-03 3.814861260814505529e-03 4.277906640748945812e-03 3.671872984594921722e-03 5.783540989404457010e-03 3.713195937212924319e-03 4.563493844214331317e-03 3.154860092221370080e-03 4.303459760987411904e-03
5.094705259717832030e-03 3.828942719244490464e-03 3.787430099656761626e-03 4.272356345461763086e-03 3.690787823426818978e-03 5.862040886947223785e-03 3.795184290426154537e-03 4.310526350554890959e-03 3.184943865664909089e-03 4.243469890224576928e-03
5.214903672928049988e-03 3.733646156346052177e-03 3.805178303805025180e-03 4.276908501417130311e-03 3.655536570066851825e-03 6.093790528400594951e-03 3.696115593049647836e-03 4.566335825131283103e-03 3.275805209379818294e-03 4.263948994754325830e-03
5.194726946586202855e-03 4.041699469772348785e-03 3.797661918050587292e-03 4.262974507003600665e-03 3.631259055924149822e-03 5.853216954331213508e-03 3.684174614840372754e-03 4.396206657971055837e-03 3.373167756516516364e-03 4.246081259726343371e-03
5.470007860964503504e-03 3.571944634960734673e-03 3.860394248246017124e-03 4.300891753033108354e-03 3.702727818327607341e-03 6.141087094415692213e-03 3.695968336001462327e-03 4.500038904746687767e-03 3.017365423451529634e-03 4.252054925540228562e-03
4.998489453036453894e-03 3.560033972218891105e-03 3.787944297518476122e-03 4.232519331458301469e-03 3.712139581327200503e-03 6.175984077847541595e-03 3.668068803559884454e-03 4.165867952865314611e-03 3.261379674518588134e-03 4.247423580806652943e-03
4.948191992305810659e-03 3.488708031351259783e-03 3.781071257962616110e-03 4.294034059861830295e-03 3.670836321171635965e-03 6.106659744147010897e-03 3.710782628920221166e-03 4.235628050340040258e-03 3.180537855234151067e-03 4.243972005096335182e-03
4.997588301932137135e-03 3.631757454280169252e-03 3.778584165402762429e-03 4.262545180389136316e-03 3.685770917522764034e-03 6.009088527584621926e-03 3.711225375374967075e-03 4.244848320287646082e-03 3.517720563690534576e-03 4.197331854974769259e-03
4.957953734702821337e-03 9.167890826331856827e-03 3.763870524219561312e-03 4.242255169947942335e-03 3.630526549001680727e-03 5.892611844698955603e-03 3.675925300385548058e-03 4.333831375969164450e-03 3.307356493280890104e-03 4.249203112994487039e-03
5.113757707891864943e-03 4.366207441847791415e-03 3.813787252482002659e-03 4.291922536067488241e-03 3.658234532263545096e-03 6.080644612345741454e-03 3.639783468840724224e-03 4.294791654227755363e-03 3.319379642713143896e-03 4.232801042071097919e-03
4.979837002319475320e-03 3.777437048569036188e-03 3.784813914051871672e-03 4.249820250133437040e-03 3.737728233629856837e-03 5.916090078382602209e-03 3.658674822670417680e-03 4.314072219943383343e-03 3.379018723041441949e-03 4.208017967409966899e-03
4.942648287763682681e-03 3.913341370321355046e-03 3.779997215915005277e-03 4.256006631617413431e-03 3.612080437217326731e-03 5.943884247719900989e-03 3.647699653363886772e-03 4.127624304700385459e-03 2.927088026854727642e-03 4.242614587606222815e-03
5.006864676181178517e-03 4.151757028124048073e-03 3.798605673563284612e-03 4.230725825566864287e-03 3.660475718612876943e-03 5.741126150688306493e-03 3.671230716152584870e-03 4.413011856008544967e-03 3.140497031356529259e-03 4.200232998266585638e-03
5.003658329359740239e-03 3.938659121656696606e-03 3.755986071947209261e-03 4.233078040953726882e-03 3.630215451859634783e-03 5.773171756001642049e-03 3.631893807101568925e-03 4.190820899000287023e-03 3.270458688486552450e-03 4.159526855002518633e-03
5.532398601076590414e-03 4.038159792135074047e-03 3.771975348761508282e-03 4.274475887355903836e-03 3.649749604763461407e-03 5.834196779993822829e-03 3.617687116032963258e-03 4.084033727738105822e-03 3.231316575781968681e-03 4.186156136880895412e-03
4.972859060962763963e-03 4.473197478476992339e-03 3.761674513733593000e-03 4.206526833345995871e-03 3.612870616623468662e-03 5.709614031426625200e-03 3.661102845429523543e-03 4.245460405544545374e-03 3.289636204941248296e-03 4.155167017328158414e-03
5.716410706044876104e-03 3.928471419683075838e-03 3.742912351406686884e-03 4.217503037842782777e-03 3.766523666293681172e-03 5.995289640897104484e-03 3.606201320233568680e-03 4.148223199474889225e-03 3.104397472240441255e-03 4.155223662347782947e-03
5.001163695619910941e-03 3.651512916426358397e-03 4.096648579041952884e-03 4.210762144655441977e-03 3.666203617854762401e-03 6.064914268569802924e-03 3.659164250617861006e-03 4.271839224926781559e-03 3.184017578280289029e-03 4.244268535403109693e-03
4.893573763356503029e-03 3.314234619557729009e-03 3.916243300946933847e-03 4.250821103568482029e-03 3.626881944954898386e-03 5.832326573937590686e-03 3.713197174314581978e-03 4.381319801155486408e-03 3.338789982135609378e-03 4.142822349964266765e-03
4.910865708683082205e-03 3.873057578250425903e-03 3.731874517707001876e-03 4.187110089577301270e-03 3.715384980471800932e-03 5.683552524940060739e-03 3.579761522826548428e-03 4.569293764943120444e-03 2.961922629345887115e-03 4.162252407905896526e-03
4.929406977299316019e-03 5.849144276708624461e-03 3.792998957078744932e-03 4.284143172111874905e-03 3.633197140335711270e-03 6.081193241864706577e-03 3.608283514142170568e-03 4.186714180531616800e-03 3.092623675032771940e-03 4.122645104094887526e-03
4.979214093358306364e-03 4.221324562102435167e-03 3.681265301331449347e-03 4.225229771204508725e-03 3.647687561720595537e-03 5.896439238571594618e-03 3.591406502207049063e-03 4.294082154381099331e-03 3.219889720781240333e-03 4.125264774014921615e-03
4.950564452868483345e-03 3.503372008744825433e-03 3.695650290578154831e-03 4.215915930080340636e-03 3.605440594785553395e-03 5.716681427612756335e-03 3.583997812723190186e-03 4.734943002238656447e-03 3.432924315926809845e-03 4.107924712695905541e-03
5.329766943374791149e-03 3.834855586058530559e-03 3.700929262289519035e-03 4.171411707735636458e-03 3.591435132350690763e-03 5.847677039889313984e-03 3.585553677619268426e-03 4.177367291464157903e-03 3.079678570412378979e-03 4.167188880142375269e-03
4.961081897323414355e-03 3.827239111823795958e-03 3.869854192000250163e-03 4.174533171546883706e-03 3.701895874965404135e-03 6.042737703497834054e-03 3.572462076964100230e-03 4.266386346309386166e-03 3.206676340758826856e-03 4.101985628007329132e-03
4.927495522502847031e-03 3.600175700497042046e-03 3.983637111071352578e-03 4.214540461666374527e-03 3.620065500104388458e-03 5.796275834204666320e-03 3.637520490772206717e-03 4.114252145128858250e-03 3.345635205349975320e-03 4.103239780474312627e-03
5.011638726215246475e-03 3.497443448419303678e-03 3.798233336179642535e-03 4.196691072397468886e-03 3.645712843967876225e-03 6.001977477997983562e-03 3.569515099846114117e-03 4.516049640222521110e-03 3.042574478516892923e-03 4.088459216321818114e-03
