4.683051769783806717e-02 4.121396822950246924e-02 4.025445061951845455e-02 3.897040513723822042e-02 2.088398795116312018e-02 3.266470642149526399e-02 5.271598380481857388e-02 3.959414003749504862e-02 3.830183086198755971e-02 5.222333800803279774e-02
2.447320506573084226e-02 2.069030518454870529e-02 3.015418258531138776e-02 2.246260998715257640e-02 1.191888770951629421e-02 1.331645855330312531e-02 4.622639231578169056e-02 2.759325938250698287e-02 2.667062485451292958e-02 3.775890971835654808e-02
1.527627461096226109e-02 1.235251288450792302e-02 2.562102109908062988e-02 1.818753458119228353e-02 8.258919189909768449e-03 9.792228325138839506e-03 3.502382427568275641e-02 2.377148985977374854e-02 2.008528637574927278e-02 3.029111611965014730e-02
1.307829840014338579e-02 1.075864291457636832e-02 2.242726521112631266e-02 1.646087497617189366e-02 6.984642152757557579e-03 7.875587379128660623e-03 2.374758619231731593e-02 2.106213137689757695e-02 1.618341110937460831e-02 2.621127935893386926e-02
1.148002445751120960e-02 9.805609902965141747e-03 1.943121051365546623e-02 1.556570109754601069e-02 6.231776036514116886e-03 6.625647383465126106e-03 1.837217181058211496e-02 1.890835517931850271e-02 1.327027462680485832e-02 2.207892576909637611e-02
9.919880275615319473e-03 9.019317013837693797e-03 1.672138006821063602e-02 1.456409468071324237e-02 5.858955457770487207e-03 5.791293007332195923e-03 1.615158803253024036e-02 1.705924466443183712e-02 1.085828904725466212e-02 1.913160582490115377e-02
8.643098447195594891e-03 8.353544081479823830e-03 1.438606324280903605e-02 1.372964465071993545e-02 8.638496012245269751e-03 5.277358887725392550e-03 1.480814010819473010e-02 1.533898078524756868e-02 9.297885478762691475e-03 1.761286741303551978e-02
7.330434544112545206e-03 7.829781127916523795e-03 1.229519586053955289e-02 1.318475280649435838e-02 5.528030404562347781e-03 4.861238717896092763e-03 1.349987811388707847e-02 1.407387026395685511e-02 8.010057468873472281e-03 1.660811520711367312e-02
6.455589309852145102e-03 7.411438138424684269e-03 1.034288923197080289e-02 1.257395470522291135e-02 5.313198642704145859e-03 4.680126522962416158e-03 1.263782554677312688e-02 1.293321142036971821e-02 7.428390623103160208e-03 1.577228386657819961e-02
5.877799199006861729e-03 6.935807114066042632e-03 8.970578615127613661e-03 1.223664334056146635e-02 5.746068970675033416e-03 4.320838934504573139e-03 1.147158582490667884e-02 1.193634943940274744e-02 6.549561661923033497e-03 1.506229915245210944e-02
5.323814209583690310e-03 6.619902242951825749e-03 7.995482940206178474e-03 1.146597462417664991e-02 5.319440153973889127e-03 4.217206207030138078e-03 1.056195867214109602e-02 1.104923742603844579e-02 6.129865318103541738e-03 1.447682120748365088e-02
4.981249927302139682e-03 6.379716245287547771e-03 7.229203268369955616e-03 1.110055304131548660e-02 5.222321948773733444e-03 4.009150194471915521e-03 9.887899343836235866e-03 1.018847390057302585e-02 5.464135313505424051e-03 1.380094341266146184e-02
4.648912859313996532e-03 5.978290252577359888e-03 6.673407518116736270e-03 1.061076985803669631e-02 5.041391774070780665e-03 3.913845246593349904e-03 9.201395999384343743e-03 9.355841241371828931e-03 4.948331574938209278e-03 1.315332775472560604e-02
4.618915946497994911e-03 5.773081636795690183e-03 6.215311482576793035e-03 1.016070670373417535e-02 5.238179480627070186e-03 3.911452916167848341e-03 8.139613138341801959e-03 8.748611307427212047e-03 5.398084616630069096e-03 1.276616361991649712e-02
4.324700773718778181e-03 5.579379915777665268e-03 5.884183630233339769e-03 9.722875412974920500e-03 4.967968204897798071e-03 3.668253998708127274e-03 7.463712029582579392e-03 8.079674001729030344e-03 4.530234382781201004e-03 1.215359920996766756e-02
4.066531278692798838e-03 5.412794402094632182e-03 5.559780491785426895e-03 9.484860364431801916e-03 5.586623385810910759e-03 3.571440613275865365e-03 6.734569796820928829e-03 7.515156134124268382e-03 4.400111602394085088e-03 1.174729890113234733e-02
3.987972700001379996e-03 5.200179830901291433e-03 5.349208604976890026e-03 9.008564619729680922e-03 4.883083635874423296e-03 3.518778991106091044e-03 6.143577836975604167e-03 7.188937352477447681e-03 4.258064121831712893e-03 1.118593622068219003e-02
3.778416024573877808e-03 5.040195475504273895e-03 5.044594136513945448e-03 8.909585593106105275e-03 5.048436778623950801e-03 3.504811886806353215e-03 5.692097055628088202e-03 6.635236264652511796e-03 3.988545109097858810e-03 1.058998184332121673e-02
3.771620736245446821e-03 4.953245339353088382e-03 4.911972083789298976e-03 8.313614193578521688e-03 4.881587131550360614e-03 3.460639437809043956e-03 5.270095489101147418e-03 6.177740798558021065e-03 3.890939699174934038e-03 1.005433102699568662e-02
3.679026982323393372e-03 4.726376598869397663e-03 4.741107019699060572e-03 8.315874671164477303e-03 4.861227266406726623e-03 3.338414461800884043e-03 4.854601755174681524e-03 5.921517975852835444e-03 3.697548120313807682e-03 9.424626788722691509e-03
3.524209270637699686e-03 4.620964326156935635e-03 4.536583869127244414e-03 7.940148954856521279e-03 4.656317335970705344e-03 3.339694563252946710e-03 4.606093279039259053e-03 5.615539590876033119e-03 3.731701806003770265e-03 8.822277372380702559e-03
3.542057700517556654e-03 4.471520488326592366e-03 4.420401950087086279e-03 7.392166630301825851e-03 4.584992807625081802e-03 3.259672506002692788e-03 4.313930480777342959e-03 5.383959436922420780e-03 3.523691739652549948e-03 7.992567031357516311e-03
3.414835841426887113e-03 4.401560847893734932e-03 4.308843277336538852e-03 7.174357859919456085e-03 4.561614360941807986e-03 3.280920216115429042e-03 4.110505264516913990e-03 5.249213109944885630e-03 3.451544498945125633e-03 7.140158191485185962e-03
3.563041841710783836e-03 4.246016423465695695e-03 4.164811346139133015e-03 6.815747805270012602e-03 4.521161890538713188e-03 3.174756420514254426e-03 3.911521114401346304e-03 4.911121281928249038e-03 3.402186255035692403e-03 6.456598401671718480e-03
3.336323452896499363e-03 4.193517632632867871e-03 4.133615463657177962e-03 6.535066633505908287e-03 4.462852829359258144e-03 3.222080880632176118e-03 3.830503638379699656e-03 4.890648160094948627e-03 3.455516900576628084e-03 5.860926283364521761e-03
3.343666300264145057e-03 4.095455369004116775e-03 3.999564224815463712e-03 6.402710732308902579e-03 4.427362052191045547e-03 3.210710793950995959e-03 3.718190930019920140e-03 4.603918809275295461e-03 3.318957789261034984e-03 5.324987986904504943e-03
3.239612750209057424e-03 4.000796137829090195e-03 3.928126094316673929e-03 6.021161487812640677e-03 4.285335291424536772e-03 3.101972199148696815e-03 3.563445334029307840e-03 4.454977796207175433e-03 3.279307351297114630e-03 5.167852090109959981e-03
3.245165771530195576e-03 3.868460097913708172e-03 3.917623526821113061e-03 5.717803841563266591e-03 4.735847530527681308e-03 3.129483794158813975e-03 3.552158325701583030e-03 4.314925164000444138e-03 3.274110787197543910e-03 4.701495858980066743e-03
3.197759401522763927e-03 3.834216680765201255e-03 3.797463141384310563e-03 5.506777661987032925e-03 4.574332377127134606e-03 3.032026185352717281e-03 3.468025661985959553e-03 4.245920307602985867e-03 3.279363366147567977e-03 4.416536686779128779e-03
3.160315774593440950e-03 3.764822755865779823e-03 3.811306102752668769e-03 5.318589069103918203e-03 4.165939915893239302e-03 3.024320264512373423e-03 3.476882710054981108e-03 4.047994459250251614e-03 3.141815060132550474e-03 4.253767611482672101e-03
3.179899702890343939e-03 3.698061336175933762e-03 3.613007767050909445e-03 5.120131875688758473e-03 4.075862119638697795e-03 2.986206835257543615e-03 3.302934975328781705e-03 3.877647088987223531e-03 3.109118095083501527e-03 3.994578518141834490e-03
3.129538851665884802e-03 3.686157431409944896e-03 3.781447566353504739e-03 5.138320620597039944e-03 4.032706948993593395e-03 3.030304214681762975e-03 3.265630593143367157e-03 3.867857572551730572e-03 3.108892487125818668e-03 3.845705185470579476e-03
3.172019230536071016e-03 3.554999732354204717e-03 3.536388433641227211e-03 4.779683387117598242e-03 3.886585574655377663e-03 2.985220186034286301e-03 3.224480055068981981e-03 3.669390182913740382e-03 3.112590868383267786e-03 3.686752111087596758e-03
3.055570811048575596e-03 3.524486611625994928e-03 3.607107663282443314e-03 4.651101855764425835e-03 3.718113761203937009e-03 2.954120578336755839e-03 3.227453640064972731e-03 3.644858177474327721e-03 3.080609002169447126e-03 3.565385187379289510e-03
3.068842648169975602e-03 3.497654441635200413e-03 3.430465406085866486e-03 4.593040324123653755e-03 3.685741357381271035e-03 2.916641035591022516e-03 3.193756832721268528e-03 3.602846733694935796e-03 3.134070265580663449e-03 3.520412387087991108e-03
3.136098905516373613e-03 3.404904088060890874e-03 3.363982380817073358e-03 4.453041365031420486e-03 3.610088296567285932e-03 2.951167472543994585e-03 3.145804074607514052e-03 3.424687012515897650e-03 2.989608009919971030e-03 3.457429668094133546e-03
3.052583522653008752e-03 3.360751888887256698e-03 3.307805315723273513e-03 4.301109425123681926e-03 3.401555207903290620e-03 2.906138101874746436e-03 3.169537918904952612e-03 3.401444749296730994e-03 3.198823257570670899e-03 3.369865122559087111e-03
2.980844521642117811e-03 3.368956348364177990e-03 3.278828579154397741e-03 4.134865606669025501e-03 3.343855172139641695e-03 2.936847918917870424e-03 3.124515564213244286e-03 3.303231049421845311e-03 3.018211029072105211e-03 3.475744011115098221e-03
2.994034021715409871e-03 3.328413545218678049e-03 3.233764255688915869e-03 4.049367071717417492e-03 3.310567956833506461e-03 2.928203031629984538e-03 3.092152359460268764e-03 3.337332366209547208e-03 3.061827338786584762e-03 3.287230529725609657e-03
3.101016263897285376e-03 3.271073980490469407e-03 3.198733981411695879e-03 3.992113884591383909e-03 3.168261589639231445e-03 2.909613517610496261e-03 3.141969833189957231e-03 3.227115826874225359e-03 3.010291863988683123e-03 3.253259124589806886e-03
3.043125240360059370e-03 3.233794727347475556e-03 3.173045802219231354e-03 3.881635170064429586e-03 3.144233486288910799e-03 2.878852746306654817e-03 3.122574321848417631e-03 3.203469563939243415e-03 2.924658993644192653e-03 3.208468601956632887e-03
2.918976793800647819e-03 3.162992654239987159e-03 3.147118525943019569e-03 3.798441973417214946e-03 3.058816052617104476e-03 2.823557527016543230e-03 3.167546331772723694e-03 3.183670800089819040e-03 2.915010886136742974e-03 3.189172281952049048e-03
2.903602095393309056e-03 3.153150955190941931e-03 3.118009755434037952e-03 3.751834828604775404e-03 3.027615872323618281e-03 2.850525877206345777e-03 3.156513269389834338e-03 3.242804099262693723e-03 2.891530839866512069e-03 3.262966772757146857e-03
2.939620657998822523e-03 3.119714068361600229e-03 3.092498085365583040e-03 3.703670924162617145e-03 3.011887953598709530e-03 2.854096962916125718e-03 3.040208219035940400e-03 3.088092308619845138e-03 2.830745540550835826e-03 3.126258649343952988e-03
3.024326183562978543e-03 3.097705331370857046e-03 3.081766865623915101e-03 3.721089912831543767e-03 2.914125183691649180e-03 2.851983795799051865e-03 3.053348982879177352e-03 3.052828538914754454e-03 2.880316818426744731e-03 3.140691556450911099e-03
2.978539918577562205e-03 3.020106982744259067e-03 3.041101490890547009e-03 3.589957257746369777e-03 2.953284877757673434e-03 2.796708674946744508e-03 3.049547366195695837e-03 3.149138321059684158e-03 3.126585713909568482e-03 3.102040549200870898e-03
2.890533214289434539e-03 2.997829836681020071e-03 3.004121558164972797e-03 3.508262405649448766e-03 2.857343737511995087e-03 2.863096365126531744e-03 3.017664624133409648e-03 3.047292845808745147e-03 2.832923514809464367e-03 3.064041663466637519e-03
2.907614373118518492e-03 2.979897055859420836e-03 2.980719975820090260e-03 3.504278424375093220e-03 2.805363808854441279e-03 2.789660621610389260e-03 3.130446292668914113e-03 3.032168623015135157e-03 2.843563601222027799e-03 3.008548075926452837e-03
2.892171709847306173e-03 2.975521512749438897e-03 2.970762016951690974e-03 3.442737280565972332e-03 2.874426905308474257e-03 2.821029774815909420e-03 3.042962867281071796e-03 2.989634970118924991e-03 2.947269640597933397e-03 3.019879805673502358e-03
2.838903802674171313e-03 2.953884170677470358e-03 2.942038676224041291e-03 3.392320908621472651e-03 2.818589902965362454e-03 2.773586130743613178e-03 2.983481290013847639e-03 2.986924799285368536e-03 2.838129916792656981e-03 3.010417980739951097e-03
2.840831584115227799e-03 2.948369130473256928e-03 2.932765105010834601e-03 3.331956828862719846e-03 2.796018889673905234e-03 2.790301327743465853e-03 2.985365815325279320e-03 2.973847795056690571e-03 2.769058330264540999e-03 3.060258588104563474e-03
2.885153436409161956e-03 2.965884603364647536e-03 2.921705990015439989e-03 3.311367124354146294e-03 2.732298235837872860e-03 2.820367673060994798e-03 3.016294328788737648e-03 2.953997553252517456e-03 2.755535135842741498e-03 3.029113938928081062e-03
2.811361171313947471e-03 2.868329072197692026e-03 2.881101218062066729e-03 3.272858134331634375e-03 2.829029224678808810e-03 2.785408241302371815e-03 2.966474156264168899e-03 3.090385337717731131e-03 2.908696177510978684e-03 3.002757278022386792e-03
2.788902869865546134e-03 2.901168277588364163e-03 2.871597085726554366e-03 3.250196712458238140e-03 2.735218631726815588e-03 2.945146631380727697e-03 3.027832883407252998e-03 2.928787022976155670e-03 2.789996517519354943e-03 3.000899500427976416e-03
2.793500832615075820e-03 2.867538823836443280e-03 2.845228044755337884e-03 3.415027706111911296e-03 2.746215159923131796e-03 2.684770877092344452e-03 3.030140606777725898e-03 2.917298262215982461e-03 2.776858693103505683e-03 3.028622130352222851e-03
2.834213197836396060e-03 2.884658912697374289e-03 2.836232928680814704e-03 3.212522376501225803e-03 2.678174731886501236e-03 2.715069606202007504e-03 2.979016719258533938e-03 2.891072982073707252e-03 2.764393632292761523e-03 2.963517750180340738e-03
2.778654606363598414e-03 2.806007583972914849e-03 2.804019030544761641e-03 3.178346393410827649e-03 2.756067783773587330e-03 2.693596317921661144e-03 3.063779567587287915e-03 2.943570855452224203e-03 2.817908548448506273e-03 2.983878133134722135e-03
2.750120794319986517e-03 2.788571560149046610e-03 2.795477923883851138e-03 3.187003691473250504e-03 2.743715007612854660e-03 2.694324644727930877e-03 3.011754188308397254e-03 2.922911992248714876e-03 2.802975814306691606e-03 3.003348932412961813e-03
2.759539308262373616e-03 2.894226171396044670e-03 2.797909355839739952e-03 3.141797872857588284e-03 2.843198237455728163e-03 2.710232138336088597e-03 3.104765913633643348e-03 2.866770050633455150e-03 2.700313062857029236e-03 2.980577128121201461e-03
2.774472758833373791e-03 2.928013681776374215e-03 2.752610738087933172e-03 3.184309166604656471e-03 2.763803113728435096e-03 2.688274334224066003e-03 3.004715537910491140e-03 2.863911325783139849e-03 2.693627869255484954e-03 2.955861386030516746e-03
2.730830953182860829e-03 2.833766352834376015e-03 2.798496151601777716e-03 3.093333874865632389e-03 2.710645069167485349e-03 2.724217185882253298e-03 2.955463540873009328e-03 2.867058462758163839e-03 2.775092357924007977e-03 2.959938185117635696e-03
2.767294235301776765e-03 2.754535632713486434e-03 2.748763285817927039e-03 3.074673691642346683e-03 2.751012115048967477e-03 2.688338568497429439e-03 2.960709456066530632e-03 2.866229164675950913e-03 2.861121359229844112e-03 3.148518269826259749e-03
2.742296046737364816e-03 2.738472501449780612e-03 2.781674367076968687e-03 3.065915772629402517e-03 2.666543368595009501e-03 2.632443533304891069e-03 2.948939686977744470e-03 2.828361627447855114e-03 2.809843183368888886e-03 2.973808924279750486e-03
2.756811372838775549e-03 2.766643214600808531e-03 2.726617614422513925e-03 3.039901216724402548e-03 2.642501691535841402e-03 2.662112206878897158e-03 2.950062874861051915e-03 2.988021227775776098e-03 2.736781792410535822e-03 2.989477250469029564e-03
2.889641111675507468e-03 2.701987772526535242e-03 2.716203806257361589e-03 3.096751771555591136e-03 2.671303186406479534e-03 2.641803272731551612e-03 3.049187712444982427e-03 2.836286435055803377e-03 2.736344226083547646e-03 2.919958570864064195e-03
2.740214248269251009e-03 2.740795500813448735e-03 2.688153055862548078e-03 3.003670767994698603e-03 2.647245160762741554e-03 2.628033018040075615e-03 2.939269627649175685e-03 3.024385058875901210e-03 2.702435884789538938e-03 2.966247790777585321e-03
