2.688214261006820205e-02 2.913427061979784183e-02 5.466820057907746666e-02 6.910376734962715706e-02 4.095158231379873032e-02 5.371747962921239600e-02 3.312509664886700844e-02 3.465641208756948394e-02 4.420330386336580181e-02 4.962176465033404926e-02
1.388860911823566746e-02 1.644942230514935891e-02 3.968359840848377507e-02 6.097550871863292171e-02 2.997672536791201256e-02 4.129962022240089847e-02 2.121095094532341949e-02 2.279010962347077437e-02 2.388510220315369012e-02 3.339944447713145970e-02
1.096050716566479913e-02 1.320873969811113373e-02 2.231038607189483186e-02 5.002041621889518480e-02 2.053345583893203749e-02 3.226835378901497797e-02 1.515279809266913830e-02 1.921491572022164529e-02 1.420641637693534527e-02 2.742855199901349933e-02
9.333517628426938467e-03 1.170949479501972104e-02 1.365840907548914601e-02 3.533974428622877612e-02 1.396075693795616190e-02 2.464878073803373343e-02 1.108788502925080535e-02 1.664547377628370142e-02 1.153021644526519562e-02 2.411790973107459657e-02
8.384617206691867206e-03 1.056131652672556188e-02 1.133835806932020733e-02 2.685626442026801952e-02 9.399805087600078893e-03 1.718363458943557992e-02 8.801461467543963621e-03 1.465478320523077790e-02 9.971873669951968056e-03 2.146781046294678197e-02
7.650667110163552644e-03 9.608404953046673774e-03 9.927032497394979935e-03 2.173345603733469258e-02 7.391984645477765736e-03 1.192402306952825182e-02 7.249898959371696081e-03 1.192740492860724921e-02 8.910215041000932659e-03 1.920474545700771862e-02
6.943084063891804582e-03 8.519687383887288024e-03 8.809041478047285878e-03 1.722611139685243514e-02 6.155277832593375117e-03 9.267516630062141297e-03 6.144987998352770438e-03 9.939750313188465414e-03 8.130015396862460414e-03 1.710905163587950889e-02
6.408431197557889342e-03 7.739936239627598358e-03 8.032322100825928929e-03 1.290334648666953063e-02 5.456640511988944744e-03 7.454168494417191815e-03 5.631003198274296163e-03 7.808540418193655151e-03 7.727647170502493015e-03 1.550470004397103141e-02
6.169899642990917844e-03 6.851133830174056805e-03 7.412403326351840217e-03 1.002961436772283055e-02 4.976912264635277236e-03 6.916398557374345279e-03 5.067268000757017485e-03 6.341188706101444014e-03 6.906187595942754609e-03 1.439343346777083310e-02
5.719048261729608486e-03 6.206388723945353500e-03 6.961867619631102559e-03 8.795447771040330182e-03 4.699670636327231768e-03 7.703072849453609927e-03 4.586994966138096229e-03 5.401213871047041114e-03 6.448982060751660451e-03 1.328018983320046822e-02
5.289450858143572923e-03 5.638125002022941618e-03 6.523678522071252317e-03 8.181339325792803471e-03 4.477525110705862441e-03 5.538288593742167996e-03 4.302192007356812030e-03 4.619689647113718253e-03 6.088091660642586979e-03 1.244540242104832765e-02
5.164611667219070300e-03 5.239987246401507474e-03 6.096765537175219754e-03 7.406356344581196266e-03 4.313030396989422054e-03 5.051020105670117437e-03 4.114497999379739500e-03 4.237890937750230132e-03 5.757759664168758500e-03 1.162337807890525751e-02
4.716313970162700799e-03 4.989371083148915094e-03 5.807993576787138026e-03 6.914522891727043971e-03 4.141784812182086259e-03 4.844941931918493941e-03 3.999487898966182231e-03 4.129978249332662450e-03 5.409160929118448508e-03 1.088549050913123831e-02
4.516555534806140568e-03 4.546890608357383179e-03 5.475675868677651673e-03 6.488347393079768599e-03 4.055490206814214328e-03 5.175776081938490703e-03 3.859140067831442339e-03 3.753503473464413556e-03 5.135877598723272847e-03 1.021097558309199543e-02
4.293910167558649855e-03 4.283580922316102338e-03 5.273264813208284295e-03 5.891403545423252487e-03 3.956937196117459726e-03 4.801172070219234325e-03 3.742498582334366410e-03 3.901851319460485860e-03 4.927281097682077206e-03 9.516065300438664165e-03
4.130894423038189087e-03 4.179625545891302828e-03 5.037934670105702686e-03 5.586591787282321059e-03 4.173372141382497569e-03 4.514692289043558890e-03 3.666921498391841755e-03 3.487791856563035846e-03 4.701276632356765801e-03 9.086862241738585116e-03
3.957336626070344539e-03 3.938537217719092522e-03 4.816137343468583285e-03 5.281896116408871591e-03 3.815967824042885113e-03 4.480611296648112120e-03 3.587618938932095585e-03 3.430259034605699121e-03 4.521736325963643388e-03 8.379178055401420577e-03
4.041205015851878808e-03 3.726918128066802026e-03 4.664329192116328966e-03 4.840348527453601155e-03 3.694485684448221580e-03 5.618184786713349005e-03 3.559566791186053424e-03 3.446800517476546286e-03 4.307811822552960572e-03 7.791347461303668558e-03
3.869300470963908060e-03 3.617788262673428835e-03 4.512060944256446500e-03 4.679964384725733041e-03 3.672079201004629142e-03 5.751540654125356609e-03 3.518842211667563575e-03 3.324898591746697392e-03 4.175810281596238800e-03 7.389467240638272587e-03
3.625153334631483863e-03 3.512216057111144669e-03 4.436787454978261859e-03 4.416303458251193831e-03 3.709460454311536669e-03 4.355377894203692549e-03 3.556430939449939464e-03 3.255655794845211445e-03 4.087389118970275771e-03 6.846400524376653092e-03
3.547032818894377965e-03 3.473119915261006514e-03 4.344265251715743667e-03 4.318953597656670189e-03 3.615956450621396999e-03 4.130494285459003836e-03 3.481544645006086347e-03 3.287149059023432036e-03 3.970624494413139624e-03 6.428098168180511329e-03
3.443960960166532904e-03 3.368389498245050098e-03 4.191496363102064325e-03 4.253780861359792061e-03 3.570758402932043465e-03 5.382011787953701332e-03 3.450455262704840362e-03 3.208783672927057167e-03 3.903477618862838828e-03 6.099912932386954839e-03
3.395481427411904153e-03 3.290778165222992251e-03 4.098245721317865173e-03 4.144416490859548045e-03 3.492987328133021971e-03 3.976194453956483250e-03 3.472898994387910426e-03 3.163278113362793815e-03 3.805394367406606578e-03 5.916381986957363129e-03
3.404537772057151298e-03 3.232334589084600446e-03 3.992517834175157015e-03 3.944207756718960851e-03 3.457237231667607998e-03 4.135659729966991230e-03 3.398935264762998482e-03 3.249561796406983966e-03 3.739629339041193948e-03 5.509200028354632565e-03
3.271982908688582815e-03 3.340495614095428337e-03 4.035955346809687663e-03 3.754521472333633824e-03 3.406006823857667034e-03 5.619170335779921817e-03 3.414528478053137448e-03 3.127087545193042370e-03 3.675406517244643803e-03 5.309378162951236720e-03
3.458996796614966906e-03 3.164598002172644680e-03 3.858849718337056638e-03 3.888873857007474691e-03 3.423110706921202173e-03 4.192958636345061815e-03 3.356614109810739013e-03 3.074835844560018430e-03 3.597831836005589527e-03 4.971784749049467343e-03
3.254452697798226012e-03 3.141715143915009036e-03 3.802290287584641267e-03 4.631685097205278517e-03 3.360962443062247805e-03 4.454763174972186518e-03 3.350463986269284697e-03 3.053438260420968543e-03 3.588603546249487589e-03 4.929775843287487538e-03
3.188487438588679095e-03 3.108654717209495110e-03 3.742900835849453413e-03 3.763946616590400484e-03 3.346206053981504169e-03 3.808529786782779720e-03 3.335966427912975991e-03 3.348420236987520709e-03 3.524561273223790654e-03 4.740043133295064430e-03
3.170928299304886372e-03 3.066144651514304993e-03 3.672906725680274639e-03 3.569360660132126634e-03 3.380496880753369737e-03 4.284237022164660499e-03 3.312690836045685885e-03 3.039835540374478517e-03 3.464755276559784106e-03 4.508474519400759543e-03
3.209814415829409604e-03 3.070900345124954328e-03 3.668840293200700733e-03 4.356324447227572644e-03 3.434410330359032384e-03 4.651555077507072734e-03 3.325625090580607707e-03 3.213412615022057713e-03 3.396212451069728893e-03 4.403770426867933789e-03
3.149753522820923635e-03 3.037060986034020339e-03 3.682980814047798982e-03 3.485989441788411945e-03 3.272843200363546173e-03 4.266721663687645869e-03 3.527738560449996622e-03 3.006497667729534327e-03 3.375462503403140000e-03 4.361436892218968631e-03
3.026536645949555807e-03 2.993965870823666123e-03 3.612189670027396004e-03 6.433264811487413026e-03 3.266811820628144104e-03 3.754449582631053193e-03 3.361238977700191539e-03 3.023291414089633242e-03 3.331578108881468048e-03 4.150702651357433305e-03
3.000058218649450867e-03 2.988148842322743606e-03 3.540677192751687762e-03 5.037906898862536467e-03 3.309688590990682907e-03 4.693082791591180955e-03 3.411777736142544443e-03 3.258166368922726843e-03 3.395646999755145418e-03 4.061283823491736340e-03
2.991674416045031915e-03 2.995431975377834712e-03 3.647088740949470768e-03 3.290301643018020156e-03 3.250581544789349700e-03 4.216522459913299610e-03 3.279518668584814611e-03 2.941791404776192189e-03 3.267860576929887580e-03 3.992358209396579607e-03
2.956804046966286272e-03 2.917173128871507551e-03 3.477514379970140547e-03 3.386794011047747181e-03 3.215728535312677161e-03 3.734599175779033595e-03 3.346490825817666128e-03 2.956951847402393245e-03 3.256602140990666125e-03 3.928317457961571189e-03
2.912832948364748459e-03 2.965560997015796642e-03 3.647773008042535375e-03 3.547171312359359303e-03 3.189891557983269219e-03 3.549117583549209025e-03 3.291339766773851341e-03 2.955804607850044848e-03 3.231010682414113371e-03 3.867312597393002174e-03
2.885055566999345997e-03 2.957095704155531923e-03 3.397194979851845577e-03 3.661933436163822969e-03 3.194158388678497700e-03 4.672482307218956375e-03 3.226243671492567012e-03 2.936755657833806619e-03 3.195898694294623931e-03 3.738715583549461884e-03
2.879898136338320935e-03 2.920129709532879106e-03 3.387072496079085015e-03 3.230067882835042144e-03 3.244326921459642164e-03 4.926456670301555645e-03 3.269241978525661094e-03 2.949558690123423813e-03 3.196519459846469593e-03 3.744999494214184058e-03
3.108961568606130859e-03 2.929298480467708906e-03 3.396916417373907829e-03 3.347927329222123195e-03 3.178590678274513179e-03 4.533948164712004771e-03 3.348284386785509853e-03 3.008955823777174736e-03 3.161767231213319547e-03 3.623353938433040208e-03
2.843869011202775424e-03 2.872043634630063683e-03 3.404484692996820241e-03 3.319281766196108610e-03 3.135007031866167242e-03 3.914375802326969939e-03 3.229211776080550579e-03 3.002166457732901618e-03 3.148690857719224634e-03 3.598330011105606730e-03
2.918331614406356658e-03 2.865247080635939785e-03 3.335863231395623692e-03 3.303930467845174988e-03 3.130036313963771751e-03 3.503603363736412183e-03 3.288102089330050080e-03 2.885033722328869416e-03 3.129193748684340817e-03 3.534929478269391995e-03
2.857758429423535532e-03 2.868144109285708510e-03 3.395821710857185437e-03 4.361831793293331240e-03 3.163541585017450031e-03 3.843857268601567640e-03 3.259154080890109065e-03 3.160256268553973073e-03 3.202773619012589355e-03 3.524678479494730218e-03
2.901903737639201404e-03 2.838343213080734596e-03 3.285117841483696684e-03 3.342211865883154120e-03 3.113589395304584145e-03 3.652236880113226766e-03 3.238451720571644283e-03 2.885100709410525800e-03 3.161972828303233167e-03 3.444431550196031498e-03
2.840389233640587801e-03 2.873292338497410170e-03 3.313225217092827593e-03 3.400656769021493785e-03 3.095781676615194135e-03 3.405053203272207125e-03 3.210822453699005343e-03 2.930050270432119422e-03 3.097067050851302124e-03 3.388868041960535048e-03
2.794176731814848515e-03 2.845528547332319604e-03 3.266861355981180541e-03 3.192344276278524535e-03 3.098189203514492476e-03 3.462675969671255311e-03 3.263905076233706518e-03 2.862829489365206672e-03 3.079974640514075018e-03 3.392908803652377753e-03
2.789200063107159615e-03 2.891158119742945169e-03 3.449717533062017852e-03 3.120205855999824002e-03 3.066879085255259235e-03 4.320158024849508026e-03 3.359242207752649850e-03 2.804953521792716894e-03 3.072752677040904452e-03 3.358372751127160129e-03
2.932226525996998144e-03 2.839266678531120192e-03 3.358448407773698477e-03 7.246413096433329364e-03 3.064748452949179417e-03 3.794991771678577971e-03 3.213609681466906426e-03 2.809694395325685115e-03 3.046893740796871499e-03 3.303049808111978552e-03
2.867358836274440728e-03 2.860408393619319912e-03 3.217056892116648605e-03 3.958937138738806948e-03 3.085063935353632523e-03 3.637344945152212825e-03 3.216148130963020213e-03 2.818158330803728021e-03 3.062565472115016084e-03 3.271191192310825800e-03
2.743712783707873484e-03 2.904550763705794885e-03 3.206019190077453399e-03 3.338751608477344077e-03 3.049490003454191547e-03 4.435010966350540033e-03 3.215969673393112051e-03 2.826606280558127248e-03 3.050147526488579744e-03 3.307555181361269102e-03
2.808137929271168308e-03 2.859202396137491657e-03 3.193750224984486744e-03 3.037496253518032728e-03 3.061777928512491188e-03 3.405027574918445023e-03 3.189958944854099157e-03 2.764528389385467050e-03 3.023859915493897106e-03 3.225175769939853023e-03
