4.658947664490689644e-02 5.599769809161996015e-02 5.014727126378001887e-02 5.557094824334375682e-02 2.855429497964091096e-02 4.561580081029205369e-02 4.363617276306831771e-02 5.224355746859547789e-02 4.937916926131830780e-02 4.855381059680202727e-02
3.407202235387098849e-02 4.985279772875787080e-02 3.729148226542011724e-02 5.166319838174755069e-02 2.101231727338431082e-02 3.731605758773743481e-02 3.270608273205413002e-02 4.821336719904700807e-02 3.217217245890757055e-02 3.570396005389877420e-02
2.520220697849063010e-02 4.395594720591586291e-02 2.306353541474488039e-02 4.840462593001138014e-02 1.748238923322319865e-02 3.227139646882720009e-02 2.507888431828372844e-02 4.524544888515858593e-02 2.768146168650512801e-02 2.984191614745481530e-02
1.994799876967552968e-02 3.783363153769394444e-02 1.554067546688045996e-02 4.526344250907171629e-02 1.581044940672704166e-02 2.700046325233433631e-02 1.833885868584956419e-02 4.160568054490308698e-02 2.568091521056785689e-02 2.677273876547097559e-02
1.729990316796272201e-02 3.167810864828506795e-02 1.294360683547446551e-02 4.192506592806321403e-02 1.445190628672325846e-02 2.237989704810299310e-02 1.341426769475327456e-02 3.657475568428245755e-02 2.421158045276712925e-02 2.441100309153437439e-02
1.535421078635264627e-02 2.567916991305855060e-02 1.125779547418733102e-02 3.890491457236255196e-02 1.360863904949695391e-02 1.946674403065628070e-02 1.097669834772557577e-02 3.233338108767595115e-02 2.277265164454728846e-02 2.222308832544361498e-02
1.401574996154831936e-02 2.015090153563748807e-02 9.971482432050818995e-03 3.594137714899220404e-02 1.245685116638295398e-02 1.746592780356340940e-02 1.022723892735247220e-02 2.831910095059917559e-02 2.163642390221760803e-02 2.035531369359134743e-02
1.299135387142339414e-02 1.567280578221453766e-02 9.013592539300802758e-03 3.397428176666820315e-02 1.162302991823496376e-02 1.587034901397713083e-02 9.779472029968473007e-03 2.549897910910329385e-02 2.056699226725861376e-02 1.833139921322526553e-02
1.188747524725795347e-02 1.242715983951090016e-02 8.245775495127912955e-03 3.198499251208465621e-02 1.094095253149290209e-02 1.455025615878177345e-02 9.510581554024226392e-03 2.281026646407932276e-02 1.904034352040908512e-02 1.615575644737265310e-02
1.102403214369558800e-02 1.067018234266473194e-02 7.557042303153891673e-03 3.085227019477304947e-02 1.044233748280454753e-02 1.349605959496534210e-02 9.080014956324850006e-03 2.148486849546975275e-02 1.792088657610516750e-02 1.470818908590893273e-02
1.016167354525387284e-02 9.921820253643907558e-03 7.030047655010105388e-03 2.981010550451283769e-02 9.960499107819492312e-03 1.287586913033091258e-02 8.761786981188476528e-03 1.920169282258705340e-02 1.644793072349210600e-02 1.356266896391640497e-02
9.425575495812554480e-03 9.514141180517392965e-03 6.500180470448293536e-03 2.937605358138714248e-02 9.703388576885496261e-03 1.191702414690909602e-02 8.552899928547236588e-03 1.761844000563804816e-02 1.519459740911706207e-02 1.256625191771434946e-02
8.858444534468821671e-03 9.265829931954136858e-03 6.331539086210535849e-03 2.778038096570589061e-02 9.261840672610741759e-03 1.138596484976437881e-02 8.098242030577153944e-03 1.631794165785791992e-02 1.401354556319666517e-02 1.166498280519258184e-02
8.270695649405804956e-03 8.990829005886769032e-03 5.993441825178562159e-03 2.689406197707851220e-02 8.998792319016755969e-03 1.061705363071483756e-02 8.032875036061806404e-03 1.488912352906953535e-02 1.312961435140596114e-02 1.124485014859050690e-02
7.768207398072025927e-03 9.021615050556904339e-03 5.534035615292278582e-03 2.618847512069561942e-02 8.614870961653347398e-03 1.028316410977733915e-02 7.540682108852330735e-03 1.368421101517909057e-02 1.170994546301042105e-02 1.013667786636660191e-02
7.341941417691821500e-03 8.558503207995766734e-03 5.492999164896080443e-03 2.518777834947382582e-02 8.359282546884909751e-03 9.653233628812563430e-03 7.367555816932723316e-03 1.256833506693916074e-02 1.066132227951090139e-02 9.556492284255565031e-03
6.971832587644341030e-03 8.756371118727984681e-03 5.201767042560454662e-03 2.431501831720356624e-02 8.016533062174386465e-03 9.328991731663918707e-03 7.238948265175058384e-03 1.175437437508546588e-02 9.865659118578777587e-03 9.046802217346142441e-03
6.863252942773648453e-03 8.404143580780133391e-03 4.947704190270536123e-03 2.370164304083079848e-02 8.200336251606052743e-03 8.965306107837833424e-03 7.084147668273099024e-03 1.068597245351384471e-02 9.239334342860788460e-03 8.912801874675045644e-03
6.399391258712863566e-03 8.386437599378165214e-03 4.764297746653670985e-03 2.264101114344645865e-02 7.570140107591335522e-03 8.826466849639280632e-03 7.127362601161150307e-03 9.814193756139628910e-03 8.624355588405076614e-03 8.258026877067252067e-03
6.137984186766560525e-03 8.207934409619449534e-03 4.637125205353607137e-03 2.212520601100425102e-02 7.288406242536522861e-03 8.329498435065378972e-03 6.799558236264561552e-03 9.070778105078732001e-03 7.994148782404128864e-03 7.904789555202745496e-03
5.912715891970606562e-03 7.955297099633253100e-03 4.584672035715180519e-03 2.110775200729607393e-02 7.249871323223459896e-03 8.229414803118529145e-03 6.542515656890672548e-03 8.549855957628636413e-03 7.725501510020365420e-03 7.557812391194426369e-03
5.708483040981440770e-03 7.797800512579253912e-03 4.568173026494451623e-03 2.013479982594858914e-02 6.844679343993471943e-03 7.828961111557375049e-03 6.398316314831450219e-03 8.046390107714063850e-03 7.359486044617985674e-03 7.241984421403150143e-03
5.696225799999403601e-03 7.914302026761162526e-03 4.405230816290658762e-03 1.912336248181523493e-02 6.690425852526297665e-03 7.629548907184893064e-03 6.389649264891552119e-03 7.488240592105593028e-03 7.114351215919518905e-03 7.007374541983930200e-03
5.338431877724976286e-03 7.563933908006603181e-03 4.312852202465878963e-03 1.816757299857038599e-02 6.675889633675706480e-03 7.447112383554881955e-03 6.256008909801197455e-03 7.125711775985646250e-03 6.697253940454779390e-03 6.762212517416727603e-03
5.216535966228967071e-03 7.538537082471190136e-03 4.184177784894701178e-03 1.723481161006102866e-02 6.300067368947464934e-03 7.299557143607557190e-03 6.132669646197169873e-03 6.858042809803852405e-03 6.531953801186689973e-03 6.436103628102748941e-03
5.128229611635687184e-03 7.663944844264881755e-03 4.134708492560993688e-03 1.624491526939162225e-02 6.294139073013136146e-03 7.432260338226307633e-03 6.019581260592999847e-03 6.566747047104391083e-03 6.259230265286507347e-03 6.208403366667398192e-03
4.944424768234771152e-03 7.273033237625025488e-03 4.203703135100139016e-03 1.522320102799838877e-02 5.922806056784230173e-03 6.945181284134624607e-03 6.037870113858754759e-03 6.298242707479423906e-03 5.921050129138438409e-03 5.965297848279571200e-03
4.862668592183271715e-03 7.126149866837019724e-03 4.075664344066511069e-03 1.455946558404842654e-02 6.151980672296856675e-03 6.692967641814978087e-03 5.916502158622685865e-03 6.105064606012533882e-03 5.810201573224011741e-03 5.740166283660049114e-03
4.771177240093121309e-03 7.111636064452521618e-03 4.113119198389195846e-03 1.368501189614999662e-02 5.707517496185619127e-03 6.577100132703455650e-03 5.773292706661554106e-03 5.960562235751891078e-03 5.915714541170363598e-03 5.571244338682688167e-03
4.603761702124116277e-03 6.959725050712726492e-03 3.920609586139055941e-03 1.239280598283693836e-02 5.533941575841823564e-03 6.390618201337182856e-03 5.730361488991838129e-03 5.740473388538449087e-03 5.491497360735847141e-03 5.563813552451473375e-03
4.528566609248314487e-03 6.847251656696350455e-03 3.843436054627228510e-03 1.147932287818114773e-02 5.522013314845789292e-03 6.393453849938424659e-03 5.684212887168992034e-03 5.686915891364672029e-03 5.339783575592600348e-03 5.313308439073666407e-03
4.444685273276422627e-03 7.305650433260013274e-03 3.986593454445546379e-03 1.081963955241379942e-02 5.294014512496606449e-03 6.203617353953973582e-03 5.850961103573835281e-03 5.520094406320624411e-03 5.197384017197801548e-03 5.206413361124746439e-03
4.386045185419813926e-03 6.806333235628697458e-03 3.776980520198525842e-03 1.045224712108129561e-02 5.535946937505551411e-03 6.072914651484889043e-03 5.572948418301483173e-03 5.389061357187436424e-03 5.267457207795800227e-03 5.119555384351418340e-03
4.318027703521561643e-03 6.652843876889046916e-03 3.764550927234299946e-03 9.348912075029091467e-03 5.253714816163704802e-03 5.929460623481920718e-03 5.450534251851621957e-03 5.321969535994888409e-03 5.333182563116769907e-03 4.972843620788918763e-03
4.257753243530225905e-03 6.786187115967167241e-03 3.717616548398805076e-03 8.763325918798999317e-03 4.954716816504546768e-03 5.790264020231203693e-03 5.455037755869534752e-03 5.199676769491760539e-03 5.824387708180931746e-03 4.859364289529972611e-03
4.198954990431042270e-03 6.498816966669498062e-03 3.690213276715647271e-03 8.247495102541094192e-03 5.365579539668660983e-03 5.695123211161007802e-03 5.358300616573412854e-03 5.160724875634165217e-03 4.716166865919260709e-03 4.781191552127499710e-03
4.139668504905010156e-03 6.337906356114393104e-03 3.713991560175026845e-03 7.930488236074577715e-03 4.707618173786086435e-03 5.688562601106673423e-03 5.608540487519640509e-03 5.125925602054789629e-03 5.140677685222981401e-03 4.745114610824214055e-03
4.091156023279735217e-03 7.541852499595358937e-03 3.786239345762374732e-03 7.425772804218844919e-03 4.586980673404003617e-03 5.541698234001676826e-03 5.339534280253889487e-03 5.013949624117889498e-03 4.597865105908283470e-03 4.617295683340894713e-03
4.043763642005800650e-03 6.196102498996148428e-03 3.659710078850401515e-03 7.072049661538323644e-03 5.357205162129401350e-03 5.454553456028896075e-03 5.129190455212337060e-03 4.998037917517732243e-03 4.601120960792477906e-03 4.510611722101832630e-03
3.977469413239139058e-03 6.455614461955089776e-03 3.580919026935785315e-03 6.814881317717330807e-03 4.423619912596887110e-03 5.347295295065034211e-03 5.167890903554057599e-03 4.935833964367340905e-03 4.707431968422243207e-03 4.478008100524649704e-03
4.070982539852688493e-03 6.126056696272271992e-03 3.645338678387591898e-03 6.407439261809836847e-03 4.356242275464410584e-03 5.437053533872019360e-03 5.040619377819215673e-03 4.935357705906941866e-03 4.543002446095251862e-03 4.381848979456456732e-03
3.941730530024334378e-03 6.357763410522090063e-03 3.518660801155701519e-03 6.194822146112370469e-03 4.520464151007108806e-03 5.180240403030340023e-03 5.041845205610232493e-03 4.819368089147029258e-03 4.637890011379609476e-03 4.357234208883698293e-03
3.875277962586283140e-03 6.116414805281846119e-03 3.537043259919730401e-03 5.991063065944804769e-03 4.347391561940818459e-03 5.210101677888654033e-03 4.964812778379864774e-03 4.725799575323244919e-03 4.546196954011562201e-03 4.266700713777857139e-03
3.843977868909177406e-03 5.894554034953776618e-03 3.554550934136201188e-03 5.694025146054274705e-03 4.645828328177045718e-03 5.093351920263595664e-03 4.999429731819599390e-03 4.628527813203021750e-03 5.122840700594035943e-03 4.197764493007850352e-03
3.795568643271581867e-03 5.822473541723442031e-03 3.455448594651944292e-03 5.577555352833147781e-03 4.307981703974951039e-03 4.978158098231305791e-03 4.883908292470416114e-03 4.598468120305441477e-03 4.988026128035137619e-03 4.206757042789405036e-03
3.863375173675240044e-03 5.835069366708054567e-03 3.474156459980000215e-03 5.403694001462790511e-03 4.074342843508123486e-03 4.892601739164715441e-03 4.729993624336442833e-03 4.555299020834672162e-03 4.252827618398627267e-03 4.094205682386915270e-03
3.751353538587680336e-03 5.659735099017325528e-03 3.489910777577336001e-03 5.225987510459172841e-03 4.007486631091036408e-03 4.785204275825149546e-03 4.684709587288914123e-03 4.529799593221567507e-03 4.395565665661080659e-03 4.069960219437655617e-03
3.742724649476760358e-03 5.539815401605276829e-03 3.427977438423823742e-03 5.084975630085876962e-03 3.971063111683529115e-03 4.784274680292877405e-03 4.620762823902915990e-03 4.501124925546251196e-03 5.637036209502012743e-03 4.139655058793898466e-03
3.682770206192841154e-03 5.440513840363412658e-03 3.512193079037930973e-03 4.970579458208903255e-03 4.245892835759840916e-03 4.661347186197570096e-03 4.593887538170010783e-03 4.470997171745547463e-03 4.295895068594859922e-03 3.971706816531416460e-03
3.668322377847480203e-03 5.719197019376765466e-03 3.446811269758763216e-03 4.969857148006007891e-03 4.290795257348923447e-03 4.622840100145833055e-03 4.527974210913578851e-03 4.574433950747124403e-03 4.129488394158440864e-03 3.935175024884697559e-03
3.655003654268075032e-03 5.234712478251813891e-03 3.386375539821029953e-03 4.806826966818659140e-03 4.091926329003664660e-03 4.621622845595409375e-03 4.547306932803849011e-03 4.363457709384994596e-03 4.649802863738085150e-03 3.886798076853935011e-03
3.593558311902866117e-03 5.711105426811310427e-03 3.359906397892061056e-03 4.773142894455345911e-03 4.058606814761361870e-03 4.966596453188291786e-03 4.441759717749048549e-03 4.482686278092467072e-03 8.862235397341440557e-03 3.863716611932617537e-03
3.561005470083750471e-03 5.175072366213036637e-03 3.502612485212575413e-03 4.707447087882002043e-03 4.092458967616017899e-03 4.600958396924953453e-03 4.549345755077615662e-03 4.774237349723453074e-03 5.287204021377934354e-03 3.873356692742146740e-03
3.553230202340343803e-03 5.094814054082455121e-03 3.370774321587267225e-03 4.540598699402329311e-03 3.797542381561154739e-03 4.398345664708864892e-03 4.374253445170104594e-03 4.210586873101641869e-03 4.271341145103563393e-03 3.846239109905083293e-03
3.519341083603186055e-03 5.342454023737876201e-03 3.365239216955633918e-03 4.496617073756405125e-03 3.678603386397826403e-03 4.207416309453471809e-03 4.332651629734961957e-03 4.231481888930406325e-03 4.908662645195879630e-03 3.842330607047516125e-03
3.527814509909096494e-03 4.896762557785277852e-03 3.279442870298324760e-03 4.435448469857965724e-03 3.635652845366345136e-03 4.145223325948940545e-03 4.270268063526952602e-03 4.178064148247786873e-03 4.164224924980767552e-03 3.769313717257887896e-03
3.486475786926188439e-03 5.858557903918175033e-03 3.293275377063577865e-03 4.429282205861234840e-03 3.548308989057069769e-03 4.156645531831719767e-03 4.237408494878788789e-03 4.139481350967863689e-03 4.169841685468056967e-03 3.788751883509483380e-03
3.463489315956467737e-03 4.806897321392458733e-03 3.335764584254257564e-03 4.333286279078495118e-03 3.626516881496514438e-03 4.051621386263208960e-03 4.208994697239841140e-03 4.132703290452289548e-03 5.427518186574359360e-03 3.643511497533660857e-03
3.463777599686600206e-03 4.739160832730062931e-03 3.342952259302706206e-03 4.275770538330296924e-03 4.070249027680386371e-03 3.915058730359883589e-03 4.174272484017573989e-03 4.201531585717773430e-03 4.166964619129155493e-03 3.665037097695217263e-03
3.428897850943415752e-03 4.651760233262368198e-03 3.269217002468068761e-03 4.241980919266695113e-03 3.437743182695710172e-03 3.914593979476564158e-03 4.112445183161732472e-03 4.148854166435715467e-03 4.204398756064936168e-03 3.776153988380108201e-03
3.416604184909031398e-03 4.592233045228808798e-03 3.557455251315355844e-03 4.212027491380155447e-03 4.047714955615256197e-03 3.862638273418891963e-03 4.181665393701628798e-03 4.395318953889665661e-03 3.973675682995503333e-03 3.629389873255261297e-03
3.387654415813713248e-03 5.353438037310511745e-03 3.220484634599542640e-03 4.326712781410859548e-03 3.386343603137787536e-03 3.773241966180096527e-03 4.154656907152303423e-03 4.814144766542870213e-03 4.261893121415222599e-03 3.590171618696637399e-03
3.368361029480030668e-03 4.900612644191511269e-03 3.245051412451541769e-03 4.133239812813782783e-03 3.475559524983475989e-03 3.802815468160325799e-03 4.033478086833124955e-03 4.112878627480107303e-03 5.460259229554139879e-03 3.561726098349566640e-03
3.380737267513983166e-03 4.483918840346617744e-03 3.223678268642679937e-03 4.110846550258016700e-03 3.335155634864356636e-03 3.702158653346780421e-03 3.966824249750355684e-03 4.074173817366239306e-03 4.814226045411654047e-03 3.660533114242105462e-03
3.348224819105704610e-03 4.347395203745770681e-03 3.203343741776621019e-03 4.100768434915315862e-03 3.755575799316497251e-03 3.654034186907339880e-03 3.953013517307273419e-03 4.014964870769011790e-03 4.439832136101067375e-03 3.560936574074511241e-03
3.345952294925805259e-03 4.554726627582503587e-03 3.187536748418075706e-03 4.086724126573314242e-03 3.332942139596531145e-03 3.642081050609660697e-03 3.941396750312256558e-03 4.722257125369832241e-03 4.013899549504968030e-03 3.587787987761293165e-03
3.309966988513578841e-03 4.362717149812980928e-03 3.164763652828879188e-03 4.098364652939633958e-03 3.281965895252633280e-03 3.618326204390957118e-03 3.892380196512673727e-03 3.950779643074173522e-03 4.649232848333092680e-03 3.556496126904138810e-03
3.304281224530727402e-03 4.222958884792176772e-03 3.296123794305892522e-03 3.992363309587313759e-03 3.340408634618052125e-03 3.601928209595686627e-03 3.865083969445416798e-03 4.258937516711682088e-03 4.006067378798893602e-03 3.563678896942417719e-03
3.388298212837874586e-03 4.136621447499185325e-03 3.180702193238632656e-03 4.006284524454716348e-03 3.349364268971330959e-03 3.589623460950822770e-03 3.842232535565618008e-03 3.977743323314934451e-03 3.912421349529541723e-03 3.554592458759117148e-03
3.341444253237122082e-03 4.082975089993449297e-03 3.136585567165755661e-03 3.967195173340982810e-03 3.142208337925490175e-03 3.509579714853189748e-03 3.804850644822255733e-03 3.870282480192333008e-03 4.500652424328083906e-03 3.464525506780891974e-03
3.275942397839533889e-03 3.989239096935806063e-03 3.210888913456041559e-03 3.968805050789634380e-03 3.116222826978423763e-03 3.462119952245248412e-03 3.801890927735336947e-03 3.871442513711055144e-03 4.114874422568142939e-03 3.543110293780675924e-03
3.284522261298761930e-03 3.972989199962641618e-03 3.137948858883449817e-03 3.927818081154894891e-03 3.180190769901196889e-03 3.431739300605521435e-03 3.720443117364109677e-03 3.852603266843439289e-03 3.926085101249153324e-03 3.557362171919802290e-03
3.237839787717976085e-03 4.071963086605530531e-03 3.131842760905508005e-03 3.888980412782785598e-03 4.055589434127471020e-03 3.523137382089221777e-03 3.772181676510169383e-03 4.294061507626557167e-03 4.165166956474688174e-03 3.403192834107475993e-03
3.212017703459721200e-03 4.053254176031269480e-03 3.145649565806989730e-03 3.945985211680005066e-03 3.165330452533331607e-03 3.477862366504178536e-03 3.703648302613094662e-03 4.149077733672108456e-03 3.784531780562744047e-03 3.437358789599811917e-03
3.215475954091686923e-03 4.625237112890548397e-03 3.111675662811436757e-03 3.870149063609273476e-03 3.116260929586097805e-03 3.335545245872179477e-03 3.884331765209909307e-03 3.790350297132390796e-03 3.827856368869984611e-03 3.414889293549190543e-03
3.317265861204229255e-03 3.987036800160877886e-03 3.120634018292822286e-03 3.847305121774635597e-03 3.049433581100035977e-03 3.391161312540727849e-03 3.630378166608847022e-03 3.861131293802768424e-03 3.745366413721919977e-03 3.426842162001075571e-03
3.249010355718645604e-03 3.847055577326786904e-03 3.158876314017790635e-03 4.024171942078977326e-03 3.181395314669510123e-03 3.299180854108725667e-03 3.634828451264266076e-03 3.783625551988934257e-03 3.923246972599501829e-03 3.365872604455792064e-03
3.354627434044378780e-03 3.957867961182067428e-03 3.146418518782869312e-03 3.814304902451679490e-03 3.350514967991961943e-03 3.348956585897973088e-03 3.581015915428075683e-03 3.751009665709775526e-03 3.918451088008329669e-03 3.366163692956682194e-03
3.185745316687615611e-03 3.566888661995523332e-03 3.106301424200374594e-03 3.954776758398848187e-03 3.905219250387437484e-03 3.347649588676068679e-03 3.555439602631936188e-03 3.748725653492571749e-03 4.068084458785752901e-03 3.383692651118838310e-03
3.213714339441325202e-03 3.636404833573051928e-03 3.072562403865608527e-03 3.779587670836089854e-03 3.108477923621128479e-03 3.281641191480489522e-03 3.519743915269623203e-03 6.550623678557851610e-03 3.824958160196388537e-03 3.390784032775116807e-03
3.198193647869161313e-03 3.551842126447096650e-03 3.259841684304870014e-03 3.812423326045154964e-03 3.300247074148203712e-03 3.239924833045316685e-03 3.715032988527675138e-03 3.765712551165004314e-03 3.822821265926107208e-03 3.331905146036319345e-03
3.178102637509524261e-03 3.606902346036803750e-03 3.096972163458415125e-03 3.748783902501215577e-03 3.056000291274539767e-03 3.226431170220187862e-03 3.498267718943299642e-03 3.664499858772978392e-03 3.653753697806446342e-03 3.307214899264537562e-03
3.147918818231233186e-03 3.454357996673573881e-03 3.065513142148973760e-03 3.826578560806869877e-03 3.120847840953479974e-03 3.212561439648049365e-03 3.497229137001023943e-03 3.739066729900331672e-03 3.678193779620189327e-03 3.318651137757551613e-03
3.160432665173268808e-03 3.478652105195918862e-03 3.106098492170135655e-03 3.731085482356850946e-03 2.984110949181769962e-03 3.182904095068765215e-03 3.453211350863739405e-03 3.699316946688174269e-03 4.104602638647662262e-03 3.303397442605100591e-03
3.142868276328961499e-03 3.322651217437342253e-03 3.023524497186851675e-03 3.711959662645913319e-03 2.973941661693848063e-03 3.182576485943946869e-03 3.472710904701224038e-03 4.277499261487740893e-03 3.728386892341604454e-03 3.280658564000937631e-03
3.138158557936002353e-03 4.308179759852547724e-03 3.060323405476158935e-03 3.757590635392229171e-03 3.053618831324119917e-03 3.240957411326742237e-03 3.404943291655562233e-03 3.881410346846478690e-03 3.778797257947563888e-03 3.320434700613626288e-03
3.250310250756074503e-03 3.293756582312662613e-03 3.113563775626017587e-03 3.689406223515303163e-03 2.958149689039324924e-03 3.153403872274980480e-03 3.451832386398607719e-03 3.698271856657389060e-03 4.477613959893831166e-03 3.329518975524599963e-03
3.131656807393380475e-03 3.252417108216178274e-03 3.054013272177698302e-03 3.692742871977455245e-03 2.908506784056896603e-03 3.151349036403108296e-03 3.381977705891171023e-03 4.883889115684685554e-03 3.640662234104539811e-03 3.392496041720321695e-03
3.117073011165530459e-03 3.215429473028550908e-03 3.042142463624761695e-03 3.660104442178880712e-03 2.904575797373536508e-03 3.121967933391477622e-03 3.553707449361136975e-03 3.663166396419012451e-03 3.604799748932773547e-03 3.322571181618879082e-03
3.135901990215469917e-03 3.479935587140727503e-03 3.077637940674599233e-03 3.658200676387550910e-03 2.886850740813588691e-03 3.147003535949413969e-03 3.370852043082277899e-03 3.628051264865354234e-03 3.789497617517996984e-03 3.322972377793769784e-03
3.086694410201907234e-03 3.165569461698825027e-03 3.187920620357901670e-03 3.650153564924480624e-03 2.892749022559711926e-03 3.099792077147411808e-03 3.418222311294514745e-03 4.224647832276571223e-03 3.879141236077848689e-03 3.243692975819402555e-03
3.083605995576727508e-03 3.114563719306595937e-03 3.013442800592212173e-03 3.651976745644418092e-03 2.980702664334296779e-03 3.129420956648301753e-03 3.366026263594135062e-03 3.773989414010647976e-03 3.997608666753978135e-03 3.283147653926401458e-03
3.068949541196205107e-03 3.119558230778792050e-03 3.051390976321613577e-03 3.657975665891569691e-03 2.872254769979696188e-03 3.084824108587466609e-03 3.290955227809986075e-03 5.043564756072397778e-03 3.644390346163285926e-03 3.260541766267866480e-03
3.064694628292199702e-03 3.055283939895276409e-03 3.399382350618811166e-03 3.623079707101409946e-03 2.872701828599879322e-03 3.103236744918327645e-03 3.328389441367992242e-03 3.533491496329168886e-03 3.730891001044770242e-03 3.303227248618758986e-03
3.059693899395039829e-03 3.028072371089851264e-03 3.145852378870805585e-03 3.612266264158356908e-03 3.065567137653600702e-03 3.148061353614830301e-03 3.285206120111137766e-03 3.573370032388537790e-03 3.932913225928607107e-03 3.258338290545791365e-03
3.076260177818136016e-03 3.044635993970638832e-03 2.972533437306701561e-03 3.882330052022581798e-03 2.855382612627673043e-03 3.113109311590988443e-03 3.357668990869438434e-03 3.501768934714604049e-03 3.725106516206352567e-03 3.229478342948380234e-03
3.064333937884619174e-03 3.241269386779578598e-03 3.031004185695606798e-03 3.600222756023572449e-03 3.075121488504063694e-03 3.038083114230838780e-03 3.249820826430562925e-03 4.027633371865627782e-03 3.558964565515628647e-03 3.190680579620190378e-03
3.044666281035651040e-03 3.210425184714871694e-03 2.976274377460098007e-03 3.593593527928494284e-03 3.014042834155000045e-03 3.032410130213285607e-03 3.260678365369040939e-03 3.702743017049174665e-03 3.827684388469931604e-03 3.209463845832585035e-03
3.116903043622189923e-03 2.953736527679385639e-03 3.023459945318102485e-03 3.593083031849361644e-03 2.819812817450147169e-03 3.024126331077008067e-03 3.256183096889287126e-03 3.730367234226134206e-03 4.940488758902625462e-03 3.226300629998679614e-03
3.149926343371092785e-03 2.929636905912233469e-03 2.981355334888663011e-03 3.556907051040475009e-03 2.865739466131927288e-03 3.017362016749256057e-03 3.261501183956516236e-03 4.125623409611591311e-03 4.723027490061953125e-03 3.175296112279461531e-03
3.030364566287181444e-03 3.280733874817811594e-03 2.961984413430049281e-03 3.549664180392494029e-03 2.853758746999453689e-03 2.990093132268758537e-03 3.302055248353800120e-03 3.516708965181460696e-03 4.146499624840207891e-03 3.168290901205951700e-03
3.029769453508084683e-03 2.924846333783320904e-03 2.967903896854596699e-03 3.538724087278300508e-03 4.460925048922176339e-03 2.999422552487894262e-03 3.205242260372804120e-03 3.835138046787496275e-03 3.807343319550151890e-03 3.177187920898180348e-03
3.007145981722407924e-03 2.937055355384233374e-03 2.977053277086321240e-03 3.756218227759764144e-03 2.799794779024004573e-03 2.980160027506325270e-03 3.269512483135298721e-03 3.474424579031718235e-03 3.533351623553378316e-03 3.272813234593832492e-03
3.060828338453672887e-03 2.909703177056883940e-03 2.954096515426306475e-03 3.587787933191080667e-03 2.891944970621270015e-03 3.031164379827595411e-03 3.176076203162301551e-03 3.485947818005104715e-03 3.765690615625283313e-03 3.195879087882479500e-03
2.996579486280791758e-03 2.888554505522497769e-03 3.022692918647695674e-03 3.527183002599624650e-03 2.805309760045914414e-03 3.030466343343434735e-03 3.257139285611017950e-03 3.440482347249612226e-03 3.541082153592300420e-03 3.215571276533821850e-03
3.017552588783786217e-03 3.035734470189687100e-03 2.932336723508480788e-03 3.581573773316296203e-03 3.274965796946858673e-03 2.951037737402720153e-03 3.231506914232651264e-03 3.650282737885347361e-03 3.633643442599845431e-03 3.318623183918048471e-03
3.007165313804165390e-03 2.902099300239645643e-03 3.039503415448618039e-03 3.515436689407262436e-03 2.802991771160590149e-03 3.006010156618605603e-03 3.146869838840199614e-03 3.520114432049790010e-03 3.883344082987624530e-03 3.236512947573087686e-03
3.013640800661505567e-03 2.960135455150895295e-03 2.924241847503150724e-03 3.503550844491477856e-03 2.824119870376692095e-03 2.946718781522451435e-03 3.210907129276351600e-03 3.732510575659357070e-03 5.431629783198009369e-03 3.329639296257299198e-03
3.012526611577002328e-03 2.824078865243908470e-03 2.927580150891300262e-03 3.478774982265977339e-03 2.785972772539734282e-03 2.977013594162023109e-03 3.287346733999094595e-03 3.801257085122650408e-03 3.712004067353190818e-03 3.154086916018282449e-03
3.005279160042657535e-03 3.150161949349211503e-03 2.959053739779797434e-03 3.484961559414630466e-03 2.790349040029832875e-03 2.943720174350553023e-03 3.139493757121048726e-03 3.445243587556880496e-03 3.708636948954078041e-03 3.160405495413660861e-03
3.011716878153185804e-03 2.937184079501948663e-03 2.915744265372483164e-03 3.488682985099064281e-03 2.800118351590960217e-03 2.969295195463844163e-03 3.132280453407595630e-03 3.438349186952752590e-03 3.696909604387160504e-03 3.128867219772648450e-03
2.977056518907689880e-03 2.815306014031096656e-03 2.927564997616729364e-03 3.451211822650792575e-03 2.768172699419114372e-03 2.950949318407427181e-03 3.164727328143722689e-03 4.168569204485593829e-03 3.753752696015069321e-03 3.120085994116949223e-03
2.986917343140797852e-03 2.764339334604840569e-03 2.934034193012774894e-03 3.563696597572333941e-03 2.970972007302254830e-03 3.029989073931356556e-03 3.115873377428884060e-03 3.685863303234810252e-03 3.674293350001638266e-03 3.162671117002485970e-03
2.965434026040853800e-03 2.961443244293455491e-03 2.930923282845354985e-03 3.510574217053146536e-03 3.113803641079488163e-03 2.915790676598549892e-03 3.097397847780707179e-03 3.894412613957006202e-03 3.539140592039375505e-03 3.124819607604385676e-03
2.970468688437685311e-03 2.809235807036272216e-03 2.939246819787836099e-03 3.439104619901520426e-03 2.827810541052408651e-03 2.909501115426852205e-03 3.173529644001197875e-03 3.586237374303788417e-03 3.592207954562134237e-03 3.165536956308116073e-03
2.946362247166109741e-03 2.786282524017518348e-03 2.926035968859193835e-03 3.496246347637179189e-03 2.891106966062030777e-03 2.988836690500961887e-03 3.073348414454063135e-03 3.596731167544791555e-03 3.517697051592296592e-03 3.114723015742588454e-03
2.955701199351325192e-03 2.743206546403024158e-03 2.890895883400017730e-03 3.414684264440709643e-03 2.752965166197494581e-03 2.879787098073057026e-03 3.132081975176649168e-03 3.307410851447600136e-03 3.464126268805994922e-03 3.166952160163542373e-03
2.958497954167794292e-03 2.761785464818027492e-03 2.938305551040158378e-03 3.883921283089277962e-03 2.763663177279710847e-03 2.873440657447093836e-03 3.207932097654770699e-03 3.447236058182970818e-03 3.423041371398042459e-03 3.063896977641559702e-03
3.009689452090713677e-03 2.711719950942376080e-03 2.900173012464186614e-03 3.467072105387883612e-03 2.764493959924855995e-03 2.967556532137549836e-03 3.065591532532949050e-03 3.405381564922912996e-03 3.540462395297345934e-03 3.104526675523375332e-03
2.994903010618964190e-03 2.869825566452066136e-03 2.888852736205206086e-03 3.401161847511441436e-03 2.749034856503351342e-03 2.918971599427119291e-03 3.041547556623955609e-03 3.972837713269905709e-03 3.444774174771675270e-03 3.142245349644366952e-03
2.968120556183290269e-03 2.726304385236960528e-03 3.074617951627595710e-03 3.402543605515651135e-03 2.748710302396550637e-03 2.862732388402763721e-03 3.152438134440184274e-03 3.732910104994959215e-03 3.377481260915040761e-03 3.112160109270037996e-03
2.983382909795868551e-03 3.092771357468120010e-03 2.965346669586141522e-03 3.393366402949104729e-03 2.734447075076500665e-03 2.867144046479549666e-03 3.075875393436058522e-03 3.903605517273803747e-03 3.601112336640621258e-03 3.075476100773968328e-03
2.938987914694746705e-03 2.775519307300873279e-03 2.906307803175135242e-03 3.378257308989171884e-03 2.744057745415445781e-03 2.900632816658951611e-03 3.051762960401040344e-03 3.284105962161014761e-03 3.521781480321370221e-03 3.080575436160377240e-03
2.921050386057058839e-03 2.699928528154042946e-03 3.056112290751665950e-03 3.387283595632498232e-03 2.751180660721881492e-03 2.910042780037334475e-03 3.080763468822354020e-03 3.832861477564618834e-03 3.721306537864765493e-03 3.054069109395995268e-03
2.938122623708543189e-03 2.686798361974147929e-03 2.886343093392457811e-03 3.478910039330980735e-03 2.717152939485322893e-03 2.862206181277408400e-03 3.033090795140230573e-03 3.245832207796012746e-03 3.402188631977964318e-03 3.064240110318178830e-03
2.917239502373160289e-03 2.690362768175402590e-03 2.897473113683334683e-03 3.462964218357107368e-03 2.714781176432669568e-03 2.839980851384495217e-03 3.084043211140486893e-03 6.922939019042536127e-03 3.971486033401671820e-03 3.013925555911528380e-03
2.934764439126050055e-03 2.733010647093108390e-03 2.918345004288066570e-03 3.373893641421320342e-03 2.816515865176859746e-03 2.957826320174580196e-03 3.032374970626640267e-03 3.345600025815645417e-03 3.371031758123865362e-03 3.015345726827989292e-03
2.912645473900117229e-03 2.846248416652638613e-03 2.871507360921573583e-03 3.383972802761119145e-03 2.729785149134349165e-03 2.836412242084248875e-03 3.072443702842274620e-03 3.272367831338175801e-03 4.167824514393322737e-03 3.050414720159783794e-03
2.915133503469402327e-03 2.637358694174488528e-03 2.909954484222471768e-03 3.367382638212769452e-03 2.727648489870110240e-03 2.827932778718334622e-03 2.994154136640820793e-03 3.350530889123176127e-03 4.529579860749714283e-03 3.045111502979781608e-03
2.916665772540790597e-03 2.633436622472962348e-03 2.852095179767030059e-03 3.402661494266347435e-03 2.768257432067820854e-03 2.911606682765806742e-03 3.059343182069611949e-03 3.365990024899899111e-03 3.485857549004046842e-03 3.026739980198672741e-03
2.912661278155098329e-03 2.790069045862258058e-03 2.941058080551644648e-03 3.384296555614775288e-03 2.769921839938662735e-03 2.882310226218975317e-03 3.124913797970186886e-03 3.370196973044344967e-03 3.451458440770147941e-03 3.190247060048898367e-03
2.910103118499071922e-03 2.646158357510153877e-03 2.879132044424587665e-03 3.390606831590159582e-03 2.999888513919130376e-03 2.817338872929945736e-03 2.978622492062131272e-03 3.614394124430277654e-03 3.705514030421684733e-03 3.028196976858037529e-03
2.899428600569681127e-03 2.638106686371317726e-03 2.861624881908519848e-03 3.355483091212327004e-03 2.712603500272739096e-03 2.802106869397063844e-03 3.059166030476456744e-03 3.481817251941588150e-03 3.922098856322408546e-03 3.007731954311339186e-03
2.886820404474476492e-03 2.670795272415252795e-03 2.902633175819856887e-03 3.344516055078688641e-03 2.820151877833011050e-03 2.813438474783834780e-03 3.091777781114093959e-03 3.369061951937167131e-03 3.407437151095628770e-03 3.070361032493866722e-03
2.948296548744239708e-03 2.652955582812244455e-03 2.853787741497022627e-03 3.322333252610534284e-03 2.680615829855762140e-03 2.868486149160409237e-03 3.049436875808830393e-03 3.229443686344716114e-03 4.030561394559626504e-03 3.037153324792723433e-03
3.016256497598829907e-03 2.639567573996798224e-03 2.904324424604419995e-03 3.322162429292729001e-03 2.704374571284096258e-03 2.811418652968050713e-03 3.038984920473651510e-03 3.391755880951082686e-03 3.464399782897681097e-03 3.038186508736880325e-03
2.876420325869326073e-03 2.695583841228712651e-03 2.937482544613360426e-03 3.310091605374879814e-03 2.694116824658237402e-03 2.923296269560725445e-03 2.946633879458754237e-03 3.435768668427982304e-03 3.400396236285293389e-03 3.012463150729264953e-03
