4.811006425457017149e-02 4.215410307468109991e-02 7.100508861508253444e-02 6.984817667442481948e-02 5.949306856715223107e-02 5.504145494357244595e-02 4.795695344441891494e-02 4.855500786775403255e-02 5.955135052282273939e-02 4.674798822140985993e-02
3.493720686082293220e-02 2.327990794570179017e-02 6.330454882903112368e-02 6.495577720573093849e-02 5.146309143608751580e-02 4.117922157854718435e-02 3.682898969163368730e-02 3.563970872374223192e-02 4.595666923918928504e-02 2.471535937455776252e-02
2.788018719841821660e-02 1.960782173626877609e-02 5.654050369411901811e-02 5.921124286736501041e-02 4.244586730532650537e-02 3.184832594723428778e-02 2.941707990006104875e-02 2.878189687314212930e-02 3.353202468403476688e-02 1.684162969488117376e-02
2.353816739787662274e-02 1.788776584213101067e-02 3.241964536133757485e-02 5.049586543617098217e-02 3.557938561576395181e-02 2.864563817547103458e-02 2.433708738531880147e-02 2.338105028934687329e-02 2.579405135047393646e-02 1.323754712098068435e-02
2.064111536196751653e-02 1.628669563753184016e-02 2.024988096802798551e-02 3.776739775937200394e-02 3.093883119034637058e-02 2.645132988411096411e-02 2.064910877460924762e-02 1.997396816536950448e-02 2.173815707687499349e-02 1.112572542415084416e-02
1.796503103178865093e-02 1.529542937711845726e-02 1.717529374122346922e-02 2.712663559864088997e-02 2.661752698139424264e-02 2.510751274316750867e-02 1.789058245801834757e-02 1.821632828384279687e-02 1.900173164862350994e-02 9.999653534570837957e-03
1.590458415104628598e-02 1.517508933219993521e-02 1.449207908248712449e-02 2.031526085493007630e-02 2.281677926167501730e-02 2.367886818260748344e-02 1.548729107127907317e-02 1.663660663454816224e-02 1.724561077168193859e-02 8.981757960438515112e-03
1.439457810882110132e-02 1.401772273597112761e-02 1.198592924061812719e-02 1.668638498590098787e-02 1.944607642389935276e-02 2.212034416300105374e-02 1.347288284354251041e-02 1.517606139779709498e-02 1.488977290992215229e-02 8.099427697792406511e-03
1.324963814027035544e-02 1.306548454283496842e-02 1.093843387822445931e-02 1.435258035112913812e-02 1.618292857313805705e-02 2.120582110248960678e-02 1.175864484631405395e-02 1.389509948939196896e-02 1.338131290096353232e-02 7.585884435236947380e-03
1.252330308145748437e-02 1.340082364200505770e-02 9.020577589382036340e-03 1.279824686692847616e-02 1.349120193907746290e-02 2.000297822894052738e-02 1.046687671112818928e-02 1.271403203906304805e-02 1.219594791130528856e-02 7.208912889223147852e-03
1.190320182503551774e-02 1.209663481712884570e-02 7.092850752899451487e-03 1.155846881401965953e-02 1.079679938566430013e-02 1.940540435556841262e-02 9.337948953701732599e-03 1.164168080880351175e-02 1.103928954930545776e-02 7.002232967426373980e-03
1.140740658363113662e-02 1.156962891161555755e-02 1.301371832471475559e-02 1.050943377303988936e-02 9.325992235172796130e-03 1.824439704286860003e-02 8.401661734795132230e-03 1.059440293677937038e-02 1.011989582804851198e-02 6.420326333715182729e-03
1.100847431769616525e-02 1.151279011729864493e-02 9.183181633533358049e-03 9.649438349522275471e-03 8.400961705762634291e-03 1.775863055411659036e-02 7.545396067755895733e-03 9.603831289649950032e-03 9.724442798298609317e-03 6.151150717944102800e-03
1.058733470389166750e-02 1.083529051889448210e-02 5.737260017590306051e-03 8.908226294738893006e-03 7.753775164766892915e-03 1.701959745857190703e-02 6.829234660468033562e-03 8.695074983475053684e-03 8.612601240383497073e-03 5.959230595846406325e-03
1.020460599061020872e-02 1.045458863541454814e-02 6.880442095546051608e-03 8.280937572259795473e-03 7.252768553226128685e-03 1.604868028679107272e-02 6.350977489878486572e-03 7.976616863616142750e-03 7.954855539999644218e-03 5.715418422880928079e-03
9.797295912975496554e-03 1.068763349438706274e-02 6.213855241669353699e-03 7.727581358349304951e-03 7.019109676713281704e-03 1.537354525242636688e-02 6.075682672421867971e-03 7.530507081031072129e-03 7.479060604340978351e-03 5.563326753410660630e-03
9.430179506488703747e-03 9.698605855728367406e-03 4.968933527857274414e-03 7.252372751840424105e-03 6.932630441622749176e-03 1.473033800578451603e-02 5.764023245342850266e-03 6.833599407482340501e-03 7.102983684280705229e-03 5.496293883963729657e-03
9.139519410002414426e-03 1.013065506446821258e-02 5.956993641512780234e-03 6.883180734467902323e-03 6.211754268713064707e-03 1.427692118577683113e-02 5.549950859576321255e-03 6.426619820844751280e-03 6.604329244870006145e-03 5.282614735646755030e-03
8.780371367598798979e-03 9.126309838507694686e-03 6.528335993186904808e-03 6.495398190045952383e-03 6.010860406686111684e-03 1.362393140049206891e-02 5.355301475194735802e-03 6.001396390027482521e-03 5.989978029931754960e-03 5.017887657727300964e-03
8.446933194763415684e-03 8.962103917016649157e-03 5.283689819695909506e-03 6.220917964996026082e-03 5.860328869332209235e-03 1.298470940458651759e-02 5.246419714981872748e-03 5.698732933702614113e-03 5.791145654862451739e-03 5.049162922870728022e-03
8.104261181630795230e-03 8.743215557719058798e-03 1.240557658691807986e-02 6.039829462346830123e-03 5.523200497143581321e-03 1.240357615013672893e-02 5.078578562265918979e-03 5.347663185916785335e-03 5.338693120601302640e-03 4.751234590498035031e-03
7.838678397372716294e-03 8.374762321047420424e-03 4.258120505668461751e-03 5.690649883469148414e-03 5.365938000942925210e-03 1.213627221228574284e-02 4.999014982062364131e-03 5.159010486715592640e-03 5.080358986920052722e-03 4.711428266818189214e-03
7.575991791110004564e-03 7.715941609537205897e-03 4.561526807488547157e-03 5.477269818592265041e-03 5.184350511493266908e-03 1.125662637858220426e-02 4.871397959644546520e-03 4.862756104014940954e-03 4.965393382383698727e-03 4.645633900979301290e-03
7.301757139460413569e-03 8.322142371363647553e-03 4.196260958364303982e-03 5.306933427851603761e-03 5.051307391298781244e-03 1.086587004843524336e-02 4.820247511968812557e-03 4.728788181207158048e-03 4.975090874168216701e-03 4.601333958731036386e-03
7.080764416225735110e-03 7.433613424472174797e-03 4.159579284775604194e-03 5.230622879081357063e-03 4.980308174019777885e-03 1.044651594060465663e-02 4.746806904631183446e-03 4.455220126591915089e-03 4.238616156002417319e-03 4.460574287756724834e-03
6.831523165389941261e-03 6.660173486736115089e-03 5.303810740764774122e-03 4.982187609086218862e-03 4.752474840999059910e-03 9.864484795980180826e-03 4.697297704708903662e-03 4.322571059094475719e-03 3.993056439404060916e-03 4.350854226043670246e-03
6.612158496686494809e-03 6.600605885563349921e-03 4.087786041224260487e-03 4.920586500564591743e-03 4.638641378396533496e-03 9.756184736689044179e-03 4.591180472298549489e-03 4.192363641914517366e-03 5.504456486988439610e-03 4.461401499392091304e-03
6.441175537400933154e-03 6.175841245111803740e-03 4.319672835081805884e-03 4.739488616624253428e-03 4.572512239820977244e-03 8.957572992328388314e-03 4.535652428959043025e-03 4.093033408560568451e-03 4.116362330942474092e-03 4.170585194139422511e-03
6.164456446262987950e-03 5.778338281263225434e-03 4.030869601916367735e-03 4.816422908757743426e-03 4.429454713951850101e-03 8.517065209102944040e-03 4.470143693488012882e-03 4.002468305491646214e-03 4.358674804263651219e-03 5.024016068180035474e-03
6.027260586462307966e-03 5.433871693836935662e-03 5.424942353523964748e-03 4.590631102749621710e-03 4.382657542472880724e-03 8.181060171037883924e-03 4.489726981009032128e-03 3.907503689309586511e-03 3.858769278725519836e-03 4.114609287149639978e-03
5.825794488356358415e-03 5.857337869179996860e-03 4.578753078961855794e-03 4.523510306705880862e-03 4.397679141478949907e-03 7.711732449078532829e-03 4.365524724977178951e-03 3.819724277264680869e-03 3.624603544826883808e-03 4.127645940258846576e-03
5.676860649454855932e-03 5.074877842957136592e-03 4.021688304773412062e-03 4.494910052991168276e-03 4.186649967272237753e-03 7.503112140937534362e-03 4.339977664199099437e-03 3.797861261736971104e-03 3.919011834723666945e-03 4.147826943067174990e-03
5.540015260553090952e-03 5.725553210757218514e-03 4.110188870540061774e-03 4.335851443558716607e-03 4.117907728475421122e-03 7.026656912199660474e-03 4.291118992745404995e-03 3.746140676431930234e-03 3.814076891220492815e-03 4.027412832493172667e-03
5.410475263389904164e-03 4.827658385109835811e-03 4.067991598392749382e-03 4.270390500893747263e-03 4.037663936418291362e-03 6.723777254673105747e-03 4.299707153928781882e-03 3.641880998116336227e-03 3.529385755629490303e-03 3.913193354887953800e-03
5.260007734375022302e-03 4.738289872792259168e-03 4.161298332338107461e-03 4.266115127596017964e-03 3.997221695552228247e-03 6.580652839521169799e-03 4.283560868442641209e-03 3.585292262989713680e-03 3.523765516974336053e-03 4.556551699131094861e-03
5.140041612145637706e-03 4.646934724397152640e-03 3.936507495278578246e-03 4.168201435758701542e-03 3.952460529997401523e-03 6.211281545748541764e-03 4.179609681662842420e-03 3.550708996779660623e-03 3.535158818532881282e-03 3.865955598131181215e-03
5.008301789235141376e-03 4.566999285676887066e-03 4.855286769772482192e-03 4.133274788251992474e-03 3.891065797483918287e-03 5.903434865949699038e-03 4.182045075295237613e-03 3.529805331885467901e-03 3.755141046334713878e-03 4.292891684172834774e-03
4.921892253093564963e-03 4.375022991609715459e-03 3.786694193507076853e-03 4.069910681346796191e-03 3.848544267584783941e-03 5.751823231527159082e-03 4.117552191020151103e-03 3.460910504300542933e-03 3.658013961438776138e-03 3.915940831378146580e-03
4.868740146177370429e-03 4.523656681334550442e-03 5.058461227766132551e-03 4.058327975685903193e-03 3.808126826893642319e-03 5.570659426026020392e-03 4.154741012477935341e-03 3.455074782663568322e-03 3.411408142880910117e-03 3.816430157797977372e-03
4.731230328927731738e-03 4.329006039284933639e-03 4.642246934808284646e-03 3.998497980750101953e-03 3.799550213408782028e-03 5.401749980407988261e-03 4.058978241333358224e-03 3.397331751169839834e-03 5.095551666475345645e-03 3.825876945521851109e-03
4.646732744980591745e-03 4.492495922535570500e-03 3.854851390467583464e-03 4.116067721625818292e-03 3.729143727536068150e-03 5.180572536656519178e-03 4.049196861881688980e-03 3.365736314515596541e-03 4.505154605963615153e-03 4.052231321720563273e-03
4.535986262069338984e-03 4.097225069157915851e-03 3.842489197935482388e-03 4.138057588064006885e-03 3.704272797683680601e-03 5.017251902279247326e-03 4.022478090395359071e-03 3.356840949565072663e-03 3.438353383835710507e-03 3.671193524292485841e-03
4.461691147511034905e-03 4.030024664167659344e-03 3.718265362021586865e-03 3.930849236217778993e-03 3.634942155389010200e-03 4.901831944497337702e-03 4.086310025616231474e-03 3.313118559633107096e-03 3.366819895663490918e-03 3.702226287537211790e-03
4.379272368107377938e-03 3.979879504844890253e-03 3.723283380261092554e-03 3.901499872700142733e-03 3.622997010654954112e-03 4.656236983627630964e-03 3.992826987736133003e-03 3.280995597661734431e-03 3.447421412074086651e-03 3.714464304498909381e-03
4.359520987304745313e-03 4.054569093983603940e-03 3.550333084475587684e-03 3.849904539052026887e-03 3.606778765169167331e-03 4.648804577102726154e-03 3.944679539387228873e-03 3.276908353466946502e-03 3.476879785562930671e-03 3.854851054691234465e-03
4.287788224568827786e-03 3.912627473384716961e-03 3.810553708608954444e-03 3.851614540783763856e-03 3.592869163948215518e-03 4.789088019031680250e-03 3.936013801546222983e-03 3.250341523964233453e-03 3.322669777802137250e-03 3.607401972989970375e-03
4.166910467701359644e-03 4.245997733271479613e-03 7.098180967084376930e-03 3.810681779167389687e-03 3.551215524462622564e-03 4.432894338925121198e-03 3.887611361708716382e-03 3.222620670711207318e-03 4.408502463819814060e-03 3.612422657327038402e-03
4.085887034839381232e-03 3.905152602534934982e-03 5.721660565684874751e-03 3.802885089521700155e-03 3.522027816946319244e-03 4.408072747891695481e-03 3.963505022946761658e-03 3.213280630444128975e-03 3.231837362976074535e-03 3.594524020434859517e-03
4.017426006448797382e-03 3.989310977936658988e-03 4.289604133879935596e-03 3.906208664422603730e-03 3.489110328170823977e-03 4.174789846384453773e-03 3.900503838687466307e-03 3.205895100867590594e-03 5.690055573437881667e-03 3.550450650595920587e-03
3.983053729257824555e-03 3.689502366334119609e-03 4.436751734048663930e-03 3.769871699771447978e-03 3.472898082449563106e-03 4.246172761802520686e-03 3.844629232716139777e-03 3.256846692953718151e-03 5.231731174573324428e-03 3.516222538680515396e-03
3.913460387434717670e-03 3.740745112170827929e-03 3.531733536161186203e-03 3.762786383737682424e-03 3.471814127607805982e-03 4.079159580799187994e-03 3.850425690873902993e-03 3.163279608505337442e-03 3.536755580804717188e-03 3.680347810917155085e-03
3.881013330653028393e-03 3.694901999752233691e-03 3.516698402422702759e-03 3.732523367782370274e-03 3.462557505355340261e-03 3.985923398912273596e-03 3.811057058434293068e-03 3.148105728945158575e-03 3.471514402224178206e-03 3.555164002678099910e-03
3.825785075125057600e-03 3.672303024444539734e-03 7.308559334900197046e-03 3.713468563856233123e-03 3.417721607728514948e-03 4.215788762428960071e-03 3.953344361940741396e-03 3.126183697195705075e-03 3.912351754249416939e-03 3.661036765589526128e-03
3.775133649375515561e-03 3.496355926687949502e-03 3.870943008111988898e-03 3.759653185071618140e-03 3.434543618094213803e-03 3.775598773064163267e-03 3.787411129521123070e-03 3.102576942194383396e-03 3.263342202414064048e-03 3.624818806558218788e-03
3.720720004974421759e-03 3.470953399804696006e-03 3.520148349622085476e-03 3.691357259760465453e-03 3.400682918516425603e-03 3.783119280453937569e-03 3.745935772628589296e-03 3.080936808518564430e-03 3.116826606927767217e-03 3.421620263037287914e-03
3.733755236988195621e-03 3.510038966151909825e-03 3.551629718309583846e-03 3.892016486805164634e-03 3.346034904249537562e-03 3.653336532628740675e-03 3.720324388059306590e-03 3.090516355312164423e-03 3.211751800893804937e-03 4.023064814284711514e-03
3.631096937848414270e-03 3.427254471336148300e-03 1.369005696512990387e-02 3.814328888836615930e-03 3.334764336108886427e-03 3.785226276469595089e-03 3.824770196192564704e-03 3.063107520397477090e-03 7.847725544422236299e-03 3.440199772275121144e-03
3.595543336221037646e-03 3.467485604217258443e-03 3.444823448075028972e-03 3.744959758877625198e-03 3.329257870443983348e-03 4.417258838754985900e-03 3.685226516345181669e-03 3.068256770784333603e-03 5.561359706162065548e-03 3.371088186435523219e-03
3.529202949881586962e-03 3.590179885963550119e-03 3.875945473445670687e-03 3.675873316715967329e-03 3.345583085007288598e-03 3.711962018871014200e-03 3.665789561178727212e-03 3.042217128374465410e-03 3.546387451670791283e-03 3.441806663512389942e-03
3.494888571938665079e-03 3.459046991530132648e-03 3.310921117705778374e-03 3.656919356951107355e-03 3.327504042720437656e-03 3.581290121320160075e-03 3.662335235146166063e-03 3.025208669686391995e-03 4.187294400242510400e-03 3.837922440953103580e-03
3.462978257119092747e-03 3.343496833631520206e-03 3.469700836048582836e-03 3.663224917465297825e-03 3.286483758804142983e-03 3.703099471743510201e-03 3.720781579937884002e-03 3.029481839146034011e-03 3.427431004438897914e-03 3.394817660166465825e-03
3.461533087549941400e-03 3.778479524619004874e-03 3.379589515677270967e-03 3.723500103056860602e-03 3.283692523507981270e-03 3.495392005682088857e-03 3.652441564881455174e-03 3.013222241759762679e-03 3.143840601503176437e-03 3.837570705889135122e-03
3.416950121826390751e-03 3.424106227562001472e-03 3.327020974456684158e-03 3.635922488195298188e-03 3.257449150702094835e-03 3.448603870058117304e-03 3.632176918151017002e-03 2.989485056341762911e-03 3.240390440645304643e-03 3.906994015010610381e-03
3.367542540130094575e-03 3.350911551305269052e-03 3.368976992404709280e-03 3.685321453515759318e-03 3.241412826986840492e-03 3.351620471810934972e-03 3.625369884206927976e-03 2.996307231949157501e-03 6.209424116043184456e-03 3.442774234616082212e-03
3.370646545151209910e-03 3.393214973296916452e-03 3.261711955956028350e-03 3.666025158287831466e-03 3.305479830647595901e-03 3.807309408234509172e-03 3.593849142149751694e-03 2.989789333484657499e-03 3.372235232783519360e-03 3.889889601055783377e-03
3.315363028274246650e-03 3.197648790869938099e-03 5.373430409999173721e-03 3.593339887255199080e-03 3.216996940479400699e-03 3.609159915878112305e-03 3.659295289824985101e-03 2.976421482422619575e-03 3.283421975662580150e-03 3.531852406392692323e-03
3.314155019072209576e-03 3.212862878946108527e-03 3.508388821787054510e-03 3.651021778354366591e-03 3.304586860806316400e-03 3.246278202301939968e-03 3.593985392975005896e-03 2.984754916951816613e-03 3.812290597026157107e-03 3.562265070763862441e-03
3.272834622893900161e-03 3.382535093041238658e-03 3.171241426364370883e-03 3.932347293719804654e-03 3.243523284048385833e-03 3.539793206960828095e-03 3.540542656567953039e-03 2.978915091743915798e-03 3.246785400999277916e-03 3.302840368496202765e-03
3.308291005501382432e-03 3.288675667787963833e-03 3.644549793277219053e-03 3.596314966915511394e-03 3.216483884614078186e-03 4.221017436664668485e-03 3.531207241492934773e-03 2.939567669917243341e-03 3.677041484116609464e-03 3.229675663299734142e-03
3.266166997132869364e-03 3.217966440854536959e-03 3.256060691895466559e-03 3.566285317487762844e-03 3.183723775426360123e-03 3.721526771356609836e-03 3.513109935379282213e-03 2.952758675623401181e-03 3.333483939718825690e-03 3.223081604494529122e-03
3.203011440135727743e-03 3.155982439550954546e-03 3.435815064078312584e-03 3.693643724902636542e-03 3.161944477796877449e-03 3.986905902703762224e-03 3.560094441069773779e-03 2.941852307675453266e-03 3.566798875936938798e-03 3.172530632983722957e-03
3.264125251808615291e-03 3.213828128779066141e-03 4.872962754431742552e-03 3.669114634241294262e-03 3.259343819404438881e-03 3.401880159321444413e-03 3.512507349842043571e-03 2.993843566129371185e-03 3.365795933509203516e-03 3.162940228016032640e-03
3.181828798839771068e-03 3.366092989444409433e-03 3.163462980707665382e-03 3.665304960845762634e-03 3.176534724646459112e-03 3.374661193643157652e-03 3.483619759308602837e-03 2.951147674009051147e-03 3.531225567172727002e-03 3.219331706855790235e-03
3.303232297120098620e-03 3.119995215285669907e-03 3.173963507041243758e-03 3.661588374275276912e-03 3.151230057354329709e-03 3.117368423415131651e-03 3.457810079536318901e-03 2.943755340042106608e-03 3.087012078681186222e-03 3.144964051168593760e-03
3.154232046796367865e-03 3.227483722682771006e-03 6.215785709988609284e-03 3.565118591780228920e-03 3.269142807354761659e-03 3.038250363418413137e-03 3.501183353758144465e-03 2.969314374372654646e-03 3.078843937069306643e-03 3.335154530036433911e-03
3.142086933697293191e-03 3.228000510994947711e-03 4.489066152745593841e-03 3.538706459135305266e-03 3.167871787950682187e-03 3.035292416896353141e-03 3.500188043745717549e-03 2.914411371214100255e-03 3.101994089134479157e-03 3.128080080133667593e-03
3.201879577156346943e-03 3.036562857178148802e-03 3.179980275044055893e-03 3.541030131802754173e-03 3.125359868984229489e-03 3.489891456384650731e-03 3.404439573920051230e-03 2.928466687425534693e-03 3.551386603290484101e-03 3.771814022882871015e-03
3.102680479029432028e-03 3.096258080775179250e-03 3.335401465364427973e-03 3.505490592820317570e-03 3.135534130374913273e-03 3.100028950502330821e-03 3.394481086253885952e-03 2.951899213653090895e-03 3.179529441786377829e-03 3.374380559559923744e-03
3.107869241160000472e-03 3.029338847279643056e-03 3.165321151170252551e-03 3.921868158106003345e-03 3.105438703643882171e-03 3.006893058015738980e-03 3.413939535565774838e-03 2.890482528462587700e-03 2.972332996831871660e-03 3.088910129665797897e-03
3.059647007081656850e-03 3.031034244277052737e-03 3.067834359989162363e-03 3.527548570670158406e-03 3.117698550863287621e-03 3.147978583306139128e-03 3.396148175796484016e-03 2.900612443860513777e-03 2.976641218528420542e-03 3.110688576620735443e-03
3.072591564756667597e-03 3.467291372514003100e-03 3.900938760490171766e-03 3.541581016396431331e-03 3.083104384199639690e-03 4.317739454730793944e-03 3.360197447902556287e-03 2.898228014005168642e-03 3.139402849083166962e-03 3.176853858741172671e-03
3.052241751806351790e-03 2.974625921820028569e-03 3.202146527201201430e-03 3.547383197395573284e-03 3.083280596617832270e-03 2.937790243438163310e-03 3.356804220520296592e-03 2.881218251897583581e-03 3.175410906963726815e-03 3.245705902123835040e-03
3.107931079045937739e-03 2.974293312089166391e-03 3.065474411719565882e-03 3.495895081843702554e-03 3.142337089300005579e-03 2.952321725876231456e-03 3.367583245038489881e-03 2.964604621900222316e-03 3.321341036897120132e-03 3.022466885693120969e-03
3.022846606332282599e-03 2.948635287701048113e-03 3.209492987442003585e-03 3.501085707666691440e-03 3.122650460402836767e-03 2.914118471017857360e-03 3.317655158071645700e-03 2.917298758884863397e-03 3.093382358173301771e-03 3.196895777446014629e-03
