7.051213289417052055e-02 4.517848221212219378e-02 8.470560459775319795e-02 7.343078578615649943e-02 7.201602293480083294e-02 6.809418646851569945e-02 5.837942267419622688e-02 7.162793096993670672e-02 6.394185350979524063e-02 7.010867110255890322e-02
6.483880735709246501e-02 3.167124682420970755e-02 7.180563808665146874e-02 6.322767881565917458e-02 6.641215461034657985e-02 6.080542165328473025e-02 4.660515702459420290e-02 6.444389443971262899e-02 5.078261661877284117e-02 6.521334026864122890e-02
5.814922199885884380e-02 2.426512095534223354e-02 6.352217339561724851e-02 5.818558578192981057e-02 6.330522644444329383e-02 5.337474145211047044e-02 3.690048599005441021e-02 6.160710109777742943e-02 3.531925465475461295e-02 6.317433086147521137e-02
4.688698105615440870e-02 2.007523953866031247e-02 5.616703052586859840e-02 5.374581183920410649e-02 6.044702119434427340e-02 4.525549710559840372e-02 2.936129211802109007e-02 5.844217178118890632e-02 2.041743037318093784e-02 6.122885792386942305e-02
3.632914174752407271e-02 1.736603955878642663e-02 4.754237333829734041e-02 4.932294363090564820e-02 5.714955879325238353e-02 3.868504922468834345e-02 2.373734876789974219e-02 5.289318484185074470e-02 1.329606745987979739e-02 5.879262380001810256e-02
2.800701425153614976e-02 1.531367092588192640e-02 3.807396366883658567e-02 4.510395329065956110e-02 5.312648313434319841e-02 3.340267836009385566e-02 2.015565921575310226e-02 4.459718667558149052e-02 1.008494816339973628e-02 5.546736455832827067e-02
2.175949386252492082e-02 1.380877173643207771e-02 2.946270851865627829e-02 3.902261768732063346e-02 4.796787178122969425e-02 2.855586866451445202e-02 1.745149420188107925e-02 3.242074658735678155e-02 8.470905385744003507e-03 5.153664218359246818e-02
1.793840772837281342e-02 1.263771279818787403e-02 2.279463888162748877e-02 3.485595530271504844e-02 4.165652990112000964e-02 2.394959432036260563e-02 1.557087110847550811e-02 2.418962373970470411e-02 7.629444866289900908e-03 4.693933715985214999e-02
1.521422965811384913e-02 1.171406388195516714e-02 1.884518570447074950e-02 3.033983524301922183e-02 3.513907433606686115e-02 2.073604406260083632e-02 1.410599262618569306e-02 1.951042362768445199e-02 7.039509571854354886e-03 4.184597599700499299e-02
1.349830373078952928e-02 1.059255350565816052e-02 1.565263244959005928e-02 2.712340479959458872e-02 3.000494181724894932e-02 1.829178025932719220e-02 1.305820376440038934e-02 1.663172204194575052e-02 6.646570552477421533e-03 3.694897705399653037e-02
1.304184391562558144e-02 9.830113443084121175e-03 1.372728132288769144e-02 2.442114686356240336e-02 2.652844132810489031e-02 1.677525849431779972e-02 1.221912478508184463e-02 1.503119529610803980e-02 6.342279774082389479e-03 3.129646940582500592e-02
1.197272323884946386e-02 9.119560678096641851e-03 1.214769524308099806e-02 2.308333190634571930e-02 2.399362372281048719e-02 1.574916492024444614e-02 1.172954688593351447e-02 1.375177717179741285e-02 6.096387735547571622e-03 2.654466183958409040e-02
1.140157126453072642e-02 8.635093936630313174e-03 1.108679380855947735e-02 2.048203065433994510e-02 2.247144189187905844e-02 1.493959795880845688e-02 1.137756703603779590e-02 1.270391308486651383e-02 5.935696176634669419e-03 2.290749433829257845e-02
1.059381557274346325e-02 8.160181071713200340e-03 1.040121893142877119e-02 1.931511120464271189e-02 2.075164737191032699e-02 1.441118924724857538e-02 1.074146158775892909e-02 1.193580166165681550e-02 5.661522254303347039e-03 1.978020412212434798e-02
1.086145698145704434e-02 7.819471303703239354e-03 9.757698984190852493e-03 1.839493413551686676e-02 1.956914982512979531e-02 1.392333125483256016e-02 1.024410197188710576e-02 1.116598298983502262e-02 5.483514848014361086e-03 1.783006223465890064e-02
9.835210082687992350e-03 7.471197367540744101e-03 9.407114537916788644e-03 1.723984876921426032e-02 1.854271097160084883e-02 1.338986195556148180e-02 9.771897124115191957e-03 1.054120058604354412e-02 5.399815279224717650e-03 1.622651011152297096e-02
9.458348211560956356e-03 7.288519254251037138e-03 9.058973672772061697e-03 1.667341486251333951e-02 1.777633766210495042e-02 1.309825191450289528e-02 9.867264223407874388e-03 1.008174983939150691e-02 5.243851407911379048e-03 1.503583929653634806e-02
8.896904120911427322e-03 6.999304663691545761e-03 8.675732934397549154e-03 1.746976232083023717e-02 1.672227894725230452e-02 1.270346496555499645e-02 9.250506484961193085e-03 9.487367813035118419e-03 5.177763550993755987e-03 1.424003133786771146e-02
8.702326415694579265e-03 6.814450119594870139e-03 8.395996081516180279e-03 1.592735906886709116e-02 1.578433397561963131e-02 1.241481096824934016e-02 8.982590179971628244e-03 9.336421478868900392e-03 5.053466506180524093e-03 1.333074841542335187e-02
8.534917639675209874e-03 6.580755476284764864e-03 8.157122156943991814e-03 1.506393151828059121e-02 1.519017028203260324e-02 1.211631633323630684e-02 8.840749208224241845e-03 8.661926723844691131e-03 4.956772973161454113e-03 1.289656822837599408e-02
8.692177704947094338e-03 6.470638985866617419e-03 7.894790582459582789e-03 1.467660723104413992e-02 1.455053775901930108e-02 1.187268741570343504e-02 8.570007880588060081e-03 8.293839544806327554e-03 4.863270328289823544e-03 1.214342496811244773e-02
8.111531185383243428e-03 6.280879496110604483e-03 7.709270874468288418e-03 1.472273938001386444e-02 1.387473191643836916e-02 1.180824318602848380e-02 8.444164235115824910e-03 8.188374808147045811e-03 4.808419480210004114e-03 1.157167750097539728e-02
9.065280549249949554e-03 6.127789125067748498e-03 7.485921364674590420e-03 1.422538075412227952e-02 1.327614716473879755e-02 1.143033526236197570e-02 8.348555697317142088e-03 7.622332451387541820e-03 4.726684574792712652e-03 1.112397589431126689e-02
7.583559394659666192e-03 6.128465914334170483e-03 7.493650149701506537e-03 1.451460602230951122e-02 1.279168334289469341e-02 1.120923964211673063e-02 8.238214929774631198e-03 7.681297996875747006e-03 4.690352576883148085e-03 1.069071299419301242e-02
7.411423356265093264e-03 5.894836694216124343e-03 7.127025949857146436e-03 1.350721467327351509e-02 1.237806304176791543e-02 1.099900138950141160e-02 8.316220363903734439e-03 7.146085431080360581e-03 4.622174532376792551e-03 1.039917825568773511e-02
7.205383878468982553e-03 5.822007956603590315e-03 7.095888975151006667e-03 1.332073292188597734e-02 1.191538849965288402e-02 1.078421901565075093e-02 7.976975870078079761e-03 6.840716940917869818e-03 4.558401702915580028e-03 9.965774106533771548e-03
7.011765003493986882e-03 5.850081976708687050e-03 6.825530721961109611e-03 1.273418394328500874e-02 1.151074405315134427e-02 1.061212457517878190e-02 7.885918563370107950e-03 6.551946175227559357e-03 4.504834193731950716e-03 9.873756303832874684e-03
7.278125695804041860e-03 5.638164351113941070e-03 6.805898209302492334e-03 1.246724265887158914e-02 1.135778915454226448e-02 1.047920515835233657e-02 7.821908335036107177e-03 6.522154404933635727e-03 4.448437308691420046e-03 9.263930723886872401e-03
6.770181137382833524e-03 5.556865561753909256e-03 6.495084207219761242e-03 1.217794549825941194e-02 1.079274890674502413e-02 1.032180609358732300e-02 7.784944029489935906e-03 6.155869375631296478e-03 4.395386244238979126e-03 8.926834065915625199e-03
6.632959771813233887e-03 5.413128647709175914e-03 6.370416939423799441e-03 1.277945842411618883e-02 1.047929708356751081e-02 1.008722805834694723e-02 7.888627429802678309e-03 5.897548221246052581e-03 4.355425834053297356e-03 8.631638038040168742e-03
7.431614335314941193e-03 5.356441568088505904e-03 6.426859544534699493e-03 1.225964933603783912e-02 1.016750430693121737e-02 9.939867242980855722e-03 7.530642326515912983e-03 5.732694708396547136e-03 4.305552989499887226e-03 8.487659602688496160e-03
6.540588137347957617e-03 5.404229236909975122e-03 6.126936430695603675e-03 1.226159502119446645e-02 9.792851177754703304e-03 9.793296319690522264e-03 7.450876498950224393e-03 5.547732377300091874e-03 4.302360377281544412e-03 8.212180018907245041e-03
6.215149583313801449e-03 5.201780106043594511e-03 6.026713073742947027e-03 1.143261863790908869e-02 9.987315329723019802e-03 9.579695548733129298e-03 7.583376396809157760e-03 5.451974727822789940e-03 4.301653758961670321e-03 7.776981518637276006e-03
8.695145359958578180e-03 5.194398466469414555e-03 6.033021778995377275e-03 1.137276786377074828e-02 9.235958232643412189e-03 9.521901174110315724e-03 7.602670791719232449e-03 5.288803051852139676e-03 4.232960050794977620e-03 7.562215521663966968e-03
6.538300241289538191e-03 5.109323888244057983e-03 5.791034232773798959e-03 1.053609061402181746e-02 8.952079802444291509e-03 9.297207468239141945e-03 7.232276413889128855e-03 5.211159357123133079e-03 4.170358203619746809e-03 7.332171702819314206e-03
6.191160404740606721e-03 5.110234485011607222e-03 5.700896142513472813e-03 1.004431174671713972e-02 8.615404115973659613e-03 9.267477143084529995e-03 7.296847935718289713e-03 5.034419670536689588e-03 4.112661280758439161e-03 7.051231074627819367e-03
6.002086369757397670e-03 5.018753363009618822e-03 5.605551198159929721e-03 9.779053166619788504e-03 8.496180787334488282e-03 9.078767657860606008e-03 7.112315893663029992e-03 4.896681958596273490e-03 4.087038868530440579e-03 6.809342898968671551e-03
6.676708536127434063e-03 5.001543574066865880e-03 5.494043933126777773e-03 9.510813587227526927e-03 8.150213675574431368e-03 8.897257800840344122e-03 7.020093218967100347e-03 4.814934140544680809e-03 4.042708909100085901e-03 6.591734293288045894e-03
6.107545055258300354e-03 4.834978523860117804e-03 5.484806523680592870e-03 9.148803712106549565e-03 7.974579687596046809e-03 8.761269954599287119e-03 6.957214934335539253e-03 4.699129861145146317e-03 4.026672338374257670e-03 6.436884833152270620e-03
5.810001963009569191e-03 4.771439150319623651e-03 5.294391438746760999e-03 9.018981092888048515e-03 7.789727892342415000e-03 8.751209165916177743e-03 6.898874750804724967e-03 4.782447642688167876e-03 4.067507566613614255e-03 6.229125026564088889e-03
6.664849194668549977e-03 4.726947661837723087e-03 5.264171493553336002e-03 8.670063161561962148e-03 7.497755161877680576e-03 8.568932539049601421e-03 6.958361343777724750e-03 4.650119919719303621e-03 4.003048347349552269e-03 6.071299094780675983e-03
6.743270978112346319e-03 4.691819487362116660e-03 5.151681694150164401e-03 8.367413852488413822e-03 7.339815579194467095e-03 8.382694611364564438e-03 6.819206259081928186e-03 4.471189416307115930e-03 3.938647660112326761e-03 5.900469828156215679e-03
7.306431060116146819e-03 4.648210690809720901e-03 5.061211715552624453e-03 8.230015563293597777e-03 7.057903113644829578e-03 8.310308002166285138e-03 6.970085799410963637e-03 4.477456690848239176e-03 3.951696765997886850e-03 5.749510094275816531e-03
9.068370556959349377e-03 4.649635906055792946e-03 4.975788964707761677e-03 7.563062229527596318e-03 7.134881123572028513e-03 8.186310467087095158e-03 6.829327704343909206e-03 4.443115792185071966e-03 3.888439761107377254e-03 5.890983670252284907e-03
5.412388739333870782e-03 4.549086966739749813e-03 4.962572783109173158e-03 8.489901362925062617e-03 6.775857557096008794e-03 8.061986733142782746e-03 6.523204654188697466e-03 4.243544241552445716e-03 3.865089908188018650e-03 5.532842071643344524e-03
5.829287897494157822e-03 4.539350404790621317e-03 4.841762857208861508e-03 7.389160617602421113e-03 6.516505265382888101e-03 7.959989286412935683e-03 6.564093733789267207e-03 4.264880733107770210e-03 3.833646174419553035e-03 5.468376690135086718e-03
5.282326140417034285e-03 4.623485635486888033e-03 4.803802506266163785e-03 6.913202186706506394e-03 6.919124943949741743e-03 7.870960377770006011e-03 6.671855817672262337e-03 4.121973754187349855e-03 3.814581852256021012e-03 5.386106124809593963e-03
5.250261098543656732e-03 4.439116852124538361e-03 4.656712348694576169e-03 6.458825078854051396e-03 6.452077168858185753e-03 7.789424858379450506e-03 6.386397719664890435e-03 4.103812959477354423e-03 3.781281172176528295e-03 5.285287460308988466e-03
5.612536542993954054e-03 4.403538694904812756e-03 4.651433850091609042e-03 6.224857592421200944e-03 6.146264205355824600e-03 7.717460062915027993e-03 6.385836837769717084e-03 4.019755649259309366e-03 3.765938267309454010e-03 5.362075443411674566e-03
5.239918769304868600e-03 4.444840973620643558e-03 4.533975460753455339e-03 6.226446243989072066e-03 6.048747342254129702e-03 7.590662941664038169e-03 6.254042649750156911e-03 4.001322460684478277e-03 3.728692495069725263e-03 5.047247363191320266e-03
6.035563099132067871e-03 4.348069803393592517e-03 4.462925398339982926e-03 5.706328630712296721e-03 6.429720920231392703e-03 7.508945874887941983e-03 6.563122395601458936e-03 3.936477485301175840e-03 3.710903065748525319e-03 5.101879408790602199e-03
5.889973198946848315e-03 4.340158762931832503e-03 4.422084822826815968e-03 5.490039700262621704e-03 5.877119190217683711e-03 7.472087907696433294e-03 6.324449472744103629e-03 4.061052533854621859e-03 3.696531969602595558e-03 4.936983138554139339e-03
5.475780982764305235e-03 4.282027205655028479e-03 4.372848793362456819e-03 5.976345697619188206e-03 5.694324063921722689e-03 7.305194227017594924e-03 6.237087381000289144e-03 4.424668383640045603e-03 3.651857513282235398e-03 4.849370865826927932e-03
4.942641309886353779e-03 4.250220619812125969e-03 4.286238808138788034e-03 5.246063480216110395e-03 5.649209925485926265e-03 7.229288523269861849e-03 6.013975691483276417e-03 4.015476529862955189e-03 3.633953565098544444e-03 4.794686856790357672e-03
5.004799991934967204e-03 4.220229329626791828e-03 4.212641557228256201e-03 5.075459601449933307e-03 5.885968248948091411e-03 7.165005530030641237e-03 5.996594378744022312e-03 3.855534017357451285e-03 3.626889666820076047e-03 4.735987690807436090e-03
5.835729433702862255e-03 4.183752411235560145e-03 4.193046092509259554e-03 4.997109336026507413e-03 5.524412201202664151e-03 7.083735251290693841e-03 5.905792045889097196e-03 3.812521796277316792e-03 3.595758494997105051e-03 4.775369028221420654e-03
5.035779502306480040e-03 4.160255919634031109e-03 4.064565776691567850e-03 4.965370419712402186e-03 6.018461043874374743e-03 7.117389368739106964e-03 5.816929082577445079e-03 4.099046185676086772e-03 3.628222901174206830e-03 4.656365839968435068e-03
4.920147788633409160e-03 4.149803152605056715e-03 4.025326782700628346e-03 4.723532474459586974e-03 5.256034048307940687e-03 6.901695279170772662e-03 5.760723676536530502e-03 3.696351823684891624e-03 3.631785232376009715e-03 4.606231820857944678e-03
4.887434146674296369e-03 4.110909067772976731e-03 3.982204849400650115e-03 4.623026906566974834e-03 5.346545883185113875e-03 6.878988547518444588e-03 5.946842634941731931e-03 4.026058515417802082e-03 3.573162007480749913e-03 4.706852852102377457e-03
4.983683488700063093e-03 4.084401542727717459e-03 3.947730862564637760e-03 4.606282469402719557e-03 5.579339378803381891e-03 6.752374942251978054e-03 5.625536948781042004e-03 3.627443594648545842e-03 3.518551020871743540e-03 4.511847760241191434e-03
6.740053841184913581e-03 4.072795604074599951e-03 3.901739778246629889e-03 4.490346331439552981e-03 5.124579926760844048e-03 6.698048042837714995e-03 5.625707239933849454e-03 3.588436889208033564e-03 3.498491532282216408e-03 4.461709403531896601e-03
5.690091715736221578e-03 4.054638342460554871e-03 3.857534233524207920e-03 4.641467055332907342e-03 6.369227540731044884e-03 6.638456967057288459e-03 5.519964734833843548e-03 3.573208329872071091e-03 3.487867582006839821e-03 4.427622933538104440e-03
4.842611544099885944e-03 4.028801424929178039e-03 3.928968088657498574e-03 4.446111931058998115e-03 5.086946314365469596e-03 6.567289675860663901e-03 5.473035321785457014e-03 3.789631828553347362e-03 3.483417177443903692e-03 4.426032905789942934e-03
5.444970975973606984e-03 4.027919076110113468e-03 3.766140926698031965e-03 4.287011176726121878e-03 4.881092790703265953e-03 6.451902853982961414e-03 5.441806958648478729e-03 3.495255953367493520e-03 3.445998138411983294e-03 4.387578961695715735e-03
4.854847316644424898e-03 4.006553146160687223e-03 3.719723973162634544e-03 4.293347796221544735e-03 4.787316043304268819e-03 6.615284983129476187e-03 5.448188342817899578e-03 4.023558203576721448e-03 3.476720412924711769e-03 4.323415416252934622e-03
4.526927037627458475e-03 3.976366418310660691e-03 3.670443127833999692e-03 4.308152655290079132e-03 4.833637704284599393e-03 6.381473913086723772e-03 5.287299224586912080e-03 3.500123055831312179e-03 3.407909227959066319e-03 4.286901740331548749e-03
6.536324168421639089e-03 3.990693887022151061e-03 3.691799028055234733e-03 4.157647956380731979e-03 4.820357058526058940e-03 6.266540205202049060e-03 5.390709396586033583e-03 4.035439602353745915e-03 3.431000770606440226e-03 4.431389216503709046e-03
4.909405616266529493e-03 4.000954755133206975e-03 3.593387809107206118e-03 4.972884215413711506e-03 4.789177990456869663e-03 6.206259971061325528e-03 5.216887951763926265e-03 3.496074484748997509e-03 3.393767834805228208e-03 4.230692813043155677e-03
4.550296980260423729e-03 3.941585562249382522e-03 3.597254533016262020e-03 4.062508834084171787e-03 7.563335828555417008e-03 6.257328205773390883e-03 5.182886592346487228e-03 3.441253797985996746e-03 3.367398771096954263e-03 4.220023519123625860e-03
5.279778570818596112e-03 3.895464759687271815e-03 3.563878036457988462e-03 4.076621784777505024e-03 5.045311258381975777e-03 6.100141645776868508e-03 5.441932549383057295e-03 3.467324715142181945e-03 3.357199305521727656e-03 4.190707097502105460e-03
5.795375119365136010e-03 3.867050949033828434e-03 3.495926173192537897e-03 4.906817930819757159e-03 6.171521130099304718e-03 6.014133732401273809e-03 5.022740134063331981e-03 3.389255636548482199e-03 3.362137976892822129e-03 4.144430798548947616e-03
6.123907970474651644e-03 3.849928930006884294e-03 3.470242542649363496e-03 4.039704625168069087e-03 4.886735772091747865e-03 5.968882699397144373e-03 5.333629852386514991e-03 3.699910558689522427e-03 3.334055636253175844e-03 4.150893627143258449e-03
5.539764409630628869e-03 3.870200405828856053e-03 3.428966422616253062e-03 3.879763616534926893e-03 5.775847110493968761e-03 6.022226131739093040e-03 5.451856620257902915e-03 3.842210201502966205e-03 3.302507127148370924e-03 4.096262074158093548e-03
5.710231988342131734e-03 3.843939985899476417e-03 3.407027967263743466e-03 3.822606416739319796e-03 1.199130727327927387e-02 5.832226478349867779e-03 4.904988222986219649e-03 3.925449907989361775e-03 3.304396990819010414e-03 4.120956661176978890e-03
4.516228980433633321e-03 3.805268143611063251e-03 3.380450689061958655e-03 4.283041900875510059e-03 6.672384610882283948e-03 5.898150185500651739e-03 4.924820058363485811e-03 3.460609526879832639e-03 3.311674677646909634e-03 4.115104951164410760e-03
4.739257391917705946e-03 3.798703334592414167e-03 3.357198012263135425e-03 3.792864541765278430e-03 4.970377383610088788e-03 5.709079318143808757e-03 4.805981771663683441e-03 3.344465846503732152e-03 3.264596188541890251e-03 4.040345699429619131e-03
4.394535956083715431e-03 3.783717838828887237e-03 3.399970799845927327e-03 4.132254132501426633e-03 4.843811545960430461e-03 5.649689657496694516e-03 4.766050137961735760e-03 3.263555973794852495e-03 3.252018373283517561e-03 4.009586170833573729e-03
5.432553777918256409e-03 3.760958983192199540e-03 3.307671725202079253e-03 3.765783221758193817e-03 4.491943121061959046e-03 5.604122371181547747e-03 4.731965784173408802e-03 3.247198883697566263e-03 3.317652549971252061e-03 4.025487962912995335e-03
4.821800496270086875e-03 3.791157798006122848e-03 3.294891688151651860e-03 3.756251779739352026e-03 4.549773070838880780e-03 5.540088932664742616e-03 4.695564124249001006e-03 3.600418632585884911e-03 3.235929323418237739e-03 3.963585183799122127e-03
4.914647270426476637e-03 3.791475702754191959e-03 3.255462304236225821e-03 4.158831225022740878e-03 4.379819475054111573e-03 5.485497564230007971e-03 4.683504341369020517e-03 4.643159131438971687e-03 3.227945141057592116e-03 3.939241753056565466e-03
6.291275691772552255e-03 3.716422486568594485e-03 3.253163078657404696e-03 4.160599727763262916e-03 4.496548124513081654e-03 5.497229012998073282e-03 4.617283106644888037e-03 3.228792577868316426e-03 3.208188763691072025e-03 4.003910855836349120e-03
4.317691482425342966e-03 3.704296845313834706e-03 3.236785492421761622e-03 3.635315256868454099e-03 8.029425750994431329e-03 5.400546558633333161e-03 4.548655810511293036e-03 3.798446394516007997e-03 3.201225264259238874e-03 3.897244977607570646e-03
4.730938249653615993e-03 3.696302911173748700e-03 3.226616877782468532e-03 3.836291794314504715e-03 4.436337136095784214e-03 5.339911692798897380e-03 4.548897780060419567e-03 3.326666225724102862e-03 3.241333370023130513e-03 3.881730976892662152e-03
4.580320596064908940e-03 3.690885504407779519e-03 3.506441619521953167e-03 3.604084816050836301e-03 4.753862353694675302e-03 5.324664948129815764e-03 4.513278691794435880e-03 3.525041021721915958e-03 3.269018221893666473e-03 3.892202529850992496e-03
4.204503070397664320e-03 3.691753866569852643e-03 3.166236044311230256e-03 3.656697861027717860e-03 4.516167409509899699e-03 5.245966999814544000e-03 4.540856051077287597e-03 3.252667430751211061e-03 3.178566789573506260e-03 3.857188019864228861e-03
4.286831116000309680e-03 3.674365782326970749e-03 3.135100276847218800e-03 4.145482901453593008e-03 4.370044797200127104e-03 5.406594752934654538e-03 4.408008702576832367e-03 3.152751955867139858e-03 3.175016528593266937e-03 3.948340850506712636e-03
4.423543320370780518e-03 3.657310457969375518e-03 3.144936194247025668e-03 3.858947037428955059e-03 6.047660297018962218e-03 5.202528182737554789e-03 4.363149672636842252e-03 3.141795446841324103e-03 3.137227159265967413e-03 3.820419602603017210e-03
4.121810079809226125e-03 3.654683743851164842e-03 3.162356578139948523e-03 3.729121077581046360e-03 4.848131566198505063e-03 5.157681781621751595e-03 4.389811167045893150e-03 3.150439490944852584e-03 3.142431029068062844e-03 3.845720751398736155e-03
4.685519973592367285e-03 3.680608585272871977e-03 3.104528309434379657e-03 3.614897301906027250e-03 1.105091235895200308e-02 5.076022254986186158e-03 4.328011967726581692e-03 3.383524351441475914e-03 3.120744156424273656e-03 3.812708301157675776e-03
4.723593365686232053e-03 3.884974338921850026e-03 3.088654134915944875e-03 3.610848904703117378e-03 4.649566471819529569e-03 5.060815612229329491e-03 4.260033900481212908e-03 3.250519604959016366e-03 3.124390413703257308e-03 3.759271615210199851e-03
4.750408394361627790e-03 3.611287094523188673e-03 3.085222855886519087e-03 3.628912957959764228e-03 4.292358052164960310e-03 4.978695188315475188e-03 4.356306402767535363e-03 4.490872555741266293e-03 3.103430420976326185e-03 3.754016861067975813e-03
4.871152770334857655e-03 3.598270147238525826e-03 3.079921577773260012e-03 3.881649339738320412e-03 1.256052063446970284e-02 5.021769074570951556e-03 4.225788463038256462e-03 3.513506862677401744e-03 3.116523430148793270e-03 3.747069297498455999e-03
4.333077464917583881e-03 3.611074186105506581e-03 3.045523169755886064e-03 3.480642957417059632e-03 4.240529876034961412e-03 4.927459761165802615e-03 4.164079365021943445e-03 3.225544881036374392e-03 3.105814082214485364e-03 3.729318600534882368e-03
4.133628988198123459e-03 3.619427794560276662e-03 3.057925079875707577e-03 3.470858585635084540e-03 5.243106870251932131e-03 4.889720304047499161e-03 4.141829868106552438e-03 3.219834191198920822e-03 3.082839979488698895e-03 3.725624614438781401e-03
4.132923378180984944e-03 3.571770253132264868e-03 3.023840375763103654e-03 3.455155056444059614e-03 5.300412249362898391e-03 4.882942050347250165e-03 4.117413470298959821e-03 3.239230601064041915e-03 3.080660619254510773e-03 3.681355350355690510e-03
5.616466563953472976e-03 3.636387325812841589e-03 3.144349229139805062e-03 3.502850245417775572e-03 4.174690266289376832e-03 4.804960393272872214e-03 4.118229289435603249e-03 3.780196946112909361e-03 3.091467608329944664e-03 3.675373292840854438e-03
4.118021482717263218e-03 3.556647500797816431e-03 3.001294824962704756e-03 3.434758211966419672e-03 6.524468054449005482e-03 4.759297905202413033e-03 4.268537602243811444e-03 3.053850511006121846e-03 3.060767724042777384e-03 3.693304467996864036e-03
4.097653448419180840e-03 3.540901382053006797e-03 3.009911940249615243e-03 3.739280852774095904e-03 5.467929456034592746e-03 4.714484611563804495e-03 4.005473394544082147e-03 3.121795572447571242e-03 3.046410547883049089e-03 3.679982350814750558e-03
5.712340236838335181e-03 3.531087816012421724e-03 3.002771838191117641e-03 3.412684822088415601e-03 4.161543601191394597e-03 4.671422025096160988e-03 3.989206155657116885e-03 3.423528789496111183e-03 3.038755768094422889e-03 3.669038525485257204e-03
4.144281055528883234e-03 3.656242026325221602e-03 3.112099309352013739e-03 3.457218437854105587e-03 4.409396437461580304e-03 4.647320260613247052e-03 4.185882788265246623e-03 3.519237571015419990e-03 3.025467924213284029e-03 3.681024272326373446e-03
6.974830595294773984e-03 3.519306600003620829e-03 3.013377655099302738e-03 3.398531583553337371e-03 4.166019194394505673e-03 4.625662022188003174e-03 3.969964917372378020e-03 3.131167299759935428e-03 3.021835894773829741e-03 3.668262027608149966e-03
5.439126129702101346e-03 3.501997618428735488e-03 2.962034911320066827e-03 3.426407191556348712e-03 4.183725457588390907e-03 4.570770920078856894e-03 3.938569705854965894e-03 3.522280263089913165e-03 2.996287847878607857e-03 3.610580459680488505e-03
4.008160816655167297e-03 3.495229692261141077e-03 2.962528493670390454e-03 3.559400680171529233e-03 4.199712569457521479e-03 4.548976994640131256e-03 3.943720149634551662e-03 3.846183251405501432e-03 3.044136102981546271e-03 3.614475822685308138e-03
3.956952739218407532e-03 3.499707547680657675e-03 2.934510288386845203e-03 3.399633018659597300e-03 4.096565024690834375e-03 4.515690006976175869e-03 3.967911012030190393e-03 3.233837032191855341e-03 2.991153520940514551e-03 3.594029787560339313e-03
5.098808113891182756e-03 3.485811250065314927e-03 2.944374943774448385e-03 3.409384300255515442e-03 4.043258597556778459e-03 4.452937359507489444e-03 3.828901239364287511e-03 3.075956831352164543e-03 2.980066975589723121e-03 3.586049775649478681e-03
4.014837685555995052e-03 3.567370748583962876e-03 2.940643667023909360e-03 3.344975179744191351e-03 3.988554306489052077e-03 4.413003253916384858e-03 3.901972331936534762e-03 3.272936561487666852e-03 3.036501507603220785e-03 3.557261505132228944e-03
4.231079391326634728e-03 3.505672093934618372e-03 2.932799135549464271e-03 3.333336478598705049e-03 7.011034662613200609e-03 4.394182185011545963e-03 3.788840134403254935e-03 4.530331170178385561e-03 2.987767544168835974e-03 3.545620523552124159e-03
4.104771786732781466e-03 3.461715823732609224e-03 2.951754290845836574e-03 3.358826392074888267e-03 4.055911046069731081e-03 4.366567847256378788e-03 3.977929779513530821e-03 3.039644605688577184e-03 2.982754048408893435e-03 3.590379903480079259e-03
3.882885119572549327e-03 3.444821407819020995e-03 2.908481391643860658e-03 3.505057385065933357e-03 8.382811936268472902e-03 4.408156967658657943e-03 3.719830122560498567e-03 3.325844107950138087e-03 2.982801543018154516e-03 3.523370720186762717e-03
6.398466610891336871e-03 3.453915938051385810e-03 2.918802428342602995e-03 3.311795808696684461e-03 4.110431825457887267e-03 4.398328048823488615e-03 3.767666304548715484e-03 3.008087563576302380e-03 2.978339358268704187e-03 3.573899078828186339e-03
3.842200110826950090e-03 3.575527929351215127e-03 2.891958817543125674e-03 3.576218294247936278e-03 3.966039740911693305e-03 4.292372960214802663e-03 3.712838124793380913e-03 3.067419441532324639e-03 2.948091612769940164e-03 3.516524790135160030e-03
4.647354843182641138e-03 3.453548338863711258e-03 3.073148635650556001e-03 3.390248259307580836e-03 3.936110368177634690e-03 4.213360994383085617e-03 3.794721990204836561e-03 2.962355294846558910e-03 2.958266700250820197e-03 3.499315600723909656e-03
3.822642185370116619e-03 3.417759560324494517e-03 2.944200978102133257e-03 3.294224621852714398e-03 3.902504341949390027e-03 4.224122832940737510e-03 3.682203818108624460e-03 3.033766296067318038e-03 2.927205990674436580e-03 3.492580868662850321e-03
4.448866378659940314e-03 3.459777115268374958e-03 2.900122748908687438e-03 3.289572838776596946e-03 4.148113956093841398e-03 4.142125646931640176e-03 3.645528362746192769e-03 3.013406827471296068e-03 2.938742222061442415e-03 3.493847689539321486e-03
3.788454080214785896e-03 3.409723529913752556e-03 2.879651649067266946e-03 3.297549677825141381e-03 4.026022615565244371e-03 4.141939725844251755e-03 3.666772026225572061e-03 4.184333194056082117e-03 2.939697186355014983e-03 3.497661260908622397e-03
3.699386627657043781e-03 3.401291546211888082e-03 2.927722700608067011e-03 3.573370120292677487e-03 6.058188153083469453e-03 4.107693712008049676e-03 3.811304108034249682e-03 3.216795018363467155e-03 2.956824066121834828e-03 3.464735884847570686e-03
5.517230214603260213e-03 3.427248561382339413e-03 2.838296539812773175e-03 4.207658776276356968e-03 4.179405135713507892e-03 4.073100558741203116e-03 3.577349776102679586e-03 3.282753426180068899e-03 2.895793285068198886e-03 3.448256300973753536e-03
4.142705585104719014e-03 3.385455119705852757e-03 2.834201159365893914e-03 3.267421849358961156e-03 4.130235173978359826e-03 4.046743190551135849e-03 3.599096358203719270e-03 4.000963012014697139e-03 2.911365382755885974e-03 3.468799740806576513e-03
3.752464921536043715e-03 3.373133924209121941e-03 2.859618763627385686e-03 3.263722339075156124e-03 4.032678153419246535e-03 4.078911638130807045e-03 3.624792398307026195e-03 3.218250152543100737e-03 2.892971416743345819e-03 3.439004399892264981e-03
8.020106380128450355e-03 3.438058398864853385e-03 2.826986871459621561e-03 3.475489332617253627e-03 4.181645995086247236e-03 3.972049953395681045e-03 3.703500348554448086e-03 2.981160913650759709e-03 2.892528046796725028e-03 3.425594323657872760e-03
4.301063106206906052e-03 3.395550420999265181e-03 2.838748088637900718e-03 3.256503304474593543e-03 4.200778479431726588e-03 3.943984463378564023e-03 3.739868327469281217e-03 3.099510144078160626e-03 2.911132256589492144e-03 3.466257359157697004e-03
5.270733585214413056e-03 3.352383701965265007e-03 2.824832806493394848e-03 3.372785028356820470e-03 4.076277840344846339e-03 3.909334160173585752e-03 3.600111350901301528e-03 5.891258131584741278e-03 2.875655261908797566e-03 3.467848321003227409e-03
4.414716705735375474e-03 3.383983931522571448e-03 2.823933040892061264e-03 3.320246379842343130e-03 3.802918513250129647e-03 3.943070204622313793e-03 3.571655519110671952e-03 2.964416174231601902e-03 2.907152790080181921e-03 3.414435972048204034e-03
3.945789117628705281e-03 3.351451597049542267e-03 2.830394868564672841e-03 3.299998562667354283e-03 4.308263736257787052e-03 3.896959923236019505e-03 3.482914295161808772e-03 2.996656532660919598e-03 2.953869421758042579e-03 3.468096669821731873e-03
3.673105447250868145e-03 3.359606581552876392e-03 2.834121877190947259e-03 3.289392840352748249e-03 3.959666923128620994e-03 3.893005258343938853e-03 3.523267707435558983e-03 2.918113941643041276e-03 2.848743824174381021e-03 3.411024074619249495e-03
3.751664487839429050e-03 3.452215946542776682e-03 2.853115227405159625e-03 3.210467783318138920e-03 4.233820539731162659e-03 3.809419770300332721e-03 3.503243773960934039e-03 3.567677709982444365e-03 2.852287112951891988e-03 3.395570098602506900e-03
4.924159825254605105e-03 3.422059311399373600e-03 2.858948116123398702e-03 3.442144283690561773e-03 4.424997565465032395e-03 3.786924603353965853e-03 3.497623127347433865e-03 3.319999047838360137e-03 2.846751288179197748e-03 3.428900607390645942e-03
4.788692686704692017e-03 3.370858159281226243e-03 2.797828681124932531e-03 3.267460790905308936e-03 3.800405761547785526e-03 3.762357786568391177e-03 3.406694024713695108e-03 2.890404706184155920e-03 2.852189386809429305e-03 3.375187844313703566e-03
3.682212155764840074e-03 3.334849647426761047e-03 2.784963733590500954e-03 3.233072520502056416e-03 3.934947168702186172e-03 3.765098456011660433e-03 3.405071103812904853e-03 2.915307572573066011e-03 2.845559284757390953e-03 3.429505005292217412e-03
4.224247398978256234e-03 3.313486208784163171e-03 2.788270276949236359e-03 3.741281954917639700e-03 4.209681568360670000e-03 3.735782678645870828e-03 3.419830976889093495e-03 3.148556266396504953e-03 2.828695967113884196e-03 3.361472383688117200e-03
3.993417911461424538e-03 3.384140283129241297e-03 2.850931067499828768e-03 3.191037433897619957e-03 5.488659067175838575e-03 3.694209503742829515e-03 3.585821654390083674e-03 2.897160636693305470e-03 2.830032749943025769e-03 3.355942688989431259e-03
3.694877377017611632e-03 3.301373386021891343e-03 2.775812328617639942e-03 3.220755383054336573e-03 3.834233956700435712e-03 3.709761548300032769e-03 3.409105894829535070e-03 2.902778193070467989e-03 2.847273798883808490e-03 3.367466027889471497e-03
4.205423982473716765e-03 3.292275117772875109e-03 2.761433991179484612e-03 3.179194172485425452e-03 5.450972334990544094e-03 3.852442923790887729e-03 3.425247966739293839e-03 2.897532893932366471e-03 2.821182072764324717e-03 3.384502966596940679e-03
4.234236077537065039e-03 3.327627582313594148e-03 2.885230917123834254e-03 3.323396916709600753e-03 3.891331622587298599e-03 3.726443615419121769e-03 3.382162459181600050e-03 3.293340174442226358e-03 2.816735974784782305e-03 3.348998919078067724e-03
3.584131876039935855e-03 3.429463836998514984e-03 2.774973002428859654e-03 3.272908375116212552e-03 3.720142702036746945e-03 3.660629131896664043e-03 3.356364488521959566e-03 3.269288032179685968e-03 2.883445702446074069e-03 3.358539861225293133e-03
3.442761943511582143e-03 3.330691862350196233e-03 2.754873956207179106e-03 3.238100348836685932e-03 3.871410317627748798e-03 3.613104190553466898e-03 3.386909195723486043e-03 3.167425344383267317e-03 2.821491696017558014e-03 3.320752890314958641e-03
3.736548677011836909e-03 3.275279590497659314e-03 2.771671687975659371e-03 3.176778439608131908e-03 3.976913281549310231e-03 3.674880767777439876e-03 3.310961105953488456e-03 2.872527000667727311e-03 2.822543764865996334e-03 3.348444027812903356e-03
5.072303995569417932e-03 3.311278497336087642e-03 2.767450124562034156e-03 3.238440574508707516e-03 4.505322363082048774e-03 3.630802954951361291e-03 3.284655904803650446e-03 3.136115740878431604e-03 2.793146154997029357e-03 3.313228570648032393e-03
3.669898486568787428e-03 3.277137754622432963e-03 2.750123136661506915e-03 3.285107183181468909e-03 3.793132540929979469e-03 3.572037765516935994e-03 3.273203528223473779e-03 3.351552062264875811e-03 2.819402505247315706e-03 3.310539219695195559e-03
4.360692531830629229e-03 3.298770839828409421e-03 2.729617748468150026e-03 3.521702234510657673e-03 5.000810982891096268e-03 3.554463784209009256e-03 3.287407761775694177e-03 3.768575985420495773e-03 2.775786759270021126e-03 3.307062209141427636e-03
3.527719132348986278e-03 3.260878966301359715e-03 2.941636995830424275e-03 3.378093490937717110e-03 3.880965741376605181e-03 3.523343162339216249e-03 3.442759817185003790e-03 2.907410056541517591e-03 2.805108581241578906e-03 3.298839170383757475e-03
4.091259213247081319e-03 3.266166216298573705e-03 2.722671811828228632e-03 3.588611947194902604e-03 3.768688287805811374e-03 3.511686125924112258e-03 3.258551638514551718e-03 2.844877415939249185e-03 2.788348542701395497e-03 3.303014820770211728e-03
6.105635039759063111e-03 3.272483373131470242e-03 2.715194202142716829e-03 3.181371821306103968e-03 3.915527554771925690e-03 3.545767295969649412e-03 3.255586695786029036e-03 2.884154156042122250e-03 2.791573464239093666e-03 3.296145202350865121e-03
6.277482435915619600e-03 3.243072593935657656e-03 2.722300984455666272e-03 3.199932466920015622e-03 3.677499110488712235e-03 3.499060782056399692e-03 3.246752776320210691e-03 2.998433793991109840e-03 2.773925307361391115e-03 3.286605856894084070e-03
3.898763687806756830e-03 3.239556815034493227e-03 2.771610314708285779e-03 3.177142335099401773e-03 3.751677202129939225e-03 3.474879935601014359e-03 3.347134622289774705e-03 2.944398084888927031e-03 2.772222589953477530e-03 3.338902328374181508e-03
4.397141695555105943e-03 3.328093369947616228e-03 2.702356476329376058e-03 3.226467033724112702e-03 4.824648722234385970e-03 3.446650779964023376e-03 3.212064472432319111e-03 2.848322522120319989e-03 2.767510544972801197e-03 3.284200433453935211e-03
5.641568002228309134e-03 3.232334523780868839e-03 2.777019785554402705e-03 3.146350359373261633e-03 3.731097648160004027e-03 3.453001814766834543e-03 3.333913552966831159e-03 2.870108846983874650e-03 2.768574855570150959e-03 3.277347147956087819e-03
4.743130596754499030e-03 3.256359743475390096e-03 2.763743904029281051e-03 3.227881145326208252e-03 3.653371473492582257e-03 3.438522276831583110e-03 3.362160687312831971e-03 3.410567048966842065e-03 2.778659978448697662e-03 3.273889734369996550e-03
4.343018729891023194e-03 3.219383804376910272e-03 2.707386556768791221e-03 3.201501785627058026e-03 5.357737095928657815e-03 3.439728114372759497e-03 3.234602607350184952e-03 3.089858595762999278e-03 2.738274376488709742e-03 3.271584060843697392e-03
3.792840179025862291e-03 3.211357894829061730e-03 2.685107567060153553e-03 3.578084592380553070e-03 3.679831676321571824e-03 3.535203858291494517e-03 3.180807224667011029e-03 3.166986935750041796e-03 2.770059150122938883e-03 3.379340446810379268e-03
4.466126975849146231e-03 3.219463837430953240e-03 2.695656868776689745e-03 3.630806133347882526e-03 3.648093895086156925e-03 3.445350914386962650e-03 3.208045323777586853e-03 2.873156670154587179e-03 2.751693331317166345e-03 3.344439163061008538e-03
3.315123704492758082e-03 3.229357612260284113e-03 2.689131598984673046e-03 3.122718513009518134e-03 3.668969425480698206e-03 3.412835944761920086e-03 3.242972098422438384e-03 3.364378504403030528e-03 2.753908451518057975e-03 3.247292640886553609e-03
3.379929479237938229e-03 3.197678038709041420e-03 2.787238342295288943e-03 3.161401176883256621e-03 3.584805270500411936e-03 3.383611268246634451e-03 3.184883420481822002e-03 3.407465617952851796e-03 2.789204816015531611e-03 3.244469145827933755e-03
3.498114939219130505e-03 3.195626649229422848e-03 2.693032137566640522e-03 3.153173183986134488e-03 3.548915830117493984e-03 3.371604298828254943e-03 3.175075593369696986e-03 2.799877793737749233e-03 2.712775985334973938e-03 3.322410133072123666e-03
3.321571399912128745e-03 3.205259936897660381e-03 2.679489509925168239e-03 3.124291991509191117e-03 3.560487120390938738e-03 3.339620472115200842e-03 3.200016776208305068e-03 2.868659495366058469e-03 2.724832915307459115e-03 3.452243061830622892e-03
4.137433331625904077e-03 3.189889974588100332e-03 2.703291619894109595e-03 3.295647239895234826e-03 3.491707912803786260e-03 3.388934094868296075e-03 3.527768414423046797e-03 2.790801663102600479e-03 2.748122263413790324e-03 3.237723955174021551e-03
6.774521712261749075e-03 3.184284274235590299e-03 2.791742172192225157e-03 3.107884308499946503e-03 3.857354750564363603e-03 3.350826173870133460e-03 3.323845479127942801e-03 2.807407019076931919e-03 2.721718207113213005e-03 3.246507532682650632e-03
5.158238941139619248e-03 3.204008813876758031e-03 2.681016566410258147e-03 3.175787525337734479e-03 4.173988833275799060e-03 3.312924760940135632e-03 3.183506129780406049e-03 2.939359420052175230e-03 2.705876437161003432e-03 3.321485210524297536e-03
5.043952994158387541e-03 3.260118043282799437e-03 2.675613242404924989e-03 3.112621142710133085e-03 3.895238317516276378e-03 3.318137781373115599e-03 3.110649798497624411e-03 3.028019951445493421e-03 2.719175447460261876e-03 3.318429650666527512e-03
4.655177179803984995e-03 3.177914613711896839e-03 2.650986342584778829e-03 3.188823813010237609e-03 3.903138273684827412e-03 3.319843822217923793e-03 3.202482111023862831e-03 2.800822465992365909e-03 2.703629416562334034e-03 3.346135726489705281e-03
3.514534306494386442e-03 3.169920035817232543e-03 2.649086122129400925e-03 3.386833930834760951e-03 3.680817265109325841e-03 3.301442096862215649e-03 3.152026793030197980e-03 3.669041290848415286e-03 2.712321425452216168e-03 3.218735394900129436e-03
3.309845559101408895e-03 3.169491490295633929e-03 2.737309049939953918e-03 3.444410769064992425e-03 3.616395355217190844e-03 3.283162431753632038e-03 3.234690397746690319e-03 2.771408829246745868e-03 2.747715615321222760e-03 3.252864858090793142e-03
3.366175560624608265e-03 3.152013981773608975e-03 2.643280085648344775e-03 3.247676178769896144e-03 3.456424606846348821e-03 3.267792344236897066e-03 3.133040580050646534e-03 2.880836323242566294e-03 2.693348405433265008e-03 3.205153111964775640e-03
4.259608146307923907e-03 3.148431015718551607e-03 2.644239979707451067e-03 3.104131236605993469e-03 3.638543184205591478e-03 3.268824364503180712e-03 3.231274041525174483e-03 3.248963853181946210e-03 2.689735283464239450e-03 3.221686812966169291e-03
3.600494846656540539e-03 3.171369133131263229e-03 2.672265910637594468e-03 3.097908378505885400e-03 3.578202021171063979e-03 3.276540536572234222e-03 3.077757279381314499e-03 2.927924569490952377e-03 2.738384207439705995e-03 3.191183321051369298e-03
3.255997165467980521e-03 3.168185496028756709e-03 2.661339402966537288e-03 3.157926496812050402e-03 3.448803031993523567e-03 3.239585048074263007e-03 3.169268686127001394e-03 3.024341070341732707e-03 2.699318108651829317e-03 3.178162455649359824e-03
3.308334273540136736e-03 3.175268075929750088e-03 2.629968334562595399e-03 3.128279692927622702e-03 3.612468501539920895e-03 3.230148550821968292e-03 3.072360022094476097e-03 2.959913847626496983e-03 2.686948107300146400e-03 3.175424294112889900e-03
4.340624997163514479e-03 3.215477715065094381e-03 2.627239319237252915e-03 3.268042915228599587e-03 3.443175012475969184e-03 3.231180337977588354e-03 3.070706032760515524e-03 3.795602903076258222e-03 2.679740716334997729e-03 3.174817005173477449e-03
3.351041922046289930e-03 3.141859936597349474e-03 2.619359999043483715e-03 3.136577295411939470e-03 3.926654111852833327e-03 3.250659900885514986e-03 3.058609448191815152e-03 4.007833190584349226e-03 2.676401447557007641e-03 3.174022795152264213e-03
3.604476128982617676e-03 3.138638814492290471e-03 2.693409843108572014e-03 3.078266404928020877e-03 3.553054167068339132e-03 3.218743337733434573e-03 3.333267941244387120e-03 2.920943916435749400e-03 2.697037335478194055e-03 3.157685162077171915e-03
3.386081607491793835e-03 3.117525880918631340e-03 2.643249971980384059e-03 3.067414237637947159e-03 3.381593807878989413e-03 3.225779153752967188e-03 3.062574838028747724e-03 2.795339379259762901e-03 2.680132590495443775e-03 3.203027942283569098e-03
3.801017776275543696e-03 3.214897174605128947e-03 2.639224884820218307e-03 3.166706289053171190e-03 3.375088220597662145e-03 3.212669383268041898e-03 3.110205123901742599e-03 2.777370065848887033e-03 2.675484498184439990e-03 3.159188879063262127e-03
3.152801570343911636e-03 3.115680557678865772e-03 2.633066834563454681e-03 3.055473442657190807e-03 3.394927215023474561e-03 3.249716873501082813e-03 3.024981133474581585e-03 3.002143786081359813e-03 2.658898703707222519e-03 3.189957894366768788e-03
3.431342007681797458e-03 3.299081254041370554e-03 2.616921922301975161e-03 3.069748271902485951e-03 3.445284155217703120e-03 3.245802105469570466e-03 3.025247385695129920e-03 2.773824909892937726e-03 2.650804603360275031e-03 3.147624437045898945e-03
3.221694328770626815e-03 3.118177764441723218e-03 2.628518934301933823e-03 3.074951387699943577e-03 3.433330704299621290e-03 3.196367998163260685e-03 3.034536142362409192e-03 2.995353410090793866e-03 2.668430893896069425e-03 3.148521937843040686e-03
5.157378365958868033e-03 3.102484956179613323e-03 2.623555985408835330e-03 3.060163110303655391e-03 3.492202132610372142e-03 3.191175563119361125e-03 3.017082853729780370e-03 3.380968711199155811e-03 2.661467250536328055e-03 3.143675865378522602e-03
3.155350623401223346e-03 3.093141366095397693e-03 2.641767909626548724e-03 3.066202493504187245e-03 3.363275843494901302e-03 3.180760808906636910e-03 3.044668419335401846e-03 2.871437151992415737e-03 2.667099125894486708e-03 3.140643789614283501e-03
3.913094313498644353e-03 3.101697841700134118e-03 2.635075602332460996e-03 3.461326681568420438e-03 3.563660450837965229e-03 3.180527757221166679e-03 3.053187391980235772e-03 3.267723178236411029e-03 2.665130556785741140e-03 3.243775120651725980e-03
3.770018511132515633e-03 3.121635965898419615e-03 2.636819646766588518e-03 3.188818487921418494e-03 3.530823996722251817e-03 3.165818881432712773e-03 3.095597646966547455e-03 3.109013856489690249e-03 2.664432469732296027e-03 3.284236865807403476e-03
3.410078042976578006e-03 3.117458565379431241e-03 2.608404695824079710e-03 3.065341991045794114e-03 3.618550978446451356e-03 3.205337105567283157e-03 3.078756600416762516e-03 2.761996335629175996e-03 2.653372944951115382e-03 3.142189879541958889e-03
3.522605872811547696e-03 3.211405885145385448e-03 2.615406014566025276e-03 3.149783449897915980e-03 3.786930078062330889e-03 3.160062516280226410e-03 3.036251167594698763e-03 3.002773344189092405e-03 2.655967832356943750e-03 3.124574361703310287e-03
3.630644057554470883e-03 3.095624734617809671e-03 2.601372755047118811e-03 3.064170869468662607e-03 3.639231443098854633e-03 3.237642807981975807e-03 2.995824142544005041e-03 2.854464639627019018e-03 2.640622686953640694e-03 3.120969634097547386e-03
3.056712376589561242e-03 3.075210605781102027e-03 2.619682805821517500e-03 3.076543661446558275e-03 3.456765347756309958e-03 3.138212817024475885e-03 3.032410764371677205e-03 2.748441149649298934e-03 2.659929829489312419e-03 3.195800016479175606e-03
3.489656658958217687e-03 3.081345758267385604e-03 2.691235395966191414e-03 3.051578577489338570e-03 3.368268382916784001e-03 3.152876872214842221e-03 3.111021479307174084e-03 3.008162285404458736e-03 2.646285149308679526e-03 3.159586643710652742e-03
3.632745703790618390e-03 3.181227176173331578e-03 2.620943450372798227e-03 3.145026234560571905e-03 4.117105015609997046e-03 3.181637440230692792e-03 2.993402347473030425e-03 2.723880055684173990e-03 2.659124283516385839e-03 3.111775086028614572e-03
3.779802758569979042e-03 3.068796141713066132e-03 2.702211386724068937e-03 3.158586211515292813e-03 3.314090985008122381e-03 3.163306966508874947e-03 3.201211794635806188e-03 3.528582097642016160e-03 2.649199767830525808e-03 3.103337730203739771e-03
3.249894165861734203e-03 3.072846515301092766e-03 2.596287258372873084e-03 3.130449686552870970e-03 3.343187841657481191e-03 3.106680904573188608e-03 2.985928561630109713e-03 2.907936269623193851e-03 2.654707346247689014e-03 3.104046980542436805e-03
3.030767552717018171e-03 3.051248951575078611e-03 2.601225599070892697e-03 3.229325067705156056e-03 3.326829930996732295e-03 3.171947926608932426e-03 2.987143823731476956e-03 2.798783156265859193e-03 2.636791587520094515e-03 3.099040774017858008e-03
3.825611179167246172e-03 3.064741199119266814e-03 2.605680867820527220e-03 3.161656920314782817e-03 4.205083115317389403e-03 3.132958815069060345e-03 2.968867727953026885e-03 3.174094285053288399e-03 2.632133262397098449e-03 3.156498439356362259e-03
3.127942925386463513e-03 3.101669961513280928e-03 2.628568650668018560e-03 3.147230756516601526e-03 3.441317495626066390e-03 3.098240491087804471e-03 3.104543011569088542e-03 2.750643727250335572e-03 2.634108636707117174e-03 3.158561023348819673e-03
3.797004365892885959e-03 3.042207107894478405e-03 2.609219093517178671e-03 3.052893858346486002e-03 3.456082464070476569e-03 3.100980505636527149e-03 3.271535006722591996e-03 3.309436489723710604e-03 2.630464091121204225e-03 3.089160556085482866e-03
3.060141596646623330e-03 3.062065392548482968e-03 2.580767244564339136e-03 3.076900348478048535e-03 3.253371730149430194e-03 3.077521847370732339e-03 2.997891130130273234e-03 2.913245324461576167e-03 2.626394227750264605e-03 3.082320603970638197e-03
3.260112340412600791e-03 3.040300835001865948e-03 2.595356384116400197e-03 3.036057215948320849e-03 3.218998525927360948e-03 3.158656883091858023e-03 2.963222153997555324e-03 2.697968017143791836e-03 2.660136384560598220e-03 3.087472398679446187e-03
2.955352461419992558e-03 3.048376087697065966e-03 2.595390960683144951e-03 3.180852561259991679e-03 3.396081413864524695e-03 3.088978380040900695e-03 2.956873539305667452e-03 2.968422902970355246e-03 2.608963040442898763e-03 3.124107820452468216e-03
2.961133837555419025e-03 3.022984426276470547e-03 2.580366914670162697e-03 3.032375616309139054e-03 3.654808792910960256e-03 3.107635352568668789e-03 2.960922394382066881e-03 2.726339216696141432e-03 2.623530847198345117e-03 3.135390669188993767e-03
3.394926600658220578e-03 3.021542788846111587e-03 2.578767189073407143e-03 3.075408339975176878e-03 3.278030685938356382e-03 3.089120770190288603e-03 2.945040083484919829e-03 3.881136129613551537e-03 2.621320632812826779e-03 3.073823233402512428e-03
3.370983498226594235e-03 3.075154545027540976e-03 2.729651299434922209e-03 3.405648444351200201e-03 3.370781291032748025e-03 3.093426739224576765e-03 2.946046203191439710e-03 2.827003020964593584e-03 2.657186715642879341e-03 3.127357536025318196e-03
3.108767486180258072e-03 3.051808147275571984e-03 2.646749219602512714e-03 3.270913341716511283e-03 3.449823184272901057e-03 3.076286080736612399e-03 3.066201774594275176e-03 2.724816005937462024e-03 2.629446409825348697e-03 3.067433857533880329e-03
2.892032418566481064e-03 3.010836593624101939e-03 2.566747035524287370e-03 3.047077392274830706e-03 3.223436144111603823e-03 3.078784957470805540e-03 3.040641216203267272e-03 2.839886322938103141e-03 2.623340112228789243e-03 3.212895564969698962e-03
3.022539179663439809e-03 3.026838524670893982e-03 2.574180712989430648e-03 3.104699674940504788e-03 3.222001893169137987e-03 3.066658159021019327e-03 3.052981127592105902e-03 2.844755018610324246e-03 2.637810046042227304e-03 3.059656335715864404e-03
4.465913259684328035e-03 3.082059074615200577e-03 2.560417934587428442e-03 3.031705131566293440e-03 3.252778007795805240e-03 3.072403558937968418e-03 2.972641708236620217e-03 3.058039627438910966e-03 2.598592978743892619e-03 3.110861288596895868e-03
3.110260841483333209e-03 2.999141016623416058e-03 2.588043566371394603e-03 3.020773366500201316e-03 3.375148802135487496e-03 3.089211520996496506e-03 2.942318045917144409e-03 2.790489552114801958e-03 2.599440994408443780e-03 3.051983908287730050e-03
2.942373754815307777e-03 3.044322699510244347e-03 2.597647627377368176e-03 3.047083385984858134e-03 3.194652681887721717e-03 3.061505481014797393e-03 2.957720098501479596e-03 2.927379846087395376e-03 2.590887478621065575e-03 3.061154055565665309e-03
3.223740888237520974e-03 2.996287847056600898e-03 2.653918041791347628e-03 3.038678761514552323e-03 3.201641428633971494e-03 3.090427313427480342e-03 2.912861168636805571e-03 2.718618801664180254e-03 2.599100364698835389e-03 3.036956775850276329e-03
3.965218728474913593e-03 3.239656335636645693e-03 2.572919976664620606e-03 3.061722702833460062e-03 3.274953633207809689e-03 3.037290659984305270e-03 2.927655926208473126e-03 2.755139431796282956e-03 2.641221037267611760e-03 3.060520740631455204e-03
3.019959667764705088e-03 2.993872764670618344e-03 2.568271814325312052e-03 3.040040085982369158e-03 3.878401207210408624e-03 3.027153970128332577e-03 2.903447261714677680e-03 3.029789317920528191e-03 2.617770711547195463e-03 3.042487638060425211e-03
3.496015945128250722e-03 2.999684817607513234e-03 2.561888949326959503e-03 3.048211694294548826e-03 3.407032277980565158e-03 3.054038051226363234e-03 3.475391479701525448e-03 3.997493609702119054e-03 2.613629364680913631e-03 3.045431218056337663e-03
3.296986127911175589e-03 2.969062224475587167e-03 2.576537553674878352e-03 3.011468470251953047e-03 3.247937599004324660e-03 3.098644045792292058e-03 2.934311036981128006e-03 3.213959106314333378e-03 2.655883224922489863e-03 3.029877721433908537e-03
2.920342468062698659e-03 2.970922744878999166e-03 2.562738458798093002e-03 3.302619684202393220e-03 3.246962229062812927e-03 3.066600602304193554e-03 2.906880905305362500e-03 2.795545360702176435e-03 2.609592768570033992e-03 3.023026738074788191e-03
2.833416097730097078e-03 2.987347120977921697e-03 2.598117856967937199e-03 3.007345303692459879e-03 3.178845815894091025e-03 3.010567740247274519e-03 2.918085694403071452e-03 2.689641021390771960e-03 2.590940543556775454e-03 3.035902016869487189e-03
3.032488789986059492e-03 2.972048797365765133e-03 2.558272549313289190e-03 3.244173558744559236e-03 3.119129064735015524e-03 3.021831848558341211e-03 2.933434958148218707e-03 2.864815319402318119e-03 2.574461918071490468e-03 3.017515120185249033e-03
3.578269200100048317e-03 2.994523324361924709e-03 2.569848682613594133e-03 3.131394196865101495e-03 3.602505996657547060e-03 3.101416254348085197e-03 3.129881410775636318e-03 2.681451610878850603e-03 2.636768039717861650e-03 3.084422635138284272e-03
4.035587289902531870e-03 2.968783044202470255e-03 2.568162399019966510e-03 3.225578150372318108e-03 3.172118642514097728e-03 3.003157559218395771e-03 2.943892649137090471e-03 2.695074187076545655e-03 2.572421148489842033e-03 3.040657474858610328e-03
2.955309995678151620e-03 2.984845747014538628e-03 2.585301986107091301e-03 3.012078657860568602e-03 3.330678290950256186e-03 3.025732175640451563e-03 3.130539026790075258e-03 2.713086718388506638e-03 2.571419294934093776e-03 3.008140286920286000e-03
5.620851850089773373e-03 2.957668456374565845e-03 2.552558384762812667e-03 3.157636030635342043e-03 3.414661179232371391e-03 3.040782279654532724e-03 3.032682303322804026e-03 2.683974019705225728e-03 2.575485626449221677e-03 3.061790018583910450e-03
2.976699710229855148e-03 3.108762531415624336e-03 2.602424377556946528e-03 3.046661113682260207e-03 3.304354762966380411e-03 3.002162711310749511e-03 2.885179707127578583e-03 2.680274881633779287e-03 2.560400816873213171e-03 2.998517414109999352e-03
2.920706772814374037e-03 3.034751317067340727e-03 2.550495753773116252e-03 3.275250733348242758e-03 3.590576567730811419e-03 3.014383755091238487e-03 2.895825815436331614e-03 3.262264367049307577e-03 2.551519125908522246e-03 3.024537927492934337e-03
2.833519762484934187e-03 2.947299274935504063e-03 2.566627660816428631e-03 2.999803769315047969e-03 3.535729009548858708e-03 3.014597693737735163e-03 2.991771574905222660e-03 2.777444002630863849e-03 2.544375077553594384e-03 2.993040773424578919e-03
2.835016329426734687e-03 2.965693007297332158e-03 2.528705626467891900e-03 3.039805177174414053e-03 3.087099483620425223e-03 3.005106714911724881e-03 2.880743946770047623e-03 2.868212061291194100e-03 2.580521536084293393e-03 2.996172978984560590e-03
5.413487405291045329e-03 2.941623849714198290e-03 2.623630300981587369e-03 3.071065994038381982e-03 3.091921369021399888e-03 2.991945964116597516e-03 2.995122913343026012e-03 2.755381651015557758e-03 2.561709747960588552e-03 2.992260117817359660e-03
3.052437370178007897e-03 2.946934410504540094e-03 2.590995148582210354e-03 3.275217978998327690e-03 3.079392090483656398e-03 2.974248602778399326e-03 2.906588875602652330e-03 2.898103818360822214e-03 2.575113106960210188e-03 2.990487165157352210e-03
2.772915162535785974e-03 2.964942722165860457e-03 2.559944050491685680e-03 3.012177032457776047e-03 3.568227007731336609e-03 2.994466613964852364e-03 2.990959931791862918e-03 3.395157753979110692e-03 2.541557409313652694e-03 3.005719442912911221e-03
2.922156562491855149e-03 2.963701543942036387e-03 2.563829512190584324e-03 3.300680098041930324e-03 3.536225102247256280e-03 2.987149845820089456e-03 2.868720528732649627e-03 2.674527925929708234e-03 2.551423814274410631e-03 2.995126975973567886e-03
2.809014520001875195e-03 2.936672195064925130e-03 2.536931862779456467e-03 3.225060981694132748e-03 3.183779170248006961e-03 2.999333384264817309e-03 2.913558378545583888e-03 2.735938110170410813e-03 2.559531272522269380e-03 2.975907630475067411e-03
3.485243438023445054e-03 2.938565060929553257e-03 2.548172055675090864e-03 3.047511580699508588e-03 3.624794480313148388e-03 3.015901997438855987e-03 2.895376221407085227e-03 2.694405005615160224e-03 2.567879734969444154e-03 2.973294850088953681e-03
4.749106937371875767e-03 2.927918817744578923e-03 2.552081709703023227e-03 2.998744152201894119e-03 3.177140120684141672e-03 3.011515854908994490e-03 2.840071988027574254e-03 2.689512983059233649e-03 2.566884694220125575e-03 2.980285093400244188e-03
4.431283180355384543e-03 2.944070662147244173e-03 2.557199124532434295e-03 3.010620190662768869e-03 3.203744182713618230e-03 2.967742576862747450e-03 2.858857904018351302e-03 2.722797524135047321e-03 2.547607959220314199e-03 2.990652323291107754e-03
2.937318160473662097e-03 2.921728539984683876e-03 2.585174946083213052e-03 3.053671658665223915e-03 3.065125722356020193e-03 2.966671789930013479e-03 2.962220036069874302e-03 2.708113279379977759e-03 2.570166012778910339e-03 2.968627297309948954e-03
2.820520388364488977e-03 3.045020315377197726e-03 2.562407771197615369e-03 3.038581988032311183e-03 3.094377504637463045e-03 2.992386954486679889e-03 2.872509079759570996e-03 3.167261521676660412e-03 2.560476876383961826e-03 2.969032676188993174e-03
3.623843530692428660e-03 2.939830011733168737e-03 2.525719864011241947e-03 3.000243831052881987e-03 3.055717676086455378e-03 2.980380236399221301e-03 2.869020445202368364e-03 2.981019084983801797e-03 2.547506497255686009e-03 2.973613234128628761e-03
2.795493329972098279e-03 2.954904915639305213e-03 2.597935784616877981e-03 3.047342349268320188e-03 3.118445567570337588e-03 2.960244402816496201e-03 2.953040671662343023e-03 2.770455123462992660e-03 2.659316708520497157e-03 2.958395561671701285e-03
