2.541806523343990293e-02 2.593213069608621413e-02 4.723541273090550024e-02 5.336941220025780835e-02 2.430466154868588316e-02 3.569506872351130289e-02 3.872400541420184528e-02 1.897410368301486600e-02 4.796427090309503261e-02 2.712397312748986156e-02
1.615054270525437263e-02 1.951507589251198077e-02 2.783421504734057486e-02 1.740342759731023856e-02 1.746110324143294867e-02 1.859088213118272395e-02 1.855626005629593817e-02 1.140430835592788628e-02 3.701916452470485619e-02 1.990939201049125515e-02
1.028819619274358443e-02 1.574250011263488361e-02 2.214632968083724354e-02 1.021098812934848055e-02 1.405471503238303263e-02 1.098472719677930434e-02 1.126322606711886547e-02 8.276477711420511876e-03 2.516146615424061025e-02 1.629891912860189501e-02
7.389394494345041982e-03 1.327493919896011176e-02 1.832585735250231995e-02 8.286396884510056904e-03 1.210219766872211444e-02 8.489876587388731771e-03 7.795978869241884483e-03 6.748828103782059454e-03 1.975065012009973378e-02 1.385005952230615803e-02
6.051483775245780627e-03 1.099780819551490416e-02 1.523086293577828251e-02 7.018186203934468313e-03 1.033980163700902802e-02 7.646888705505065949e-03 5.897481133633085057e-03 5.960155064761544184e-03 1.319998798671857300e-02 1.186776874365397250e-02
5.268404858740752088e-03 9.109512448690378419e-03 1.317247872834369227e-02 5.739266109335283694e-03 9.081701713685431249e-03 6.447355417410931440e-03 5.130351405599064760e-03 5.384129262663073234e-03 1.161272765503883544e-02 1.014827907201844813e-02
4.847529679068447034e-03 7.403836286392568959e-03 1.106114177596980060e-02 5.511363215436274748e-03 8.172863695102608114e-03 5.869621727948614795e-03 4.709042220890304400e-03 5.166554222468373002e-03 1.637103894391262263e-02 8.841488687233417521e-03
4.492944497657294298e-03 7.417211031678553820e-03 9.610473200192971160e-03 4.828415355541234438e-03 7.302100211127406960e-03 5.465154082860068478e-03 4.659042136078413686e-03 4.680309572869631625e-03 6.865457489009144966e-03 8.290076072939528071e-03
4.459982297058850964e-03 6.548051411960582879e-03 8.322001743988598904e-03 4.241295872965099474e-03 6.825787978830165185e-03 5.120506928419909023e-03 4.054365034755710341e-03 4.483893064358845590e-03 5.227581360764948538e-03 6.930482233067361379e-03
4.157949479533922313e-03 4.503548091486817700e-03 7.020435736870017478e-03 4.179539586435867225e-03 6.600657413947190119e-03 4.953885812714614242e-03 3.835592224876778304e-03 4.309774533228724787e-03 1.245782605289926306e-02 5.965604098969076209e-03
4.038609870763417396e-03 4.497410738904759724e-03 6.342595246371064525e-03 8.259766243983215558e-03 5.799662728360552993e-03 4.582706087597452488e-03 4.107492116166166878e-03 4.203512991755734354e-03 4.802555036073504445e-03 5.329444496274496346e-03
3.875094574215908264e-03 4.673366354357131290e-03 5.340982056511669671e-03 4.161334524008856312e-03 5.572769209360872375e-03 4.417805796971929766e-03 3.623871852982781493e-03 4.082972729951660565e-03 3.972607213461166673e-03 5.166485559739522268e-03
3.817897647164563910e-03 4.250889125689108310e-03 5.565223097605151610e-03 3.681616737737565884e-03 5.207328908016584448e-03 4.264698121375773941e-03 3.637306850771952760e-03 4.009001070404776511e-03 4.041395664183445799e-03 4.717302715286497174e-03
3.724965194722682209e-03 4.149500631280191726e-03 4.422504165971440429e-03 3.790897428622358196e-03 5.099833104793977979e-03 4.159623526056042790e-03 3.472131104143076803e-03 3.924537004995798557e-03 3.660584160898807879e-03 4.269599850945553395e-03
3.672936533858834219e-03 4.073948227029681492e-03 4.123393389835417790e-03 3.781426097071352750e-03 4.825333649187388101e-03 4.046661883881865276e-03 3.407424370157583881e-03 3.875794236512507610e-03 3.463103726242408587e-03 4.143578869376688886e-03
3.678844629089753938e-03 3.894234116397588073e-03 4.460588462088422787e-03 3.661720520072000041e-03 4.735390719469279204e-03 4.018460708493321910e-03 4.084704441089749560e-03 3.837800925199016944e-03 3.448655053382476514e-03 3.909683142971889271e-03
3.581053478358158047e-03 4.157235389401039635e-03 4.100980654078586161e-03 3.457866652531947724e-03 4.340685529210197742e-03 3.910470482148147020e-03 3.172527186974741318e-03 3.779467125533333624e-03 3.479763090495771767e-03 3.861828200082038053e-03
3.540955653083770801e-03 5.549034805902424219e-03 3.876826674028358618e-03 4.478994934073265814e-03 4.379826703892989760e-03 3.818306925106302804e-03 3.160442776668148917e-03 3.718454618935868646e-03 3.396679388063989034e-03 4.178398629826836352e-03
3.512367120791930458e-03 3.768993810197045300e-03 4.482747308404392769e-03 3.485893858577992881e-03 4.320821439954640290e-03 3.800695341689531038e-03 3.175507642014520696e-03 3.703695976453502594e-03 3.360708093982242139e-03 3.512517948852019681e-03
3.478522669240997206e-03 4.783822706668518047e-03 4.351810661544585832e-03 3.407063227619728293e-03 4.139589619581413027e-03 3.773018134904142489e-03 3.037991501994310138e-03 3.676896504519464211e-03 3.612100959337808444e-03 3.506273106915279002e-03
3.479322312782016403e-03 3.673417170979995355e-03 3.442223285910531692e-03 3.303457680507532364e-03 4.236087545435363901e-03 3.804478469795367131e-03 2.928412562603218382e-03 3.630465921256689245e-03 3.616600087544111046e-03 3.371054837465523209e-03
3.459891778644304944e-03 3.715682799487157999e-03 3.336405714765293146e-03 4.109814803747093015e-03 6.046017057259463548e-03 3.656420067259112845e-03 3.472989802771473972e-03 3.606620822655573055e-03 3.575614875289571688e-03 3.374083178182000781e-03
3.446203768299846600e-03 3.499705727282901094e-03 3.467818964373734197e-03 3.302303334373432511e-03 3.936825952268511140e-03 3.706824139355977769e-03 3.287630098330184859e-03 3.597979071440229014e-03 3.351513210777670466e-03 3.950550521013952189e-03
3.498914932131607248e-03 3.635422361944444167e-03 3.262910055869647826e-03 3.167333077407101169e-03 3.966723678605635350e-03 3.648507641386048491e-03 3.480623362949399231e-03 3.579674389572204494e-03 3.163975294951551758e-03 3.232178907059925048e-03
3.426645010626669548e-03 3.657399571735327898e-03 3.181974699252347605e-03 3.403355742556036893e-03 4.447977191749327881e-03 3.583611276485631266e-03 2.873381548834339026e-03 3.566784519079721407e-03 3.069084839574547172e-03 3.340027845001029838e-03
3.370249323263904001e-03 4.081945618057135003e-03 3.173577321259859335e-03 3.569551390164584469e-03 3.711180172741986201e-03 3.641257140989203125e-03 2.761401152583538385e-03 3.572577747499991550e-03 3.030258817611725802e-03 3.169317507558029080e-03
3.388342722392544137e-03 3.524224038066389297e-03 3.192787721224015721e-03 3.029611068251108954e-03 3.492943233152925875e-03 3.566039616677749678e-03 2.817496542182812164e-03 3.564629895809659239e-03 3.093861219478619574e-03 3.207749515118556508e-03
3.364525205382716631e-03 4.008995220707590665e-03 3.082188726985402027e-03 3.036427872262201233e-03 3.561545233787092712e-03 3.563203909522544548e-03 2.731657717299976543e-03 3.493827928633179165e-03 3.213358301451439691e-03 3.096531660966021955e-03
3.343781578269042123e-03 3.422168330121505390e-03 3.210684041145405766e-03 2.972066870162253221e-03 3.531525509908466347e-03 3.529620456611610307e-03 2.709574047394219809e-03 3.502837124920559105e-03 2.995808146008451401e-03 3.082926471197115770e-03
3.340048937757124532e-03 3.143187299123698444e-03 3.065162561207565844e-03 3.322400009264428293e-03 3.721653711060123222e-03 3.499395748524882898e-03 2.641524405378541628e-03 3.531854378460499554e-03 2.951557079805593176e-03 3.090147316459569606e-03
